0;0;0;287;0;333
1;0;0;287;0;333
2;0;0;287;0;333
3;0;0;287;0;333
4;0;0;287;0;333
5;0;0;287;0;333
6;0;0;287;0;333
7;0;0;287;0;333
8;0;0;287;0;333
9;0;0;287;0;333
10;0;0;287;0;333
11;0;0;287;0;333
12;0;0;287;0;333
13;0;0;287;0;333
14;0;0;287;0;333
15;0;0;287;0;333
16;0;0;287;0;333
17;0;0;287;0;333
18;0;0;287;0;333
19;0;0;287;0;333
20;0;0;287;0;333
21;0;0;287;0;333
22;0;0;287;0;333
23;0;0;287;0;333
24;0;0;287;0;333
25;0;0;287;0;333
26;0;0;287;0;333
27;0;0;287;0;333
28;0;0;287;0;333
29;0;0;287;0;333
0;1;0;287;0;333
1;1;0;287;0;333
2;1;0;287;0;333
3;1;0;287;0;333
4;1;0;287;0;333
5;1;0;287;0;333
6;1;0;287;0;333
7;1;0;287;0;333
8;1;0;287;0;333
9;1;0;287;0;333
10;1;0;287;0;333
11;1;0;287;0;333
12;1;0;287;0;333
13;1;0;287;0;333
14;1;0;287;0;333
15;1;0;287;0;333
16;1;0;287;0;333
17;1;0;287;0;333
18;1;0;287;0;333
19;1;0;287;0;333
20;1;0;287;0;333
21;1;0;287;0;333
22;1;0;287;0;333
23;1;0;287;0;333
24;1;0;287;0;333
25;1;0;287;0;333
26;1;0;287;0;333
27;1;0;287;0;333
28;1;0;287;0;333
29;1;0;287;0;333
0;2;0;287;0;333
1;2;0;287;0;333
2;2;0;287;0;333
3;2;0;287;0;333
4;2;0;287;0;333
5;2;0;287;0;333
6;2;0;287;0;333
7;2;0;287;0;333
8;2;0;287;0;333
9;2;0;622;0;333
10;2;0;622;0;333
11;2;0;622;0;333
12;2;0;622;0;333
13;2;0;622;0;333
14;2;0;622;0;333
15;2;0;622;0;333
16;2;0;622;0;333
16;2;0;287;0;333
17;2;0;622;0;333
17;2;0;287;0;333
17;2;0;630;0;333
18;2;0;630;0;333
18;2;0;287;0;333
19;2;0;287;0;333
20;2;0;287;0;333
21;2;0;287;0;333
22;2;0;287;0;333
23;2;0;287;0;333
24;2;0;287;0;333
25;2;0;287;0;333
26;2;0;287;0;333
27;2;0;287;0;333
28;2;0;287;0;333
29;2;0;287;0;333
0;3;0;287;0;333
1;3;0;287;0;333
2;3;0;287;0;333
3;3;0;287;0;333
4;3;0;287;0;333
5;3;0;287;0;333
6;3;0;287;0;333
7;3;0;287;0;333
8;3;0;287;0;333
11;3;0;628;0;333
12;3;0;1273;0;333
13;3;0;914;0;333
15;3;0;628;0;333
16;3;0;630;0;333
17;3;0;287;0;333
17;3;0;623;0;333
18;3;0;623;0;333
19;3;0;287;0;333
20;3;0;287;0;333
21;3;0;287;0;333
22;3;0;287;0;333
23;3;0;287;0;333
24;3;0;287;0;333
25;3;0;287;0;333
26;3;0;287;0;333
27;3;0;287;0;333
28;3;0;287;0;333
29;3;0;287;0;333
0;4;0;287;0;333
1;4;0;287;0;333
2;4;0;287;0;333
3;4;0;287;0;333
4;4;0;287;0;333
5;4;0;287;0;333
6;4;0;622;0;333
7;4;0;914;0;333
8;4;0;622;0;333
9;4;0;914;0;333
10;4;0;915;0;333
11;4;0;1273;0;333
14;4;0;233;0;333
16;4;0;623;0;333
17;4;0;287;0;333
17;4;0;287;0;333
17;4;0;623;0;333
18;4;0;629;0;333
19;4;0;622;0;333
20;4;0;622;0;333
21;4;0;622;0;333
22;4;0;630;0;333
23;4;0;287;0;333
24;4;0;287;0;333
25;4;0;287;0;333
26;4;0;287;0;333
27;4;0;287;0;333
28;4;0;287;0;333
29;4;0;287;0;333
0;5;0;287;0;333
1;5;0;287;0;333
2;5;0;287;0;333
3;5;0;287;0;333
4;5;0;287;0;333
5;5;0;622;0;333
12;5;0;233;0;333
15;5;0;915;0;333
16;5;0;623;0;333
17;5;0;287;0;333
20;5;0;628;0;333
21;5;0;232;0;333
22;5;0;626;0;333
23;5;0;630;0;333
24;5;0;287;0;333
25;5;0;287;0;333
26;5;0;287;0;333
27;5;0;287;0;333
28;5;0;287;0;333
29;5;0;287;0;333
0;6;0;287;0;333
1;6;0;287;0;333
2;6;0;287;0;333
3;6;0;287;0;333
4;6;0;622;0;333
14;6;0;233;0;333
15;6;0;1273;0;333
16;6;0;623;0;333
17;6;0;287;0;333
21;6;0;915;0;333
22;6;0;233;0;333
23;6;0;626;0;333
24;6;0;630;0;333
25;6;0;287;0;333
26;6;0;287;0;333
27;6;0;287;0;333
28;6;0;287;0;333
29;6;0;287;0;333
0;7;0;287;0;333
1;7;0;287;0;333
2;7;0;287;0;333
3;7;0;287;0;333
9;7;0;233;0;333
16;7;0;629;0;333
17;7;0;287;0;333
23;7;0;233;0;333
24;7;0;626;0;333
25;7;0;630;0;333
26;7;0;287;0;333
27;7;0;287;0;333
28;7;0;287;0;333
29;7;0;287;0;333
0;8;0;287;0;333
1;8;0;287;0;333
2;8;0;287;0;333
3;8;0;622;0;333
10;8;0;1265;0;333
13;8;0;233;0;333
15;8;0;915;0;333
16;8;0;1273;0;333
17;8;0;287;0;333
22;8;0;914;0;333
24;8;0;914;0;333
25;8;0;626;0;333
26;8;0;630;0;333
27;8;0;287;0;333
28;8;0;287;0;333
29;8;0;287;0;333
0;9;0;287;0;333
1;9;0;287;0;333
2;9;0;599;0;333
17;9;0;287;0;333
25;9;0;915;0;333
26;9;0;626;0;333
27;9;0;630;0;333
28;9;0;287;0;333
29;9;0;287;0;333
0;10;0;287;0;333
1;10;0;287;0;333
2;10;0;622;0;333
13;10;0;233;0;333
17;10;0;287;0;333
27;10;0;623;0;333
28;10;0;287;0;333
29;10;0;287;0;333
0;11;0;287;0;333
1;11;0;287;0;333
12;11;0;2937;0;333
13;11;0;1251;0;333
14;11;0;287;0;333
15;11;0;287;0;333
16;11;0;287;0;333
17;11;0;287;0;333
17;11;0;287;0;333
18;11;0;287;0;333
26;11;0;1254;0;333
27;11;0;623;0;333
28;11;0;287;0;333
29;11;0;287;0;333
0;12;0;287;0;333
1;12;0;622;0;333
7;12;0;1265;0;333
7;12;0;1254;0;333
13;12;0;287;0;333
14;12;0;287;0;333
15;12;0;287;0;333
16;12;0;287;0;333
17;12;0;287;0;333
17;12;0;287;0;333
18;12;0;287;0;333
19;12;0;287;0;333
20;12;0;287;0;333
27;12;0;623;0;333
28;12;0;287;0;333
29;12;0;287;0;333
0;13;0;287;0;333
1;13;0;1254;0;333
12;13;0;287;0;333
13;13;0;287;0;333
14;13;0;287;0;333
15;13;0;287;0;333
16;13;0;287;0;333
17;13;0;287;0;333
18;13;0;287;0;333
19;13;0;287;0;333
20;13;0;287;0;333
21;13;0;287;0;333
26;13;0;914;0;333
27;13;0;623;0;333
28;13;0;287;0;333
29;13;0;287;0;333
0;14;0;622;0;333
1;14;0;1254;0;333
9;14;0;232;0;333
10;14;0;287;0;333
11;14;0;287;0;333
12;14;0;287;0;333
13;14;0;287;0;333
14;14;0;287;0;333
15;14;0;287;0;333
16;14;0;287;0;333
17;14;0;1246;0;333
18;14;0;1273;0;333
19;14;0;1273;0;333
20;14;0;623;0;333
21;14;0;287;0;333
26;14;0;627;0;333
27;14;0;623;0;333
28;14;0;287;0;333
29;14;0;287;0;333
9;15;0;232;0;333
10;15;0;287;0;333
11;15;0;287;0;333
12;15;0;287;0;333
13;15;0;287;0;333
14;15;0;287;0;333
15;15;0;287;0;333
16;15;0;1246;0;333
19;15;0;915;0;333
20;15;0;627;0;333
20;15;0;623;0;333
21;15;0;287;0;333
26;15;0;1273;0;333
27;15;0;623;0;333
28;15;0;287;0;333
29;15;0;287;0;333
9;16;0;287;0;333
10;16;0;287;0;333
11;16;0;287;0;333
12;16;0;287;0;333
13;16;0;287;0;333
14;16;0;1246;0;333
15;16;0;1246;0;333
20;16;0;626;0;333
20;16;0;629;0;333
21;16;0;622;0;333
22;16;0;628;0;333
24;16;0;1266;0;333
27;16;0;629;0;333
28;16;0;630;0;333
29;16;0;287;0;333
8;17;0;232;0;333
9;17;0;287;0;333
10;17;0;287;0;333
11;17;0;287;0;333
16;17;0;914;0;333
18;17;0;1272;0;333
28;17;0;623;0;333
29;17;0;287;0;333
1;18;0;914;0;333
7;18;0;596;0;333
8;18;0;287;0;333
9;18;0;287;0;333
10;18;0;287;0;333
11;18;0;287;0;333
27;18;0;627;0;333
28;18;0;623;0;333
29;18;0;287;0;333
1;19;0;914;0;333
2;19;0;914;0;333
8;19;0;1254;0;333
9;19;0;630;0;333
10;19;0;287;0;333
24;19;0;1251;0;333
28;19;0;623;0;333
29;19;0;287;0;333
0;20;0;627;0;333
9;20;0;626;0;333
9;20;0;629;0;333
10;20;0;287;0;333
26;20;0;915;0;333
27;20;0;233;0;333
28;20;0;623;0;333
29;20;0;287;0;333
0;21;0;287;0;333
9;21;0;914;0;333
10;21;0;287;0;333
11;21;0;287;0;333
19;21;0;233;0;333
20;21;0;623;0;333
21;21;0;287;0;333
28;21;0;623;0;333
29;21;0;287;0;333
0;22;0;287;0;333
1;22;0;287;0;333
10;22;0;630;0;333
11;22;0;287;0;333
12;22;0;287;0;333
13;22;0;287;0;333
14;22;0;287;0;333
15;22;0;628;0;333
15;22;0;287;0;333
19;22;0;233;0;333
20;22;0;623;0;333
21;22;0;287;0;333
27;22;0;627;0;333
28;22;0;623;0;333
29;22;0;287;0;333
0;23;0;287;0;333
1;23;0;287;0;333
2;23;0;287;0;333
3;23;0;287;0;333
10;23;0;914;0;333
10;23;0;629;0;333
11;23;0;630;0;333
12;23;0;287;0;333
13;23;0;287;0;333
14;23;0;287;0;333
14;23;0;287;0;333
14;23;0;287;0;333
14;23;0;287;0;333
14;23;0;287;0;333
15;23;0;628;0;333
15;23;0;287;0;333
16;23;0;628;0;333
16;23;0;628;0;333
19;23;0;623;0;333
20;23;0;287;0;333
21;23;0;287;0;333
26;23;0;627;0;333
27;23;0;623;0;333
28;23;0;287;0;333
29;23;0;287;0;333
0;24;0;287;0;333
1;24;0;287;0;333
2;24;0;287;0;333
3;24;0;287;0;333
4;24;0;287;0;333
11;24;0;629;0;333
12;24;0;914;0;333
12;24;0;622;0;333
13;24;0;622;0;333
14;24;0;233;0;333
14;24;0;622;0;333
15;24;0;622;0;333
16;24;0;628;0;333
19;24;0;623;0;333
20;24;0;287;0;333
21;24;0;287;0;333
26;24;0;1251;0;333
27;24;0;623;0;333
28;24;0;287;0;333
29;24;0;287;0;333
0;25;0;287;0;333
1;25;0;287;0;333
1;25;0;903;0;333
2;25;0;287;0;333
3;25;0;287;0;333
14;25;0;628;0;333
19;25;0;623;0;333
20;25;0;287;0;333
21;25;0;287;0;333
27;25;0;623;0;333
28;25;0;287;0;333
29;25;0;287;0;333
0;26;0;287;0;333
1;26;0;287;0;333
2;26;0;287;0;333
3;26;0;287;0;333
18;26;0;1251;0;333
19;26;0;623;0;333
20;26;0;287;0;333
21;26;0;287;0;333
26;26;0;627;0;333
27;26;0;623;0;333
28;26;0;287;0;333
29;26;0;287;0;333
0;27;0;287;0;333
1;27;0;287;0;333
2;27;0;287;0;333
3;27;0;287;0;333
4;27;0;287;0;333
16;27;0;1273;0;333
17;27;0;627;0;333
18;27;0;627;0;333
19;27;0;623;0;333
20;27;0;287;0;333
21;27;0;287;0;333
27;27;0;623;0;333
28;27;0;287;0;333
29;27;0;287;0;333
0;28;0;287;0;333
1;28;0;287;0;333
2;28;0;287;0;333
3;28;0;287;0;333
4;28;0;287;0;333
5;28;0;287;0;333
6;28;0;287;0;333
7;28;0;287;0;333
12;28;0;1273;0;333
16;28;0;1273;0;333
17;28;0;623;0;333
18;28;0;287;0;333
19;28;0;287;0;333
20;28;0;287;0;333
21;28;0;287;0;333
23;28;0;914;0;333
25;28;0;28;0;333
27;28;0;623;0;333
28;28;0;287;0;333
29;28;0;287;0;333
0;29;0;287;0;333
1;29;0;287;0;333
2;29;0;287;0;333
3;29;0;287;0;333
4;29;0;287;0;333
5;29;0;287;0;333
6;29;0;287;0;333
7;29;0;287;0;333
8;29;0;287;0;333
9;29;0;287;0;333
17;29;0;629;0;333
18;29;0;622;0;333
19;29;0;622;0;333
20;29;0;622;0;333
21;29;0;622;0;333
27;29;0;623;0;333
28;29;0;287;0;333
29;29;0;287;0;333
