24;1;0;627;0;333
24;2;0;623;0;333
25;2;0;630;0;333
26;2;0;629;0;333
27;2;0;628;0;333
24;3;0;623;0;333
25;3;0;629;0;333
26;3;0;628;0;333
24;4;0;629;0;333
25;4;0;628;0;333
26;4;0;627;0;333
27;4;0;626;0;333
22;5;0;627;0;333
23;5;0;626;0;333
26;5;0;629;0;333
27;5;0;628;0;333
20;6;0;627;0;333
21;6;0;626;0;333
22;6;0;629;0;333
23;6;0;628;0;333
27;6;0;627;0;333
28;6;0;627;0;333
29;6;0;626;0;333
19;7;0;627;0;333
20;7;0;629;0;333
21;7;0;628;0;333
26;7;0;1783;0;333
27;7;0;629;0;333
28;7;0;629;0;333
29;7;0;628;0;333
18;8;0;627;0;333
19;8;0;629;0;333
20;8;0;628;0;333
22;8;0;1783;0;333
26;8;0;1817;0;333
28;8;0;627;0;333
29;8;0;626;0;333
17;9;0;627;0;333
18;9;0;629;0;333
19;9;0;628;0;333
27;9;0;627;0;333
28;9;0;629;0;333
29;9;0;628;0;333
16;10;0;627;0;333
17;10;0;629;0;333
18;10;0;628;0;333
22;10;0;274;0;333
24;10;0;273;0;333
25;10;0;627;0;333
27;10;0;629;0;333
28;10;0;630;0;333
29;10;0;630;0;333
30;10;0;630;0;333
31;10;0;630;0;333
10;11;0;627;0;333
11;11;0;626;0;333
16;11;0;629;0;333
17;11;0;628;0;333
24;11;0;627;0;333
25;11;0;629;0;333
26;11;0;630;0;333
27;11;0;630;0;333
28;11;0;630;0;333
29;11;0;630;0;333
30;11;0;630;0;333
31;11;0;630;0;333
4;12;0;627;0;333
6;12;0;627;0;333
7;12;0;626;0;333
8;12;0;627;0;333
9;12;0;626;0;333
10;12;0;629;0;333
11;12;0;628;0;333
12;12;0;627;0;333
13;12;0;627;0;333
14;12;0;626;0;333
16;12;0;627;0;333
17;12;0;626;0;333
24;12;0;629;0;333
25;12;0;630;0;333
26;12;0;630;0;333
27;12;0;630;0;333
28;12;0;630;0;333
29;12;0;630;0;333
30;12;0;630;0;333
31;12;0;630;0;333
3;13;0;627;0;333
4;13;0;629;0;333
6;13;0;629;0;333
7;13;0;628;0;333
8;13;0;629;0;333
9;13;0;628;0;333
10;13;0;1783;0;333
12;13;0;629;0;333
13;13;0;629;0;333
14;13;0;628;0;333
16;13;0;629;0;333
17;13;0;628;0;333
20;13;0;1273;0;333
22;13;0;627;0;333
24;13;0;623;0;333
25;13;0;630;0;333
26;13;0;630;0;333
27;13;0;630;0;333
28;13;0;630;0;333
29;13;0;630;0;333
30;13;0;630;0;333
31;13;0;630;0;333
3;14;0;629;0;333
10;14;0;1817;0;333
15;14;0;1783;0;333
22;14;0;626;0;333
23;14;0;630;0;333
24;14;0;623;0;333
25;14;0;630;0;333
26;14;0;630;0;333
27;14;0;630;0;333
28;14;0;630;0;333
29;14;0;630;0;333
30;14;0;630;0;333
31;14;0;630;0;333
3;15;0;914;0;333
4;15;0;629;0;333
5;15;0;628;0;333
6;15;0;1817;0;333
9;15;0;1278;0;333
14;15;0;914;0;333
15;15;0;1251;0;333
16;15;0;914;0;333
17;15;0;1273;0;333
18;15;0;1272;0;333
22;15;0;627;0;333
23;15;0;630;0;333
24;15;0;630;0;333
25;15;0;630;0;333
26;15;0;630;0;333
27;15;0;630;0;333
28;15;0;630;0;333
29;15;0;630;0;333
30;15;0;630;0;333
3;16;0;915;0;333
11;16;0;627;0;333
12;16;0;626;0;333
14;16;0;1276;0;333
15;16;0;1273;0;333
16;16;0;1782;0;333
20;16;0;1278;0;333
22;16;0;623;0;333
23;16;0;630;0;333
24;16;0;630;0;333
25;16;0;630;0;333
26;16;0;630;0;333
27;16;0;630;0;333
28;16;0;630;0;333
29;16;0;630;0;333
30;16;0;629;0;333
31;16;0;628;0;333
11;17;0;629;0;333
12;17;0;628;0;333
14;17;0;1273;0;333
15;17;0;914;0;333
16;17;0;1251;0;333
22;17;0;629;0;333
23;17;0;630;0;333
24;17;0;630;0;333
25;17;0;630;0;333
26;17;0;630;0;333
27;17;0;630;0;333
28;17;0;622;0;333
29;17;0;622;0;333
30;17;0;628;0;333
15;18;0;1251;0;333
20;18;0;627;0;333
22;18;0;630;0;333
23;18;0;630;0;333
24;18;0;630;0;333
25;18;0;630;0;333
26;18;0;630;0;333
27;18;0;630;0;333
20;19;0;623;0;333
21;19;0;630;0;333
22;19;0;630;0;333
23;19;0;630;0;333
24;19;0;630;0;333
25;19;0;630;0;333
26;19;0;630;0;333
27;19;0;630;0;333
82;19;0;623;0;333
83;19;0;630;0;333
84;19;0;630;0;333
85;19;0;630;0;333
86;19;0;630;0;333
87;19;0;630;0;333
88;19;0;630;0;333
89;19;0;630;0;333
90;19;0;630;0;333
16;20;0;627;0;333
17;20;0;626;0;333
20;20;0;629;0;333
21;20;0;622;0;333
22;20;0;630;0;333
23;20;0;630;0;333
24;20;0;630;0;333
25;20;0;630;0;333
26;20;0;630;0;333
27;20;0;630;0;333
76;20;0;623;0;333
77;20;0;630;0;333
78;20;0;630;0;333
79;20;0;630;0;333
82;20;0;623;0;333
83;20;0;630;0;333
84;20;0;630;0;333
85;20;0;630;0;333
86;20;0;630;0;333
87;20;0;630;0;333
88;20;0;630;0;333
89;20;0;630;0;333
90;20;0;630;0;333
91;20;0;630;0;333
92;20;0;630;0;333
93;20;0;630;0;333
16;21;0;629;0;333
17;21;0;628;0;333
21;21;0;915;0;333
22;21;0;626;0;333
23;21;0;622;0;333
24;21;0;630;0;333
25;21;0;630;0;333
26;21;0;630;0;333
27;21;0;630;0;333
28;21;0;630;0;333
29;21;0;630;0;333
76;21;0;623;0;333
77;21;0;630;0;333
78;21;0;630;0;333
79;21;0;630;0;333
81;21;0;627;0;333
82;21;0;629;0;333
83;21;0;630;0;333
84;21;0;630;0;333
85;21;0;630;0;333
86;21;0;630;0;333
87;21;0;630;0;333
88;21;0;630;0;333
89;21;0;630;0;333
90;21;0;630;0;333
91;21;0;630;0;333
92;21;0;630;0;333
93;21;0;629;0;333
14;22;0;914;0;333
15;22;0;627;0;333
16;22;0;626;0;333
18;22;0;914;0;333
21;22;0;274;0;333
24;22;0;623;0;333
25;22;0;630;0;333
26;22;0;630;0;333
27;22;0;630;0;333
28;22;0;630;0;333
29;22;0;630;0;333
30;22;0;630;0;333
31;22;0;630;0;333
74;22;0;627;0;333
75;22;0;626;0;333
76;22;0;629;0;333
77;22;0;622;0;333
78;22;0;622;0;333
79;22;0;622;0;333
81;22;0;623;0;333
82;22;0;630;0;333
83;22;0;630;0;333
84;22;0;630;0;333
85;22;0;630;0;333
86;22;0;630;0;333
87;22;0;630;0;333
88;22;0;630;0;333
89;22;0;630;0;333
90;22;0;630;0;333
91;22;0;630;0;333
92;22;0;630;0;333
93;22;0;628;0;333
15;23;0;629;0;333
16;23;0;627;0;333
17;23;0;626;0;333
18;23;0;1257;0;333
24;23;0;629;0;333
25;23;0;630;0;333
26;23;0;630;0;333
27;23;0;630;0;333
28;23;0;630;0;333
29;23;0;630;0;333
30;23;0;630;0;333
31;23;0;630;0;333
73;23;0;627;0;333
74;23;0;626;0;333
75;23;0;628;0;333
79;23;0;623;0;333
80;23;0;630;0;333
81;23;0;630;0;333
82;23;0;630;0;333
83;23;0;630;0;333
84;23;0;630;0;333
85;23;0;630;0;333
86;23;0;630;0;333
87;23;0;630;0;333
88;23;0;630;0;333
89;23;0;630;0;333
90;23;0;630;0;333
91;23;0;630;0;333
92;23;0;622;0;333
16;24;0;629;0;333
17;24;0;628;0;333
22;24;0;1257;0;333
25;24;0;626;0;333
26;24;0;622;0;333
27;24;0;630;0;333
28;24;0;630;0;333
29;24;0;630;0;333
30;24;0;630;0;333
31;24;0;630;0;333
32;24;0;630;0;333
33;24;0;630;0;333
66;24;0;627;0;333
67;24;0;629;0;333
68;24;0;630;0;333
69;24;0;630;0;333
73;24;0;629;0;333
74;24;0;628;0;333
76;24;0;274;0;333
79;24;0;626;0;333
80;24;0;630;0;333
81;24;0;630;0;333
82;24;0;630;0;333
83;24;0;630;0;333
84;24;0;630;0;333
85;24;0;630;0;333
86;24;0;630;0;333
87;24;0;622;0;333
88;24;0;622;0;333
89;24;0;622;0;333
90;24;0;622;0;333
91;24;0;622;0;333
92;24;0;628;0;333
18;25;0;274;0;333
22;25;0;1273;0;333
27;25;0;626;0;333
28;25;0;622;0;333
29;25;0;630;0;333
30;25;0;630;0;333
31;25;0;630;0;333
32;25;0;630;0;333
33;25;0;630;0;333
36;25;0;627;0;333
37;25;0;626;0;333
38;25;0;626;0;333
39;25;0;627;0;333
40;25;0;626;0;333
41;25;0;626;0;333
66;25;0;629;0;333
67;25;0;630;0;333
68;25;0;630;0;333
69;25;0;629;0;333
76;25;0;274;0;333
79;25;0;627;0;333
80;25;0;630;0;333
81;25;0;630;0;333
82;25;0;630;0;333
83;25;0;630;0;333
84;25;0;630;0;333
85;25;0;630;0;333
86;25;0;629;0;333
89;25;0;273;0;333
92;25;0;627;0;333
93;25;0;626;0;333
94;25;0;623;0;333
95;25;0;630;0;333
96;25;0;630;0;333
22;26;0;627;0;333
23;26;0;626;0;333
26;26;0;1817;0;333
27;26;0;274;0;333
29;26;0;629;0;333
30;26;0;630;0;333
31;26;0;630;0;333
32;26;0;630;0;333
33;26;0;630;0;333
34;26;0;630;0;333
35;26;0;627;0;333
36;26;0;626;0;333
37;26;0;628;0;333
38;26;0;628;0;333
39;26;0;629;0;333
40;26;0;628;0;333
41;26;0;628;0;333
42;26;0;627;0;333
43;26;0;630;0;333
44;26;0;630;0;333
65;26;0;627;0;333
66;26;0;626;0;333
67;26;0;629;0;333
68;26;0;622;0;333
69;26;0;628;0;333
71;26;0;627;0;333
72;26;0;626;0;333
78;26;0;627;0;333
79;26;0;623;0;333
80;26;0;630;0;333
81;26;0;630;0;333
82;26;0;630;0;333
83;26;0;629;0;333
84;26;0;622;0;333
85;26;0;622;0;333
86;26;0;628;0;333
92;26;0;629;0;333
93;26;0;628;0;333
94;26;0;623;0;333
95;26;0;630;0;333
96;26;0;630;0;333
22;27;0;629;0;333
23;27;0;628;0;333
30;27;0;629;0;333
31;27;0;630;0;333
32;27;0;630;0;333
33;27;0;630;0;333
34;27;0;629;0;333
35;27;0;629;0;333
36;27;0;628;0;333
37;27;0;1272;0;333
42;27;0;623;0;333
43;27;0;630;0;333
44;27;0;630;0;333
65;27;0;629;0;333
66;27;0;628;0;333
69;27;0;627;0;333
70;27;0;626;0;333
71;27;0;629;0;333
72;27;0;628;0;333
76;27;0;627;0;333
78;27;0;623;0;333
79;27;0;630;0;333
80;27;0;630;0;333
81;27;0;630;0;333
82;27;0;630;0;333
94;27;0;629;0;333
95;27;0;628;0;333
96;27;0;626;0;333
25;28;0;1257;0;333
29;28;0;1247;0;333
30;28;0;1817;0;333
31;28;0;629;0;333
32;28;0;622;0;333
33;28;0;622;0;333
34;28;0;628;0;333
36;28;0;1817;0;333
37;28;0;274;0;333
41;28;0;623;0;333
42;28;0;630;0;333
43;28;0;630;0;333
44;28;0;630;0;333
45;28;0;630;0;333
60;28;0;627;0;333
61;28;0;629;0;333
62;28;0;630;0;333
64;28;0;627;0;333
65;28;0;626;0;333
69;28;0;629;0;333
70;28;0;628;0;333
72;28;0;1817;0;333
74;28;0;627;0;333
76;28;0;623;0;333
77;28;0;630;0;333
78;28;0;630;0;333
79;28;0;630;0;333
80;28;0;630;0;333
81;28;0;630;0;333
82;28;0;630;0;333
87;28;0;627;0;333
88;28;0;629;0;333
89;28;0;630;0;333
93;28;0;627;0;333
94;28;0;626;0;333
17;29;0;627;0;333
18;29;0;626;0;333
24;29;0;2832;0;333
28;29;0;1251;0;333
29;29;0;1246;0;333
30;29;0;1246;0;333
34;29;0;1250;0;333
39;29;0;627;0;333
41;29;0;623;0;333
42;29;0;630;0;333
43;29;0;630;0;333
44;29;0;630;0;333
45;29;0;630;0;333
46;29;0;630;0;333
54;29;0;627;0;333
55;29;0;629;0;333
56;29;0;630;0;333
57;29;0;630;0;333
58;29;0;630;0;333
60;29;0;623;0;333
61;29;0;630;0;333
62;29;0;630;0;333
64;29;0;629;0;333
65;29;0;628;0;333
71;29;0;274;0;333
74;29;0;626;0;333
75;29;0;630;0;333
76;29;0;630;0;333
77;29;0;630;0;333
78;29;0;630;0;333
79;29;0;630;0;333
80;29;0;622;0;333
81;29;0;622;0;333
82;29;0;622;0;333
83;29;0;628;0;333
86;29;0;629;0;333
87;29;0;622;0;333
88;29;0;622;0;333
89;29;0;622;0;333
90;29;0;628;0;333
92;29;0;387;0;333
93;29;0;629;0;333
94;29;0;628;0;333
10;30;0;501;0;333
10;30;0;504;0;333
11;30;0;501;0;333
11;30;0;504;0;333
12;30;0;432;0;333
13;30;0;432;0;333
14;30;0;432;0;333
14;30;0;433;0;333
17;30;0;629;0;333
18;30;0;628;0;333
20;30;0;1272;0;333
22;30;0;1265;0;333
26;30;0;627;0;333
27;30;0;626;0;333
29;30;0;915;0;333
39;30;0;629;0;333
40;30;0;630;0;333
41;30;0;630;0;333
42;30;0;630;0;333
43;30;0;630;0;333
44;30;0;630;0;333
45;30;0;630;0;333
46;30;0;630;0;333
54;30;0;623;0;333
55;30;0;630;0;333
56;30;0;630;0;333
57;30;0;630;0;333
58;30;0;630;0;333
59;30;0;630;0;333
60;30;0;630;0;333
61;30;0;630;0;333
62;30;0;630;0;333
74;30;0;623;0;333
75;30;0;630;0;333
76;30;0;630;0;333
77;30;0;630;0;333
78;30;0;630;0;333
79;30;0;630;0;333
82;30;0;273;0;333
85;30;0;1817;0;333
87;30;0;1245;0;333
88;30;0;628;0;333
90;30;0;274;0;333
94;30;0;387;0;333
95;30;0;627;0;333
96;30;0;626;0;333
10;31;0;501;0;333
11;31;0;501;0;333
14;31;0;433;0;333
16;31;0;1817;0;333
17;31;0;914;0;333
22;31;0;274;0;333
24;31;0;1817;0;333
26;31;0;629;0;333
27;31;0;627;0;333
28;31;0;626;0;333
34;31;0;274;0;333
36;31;0;627;0;333
37;31;0;626;0;333
39;31;0;915;0;333
40;31;0;623;0;333
41;31;0;630;0;333
42;31;0;630;0;333
43;31;0;622;0;333
44;31;0;622;0;333
45;31;0;622;0;333
46;31;0;622;0;333
54;31;0;629;0;333
55;31;0;622;0;333
56;31;0;630;0;333
57;31;0;630;0;333
58;31;0;630;0;333
59;31;0;630;0;333
60;31;0;630;0;333
61;31;0;630;0;333
62;31;0;629;0;333
63;31;0;628;0;333
65;31;0;627;0;333
72;31;0;2832;0;333
73;31;0;627;0;333
74;31;0;623;0;333
75;31;0;630;0;333
76;31;0;630;0;333
77;31;0;630;0;333
78;31;0;622;0;333
79;31;0;622;0;333
95;31;0;629;0;333
96;31;0;628;0;333
10;32;0;501;0;333
11;32;0;501;0;333
14;32;0;433;0;333
18;32;0;1246;0;333
20;32;0;1265;0;333
27;32;0;629;0;333
28;32;0;628;0;333
30;32;0;627;0;333
31;32;0;626;0;333
36;32;0;629;0;333
37;32;0;628;0;333
40;32;0;629;0;333
41;32;0;622;0;333
42;32;0;622;0;333
54;32;0;274;0;333
56;32;0;626;0;333
57;32;0;622;0;333
58;32;0;628;0;333
59;32;0;629;0;333
60;32;0;626;0;333
61;32;0;629;0;333
62;32;0;628;0;333
65;32;0;626;0;333
66;32;0;622;0;333
67;32;0;628;0;333
67;32;0;627;0;333
73;32;0;623;0;333
74;32;0;630;0;333
75;32;0;630;0;333
76;32;0;630;0;333
77;32;0;630;0;333
78;32;0;630;0;333
85;32;0;2832;0;333
90;32;0;627;0;333
91;32;0;626;0;333
95;32;0;273;0;333
96;32;0;627;0;333
10;33;0;501;0;333
11;33;0;503;0;333
12;33;0;500;0;333
14;33;0;433;0;333
15;33;0;274;0;333
16;33;0;627;0;333
17;33;0;626;0;333
19;33;0;273;0;333
20;33;0;273;0;333
23;33;0;274;0;333
25;33;0;1257;0;333
30;33;0;629;0;333
31;33;0;628;0;333
34;33;0;627;0;333
35;33;0;626;0;333
54;33;0;274;0;333
57;33;0;628;0;333
59;33;0;1817;0;333
67;33;0;623;0;333
71;33;0;274;0;333
72;33;0;627;0;333
73;33;0;623;0;333
74;33;0;630;0;333
75;33;0;630;0;333
76;33;0;630;0;333
77;33;0;630;0;333
78;33;0;622;0;333
81;33;0;274;0;333
82;33;0;274;0;333
90;33;0;629;0;333
91;33;0;628;0;333
94;33;0;1251;0;333
95;33;0;387;0;333
96;33;0;623;0;333
97;33;0;630;0;333
10;34;0;503;0;333
11;34;0;500;0;333
14;34;0;433;0;333
16;34;0;629;0;333
17;34;0;627;0;333
18;34;0;626;0;333
25;34;0;1782;0;333
27;34;0;1817;0;333
33;34;0;915;0;333
34;34;0;629;0;333
35;34;0;628;0;333
53;34;0;627;0;333
57;34;0;274;0;333
60;34;0;1254;0;333
61;34;0;1273;0;333
67;34;0;629;0;333
67;34;0;627;0;333
72;34;0;629;0;333
73;34;0;630;0;333
74;34;0;630;0;333
75;34;0;630;0;333
76;34;0;630;0;333
77;34;0;630;0;333
78;34;0;630;0;333
84;34;0;627;0;333
96;34;0;623;0;333
97;34;0;629;0;333
11;35;0;500;0;333
14;35;0;433;0;333
17;35;0;629;0;333
18;35;0;628;0;333
53;35;0;626;0;333
54;35;0;628;0;333
57;35;0;274;0;333
63;35;0;1783;0;333
64;35;0;1817;0;333
66;35;0;627;0;333
67;35;0;623;0;333
72;35;0;627;0;333
73;35;0;630;0;333
74;35;0;630;0;333
75;35;0;630;0;333
76;35;0;630;0;333
77;35;0;622;0;333
78;35;0;622;0;333
79;35;0;628;0;333
84;35;0;623;0;333
85;35;0;630;0;333
86;35;0;630;0;333
87;35;0;630;0;333
88;35;0;630;0;333
96;35;0;627;0;333
10;36;0;241;0;333
11;36;0;30;0;333
12;36;0;30;0;333
13;36;0;30;0;333
14;36;0;30;0;333
14;36;0;36;0;333
14;36;0;92;0;333
15;36;0;242;0;333
19;36;0;274;0;333
22;36;0;1817;0;333
23;36;0;627;0;333
24;36;0;629;0;333
25;36;0;630;0;333
26;36;0;630;0;333
59;36;0;1782;0;333
61;36;0;273;0;333
62;36;0;274;0;333
67;36;0;629;0;333
68;36;0;628;0;333
70;36;0;274;0;333
71;36;0;627;0;333
72;36;0;629;0;333
73;36;0;630;0;333
74;36;0;630;0;333
75;36;0;630;0;333
76;36;0;630;0;333
81;36;0;627;0;333
84;36;0;623;0;333
85;36;0;630;0;333
86;36;0;630;0;333
87;36;0;630;0;333
88;36;0;630;0;333
95;36;0;627;0;333
96;36;0;623;0;333
97;36;0;630;0;333
10;37;0;37;0;333
12;37;0;743;0;333
15;37;0;926;4085;333
22;37;0;915;0;333
23;37;0;629;0;333
24;37;0;622;0;333
25;37;0;622;0;333
26;37;0;622;0;333
27;37;0;628;0;333
70;37;0;387;0;333
71;37;0;623;0;333
72;37;0;630;0;333
73;37;0;630;0;333
74;37;0;630;0;333
75;37;0;630;0;333
76;37;0;630;0;333
81;37;0;623;0;333
82;37;0;630;0;333
83;37;0;630;0;333
84;37;0;630;0;333
85;37;0;630;0;333
86;37;0;630;0;333
87;37;0;630;0;333
88;37;0;630;0;333
89;37;0;630;0;333
96;37;0;623;0;333
97;37;0;629;0;333
10;38;0;33;0;333
15;38;0;31;0;333
19;38;0;1782;0;333
57;38;0;627;0;333
60;38;0;1783;0;333
62;38;0;1251;0;333
70;38;0;274;0;333
71;38;0;623;0;333
72;38;0;630;0;333
73;38;0;630;0;333
74;38;0;630;0;333
75;38;0;630;0;333
76;38;0;629;0;333
77;38;0;628;0;333
80;38;0;627;0;333
81;38;0;623;0;333
82;38;0;630;0;333
83;38;0;630;0;333
84;38;0;630;0;333
85;38;0;630;0;333
86;38;0;629;0;333
87;38;0;630;0;333
88;38;0;630;0;333
89;38;0;630;0;333
96;38;0;629;0;333
97;38;0;628;0;333
10;39;0;37;0;333
11;39;0;217;0;333
13;39;0;219;0;333
14;39;0;2832;0;333
15;39;0;31;0;333
15;39;0;275;0;333
22;39;0;1245;0;333
57;39;0;626;0;333
58;39;0;628;0;333
60;39;0;627;0;333
70;39;0;387;0;333
71;39;0;623;0;333
72;39;0;630;0;333
73;39;0;630;0;333
74;39;0;622;0;333
75;39;0;622;0;333
76;39;0;628;0;333
80;39;0;623;0;333
81;39;0;630;0;333
82;39;0;630;0;333
83;39;0;630;0;333
84;39;0;622;0;333
85;39;0;622;0;333
86;39;0;628;0;333
87;39;0;623;0;333
88;39;0;630;0;333
89;39;0;630;0;333
90;39;0;630;0;333
91;39;0;630;0;333
95;39;0;273;0;333
10;40;0;244;0;333
11;40;0;38;0;333
12;40;0;32;0;333
13;40;0;38;0;333
14;40;0;32;0;333
15;40;0;243;0;333
60;40;0;626;0;333
61;40;0;628;0;333
70;40;0;1783;0;333
71;40;0;629;0;333
72;40;0;622;0;333
73;40;0;622;0;333
74;40;0;628;0;333
75;40;0;387;0;333
80;40;0;623;0;333
81;40;0;630;0;333
82;40;0;630;0;333
83;40;0;630;0;333
85;40;0;525;0;333
87;40;0;623;0;333
88;40;0;630;0;333
89;40;0;630;0;333
90;40;0;630;0;333
91;40;0;630;0;333
75;41;0;623;0;333
78;41;0;627;0;333
80;41;0;623;0;333
81;41;0;630;0;333
82;41;0;630;0;333
83;41;0;622;0;333
87;41;0;629;0;333
88;41;0;622;0;333
89;41;0;630;0;333
90;41;0;630;0;333
91;41;0;622;0;333
92;41;0;628;0;333
96;41;0;627;0;333
75;42;0;629;0;333
78;42;0;623;0;333
79;42;0;630;0;333
80;42;0;630;0;333
81;42;0;630;0;333
82;42;0;630;0;333
83;42;0;2850;0;333
85;42;0;914;0;333
87;42;0;514;0;333
88;42;0;1254;0;333
89;42;0;1246;0;333
90;42;0;630;0;333
91;42;0;630;0;333
96;42;0;629;0;333
97;42;0;628;0;333
76;43;0;274;0;333
77;43;0;627;0;333
78;43;0;623;0;333
79;43;0;630;0;333
80;43;0;630;0;333
81;43;0;630;0;333
85;43;0;2850;0;333
89;43;0;513;0;333
90;43;0;630;0;333
91;43;0;630;0;333
95;43;0;273;0;333
96;43;0;627;0;333
76;44;0;387;0;333
77;44;0;623;0;333
78;44;0;630;0;333
79;44;0;630;0;333
80;44;0;630;0;333
81;44;0;630;0;333
82;44;0;2850;0;333
84;44;0;2850;0;333
85;44;0;524;0;333
85;44;0;2853;0;333
89;44;0;1246;0;333
90;44;0;630;0;333
91;44;0;630;0;333
95;44;0;1817;0;333
96;44;0;623;0;333
97;44;0;630;0;333
39;45;0;627;0;333
74;45;0;1254;0;333
76;45;0;627;0;333
77;45;0;623;0;333
78;45;0;630;0;333
79;45;0;630;0;333
80;45;0;630;0;333
82;45;0;2850;0;333
85;45;0;2850;0;333
88;45;0;1246;0;333
89;45;0;629;0;333
90;45;0;630;0;333
91;45;0;630;0;333
96;45;0;623;0;333
97;45;0;629;0;333
39;46;0;623;0;333
40;46;0;630;0;333
41;46;0;630;0;333
73;46;0;274;0;333
75;46;0;273;0;333
76;46;0;623;0;333
77;46;0;630;0;333
78;46;0;630;0;333
79;46;0;630;0;333
80;46;0;630;0;333
82;46;0;2850;0;333
88;46;0;1251;0;333
89;46;0;629;0;333
90;46;0;630;0;333
91;46;0;629;0;333
92;46;0;628;0;333
94;46;0;1782;0;333
95;46;0;627;0;333
96;46;0;629;0;333
97;46;0;628;0;333
39;47;0;629;0;333
40;47;0;630;0;333
41;47;0;630;0;333
75;47;0;627;0;333
76;47;0;623;0;333
77;47;0;630;0;333
78;47;0;630;0;333
79;47;0;630;0;333
80;47;0;630;0;333
84;47;0;232;0;333
87;47;0;525;0;333
89;47;0;630;0;333
90;47;0;629;0;333
91;47;0;628;0;333
95;47;0;273;0;333
96;47;0;623;0;333
97;47;0;630;0;333
38;48;0;1783;0;333
40;48;0;629;0;333
41;48;0;622;0;333
42;48;0;628;0;333
72;48;0;1783;0;333
74;48;0;273;0;333
74;48;0;627;0;333
75;48;0;623;0;333
76;48;0;630;0;333
77;48;0;630;0;333
78;48;0;630;0;333
79;48;0;287;0;333
80;48;0;622;0;333
81;48;0;914;0;333
86;48;0;627;0;333
87;48;0;629;0;333
88;48;0;630;0;333
89;48;0;630;0;333
93;48;0;274;0;333
96;48;0;623;0;333
97;48;0;629;0;333
37;49;0;1783;0;333
41;49;0;1783;0;333
74;49;0;629;0;333
75;49;0;287;0;333
76;49;0;622;0;333
77;49;0;622;0;333
78;49;0;629;0;333
79;49;0;622;0;333
83;49;0;2832;0;333
85;49;0;627;0;333
86;49;0;629;0;333
87;49;0;630;0;333
88;49;0;630;0;333
89;49;0;630;0;333
91;49;0;627;0;333
92;49;0;627;0;333
94;49;0;627;0;333
95;49;0;627;0;333
97;49;0;628;0;333
39;50;0;1783;0;333
72;50;0;274;0;333
75;50;0;597;0;333
85;50;0;629;0;333
86;50;0;630;0;333
87;50;0;630;0;333
88;50;0;622;0;333
89;50;0;622;0;333
90;50;0;627;0;333
91;50;0;626;0;333
92;50;0;626;0;333
93;50;0;628;0;333
94;50;0;626;0;333
95;50;0;626;0;333
96;50;0;628;0;333
71;51;0;1817;0;333
75;51;0;598;0;333
83;51;0;627;0;333
85;51;0;630;0;333
86;51;0;622;0;333
87;51;0;622;0;333
88;51;0;627;0;333
90;51;0;626;0;333
91;51;0;628;0;333
73;52;0;1246;0;333
74;52;0;623;0;333
75;52;0;630;0;333
78;52;0;623;0;333
79;52;0;287;0;333
82;52;0;915;0;333
83;52;0;629;0;333
84;52;0;630;0;333
85;52;0;630;0;333
88;52;0;626;0;333
89;52;0;628;0;333
14;53;0;623;0;333
15;53;0;287;0;333
16;53;0;287;0;333
17;53;0;287;0;333
18;53;0;287;0;333
19;53;0;287;0;333
20;53;0;287;0;333
68;53;0;914;0;333
73;53;0;627;0;333
74;53;0;623;0;333
78;53;0;623;0;333
79;53;0;287;0;333
82;53;0;627;0;333
83;53;0;629;0;333
84;53;0;630;0;333
85;53;0;630;0;333
88;53;0;627;0;333
13;54;0;627;0;333
14;54;0;623;0;333
15;54;0;287;0;333
16;54;0;287;0;333
17;54;0;287;0;333
18;54;0;287;0;333
19;54;0;287;0;333
20;54;0;287;0;333
71;54;0;627;0;333
72;54;0;623;0;333
73;54;0;630;0;333
78;54;0;623;0;333
79;54;0;287;0;333
82;54;0;623;0;333
83;54;0;630;0;333
84;54;0;630;0;333
85;54;0;630;0;333
88;54;0;626;0;333
89;54;0;628;0;333
13;55;0;1817;0;333
14;55;0;623;0;333
15;55;0;287;0;333
16;55;0;287;0;333
17;55;0;287;0;333
18;55;0;287;0;333
19;55;0;287;0;333
20;55;0;287;0;333
69;55;0;274;0;333
71;55;0;623;0;333
72;55;0;630;0;333
73;55;0;630;0;333
78;55;0;623;0;333
79;55;0;287;0;333
82;55;0;623;0;333
83;55;0;630;0;333
84;55;0;630;0;333
85;55;0;630;0;333
88;55;0;627;0;333
90;55;0;627;0;333
91;55;0;626;0;333
92;55;0;627;0;333
93;55;0;629;0;333
94;55;0;630;0;333
12;56;0;914;0;333
13;56;0;627;0;333
14;56;0;629;0;333
15;56;0;630;0;333
16;56;0;287;0;333
17;56;0;287;0;333
18;56;0;287;0;333
19;56;0;287;0;333
20;56;0;287;0;333
70;56;0;627;0;333
71;56;0;629;0;333
72;56;0;630;0;333
73;56;0;630;0;333
74;56;0;630;0;333
75;56;0;630;0;333
76;56;0;630;0;333
77;56;0;630;0;333
78;56;0;630;0;333
79;56;0;630;0;333
80;56;0;630;0;333
81;56;0;630;0;333
82;56;0;630;0;333
83;56;0;630;0;333
84;56;0;630;0;333
85;56;0;630;0;333
88;56;0;626;0;333
89;56;0;628;0;333
90;56;0;629;0;333
91;56;0;627;0;333
92;56;0;626;0;333
93;56;0;630;0;333
94;56;0;630;0;333
14;57;0;914;0;333
15;57;0;623;0;333
16;57;0;287;0;333
17;57;0;287;0;333
18;57;0;287;0;333
19;57;0;287;0;333
20;57;0;287;0;333
30;57;0;627;0;333
36;57;0;627;0;333
37;57;0;626;0;333
38;57;0;627;0;333
39;57;0;626;0;333
40;57;0;627;0;333
41;57;0;626;0;333
42;57;0;626;0;333
71;57;0;623;0;333
72;57;0;630;0;333
73;57;0;630;0;333
74;57;0;630;0;333
75;57;0;630;0;333
76;57;0;630;0;333
77;57;0;630;0;333
78;57;0;630;0;333
79;57;0;630;0;333
80;57;0;630;0;333
81;57;0;630;0;333
82;57;0;630;0;333
83;57;0;630;0;333
84;57;0;622;0;333
85;57;0;622;0;333
86;57;0;628;0;333
90;57;0;1817;0;333
91;57;0;629;0;333
92;57;0;628;0;333
93;57;0;630;0;333
94;57;0;630;0;333
15;58;0;629;0;333
16;58;0;622;0;333
17;58;0;630;0;333
18;58;0;287;0;333
19;58;0;287;0;333
20;58;0;628;0;333
30;58;0;623;0;333
31;58;0;630;0;333
32;58;0;630;0;333
33;58;0;630;0;333
35;58;0;627;0;333
36;58;0;626;0;333
37;58;0;628;0;333
38;58;0;629;0;333
39;58;0;628;0;333
40;58;0;629;0;333
41;58;0;627;0;333
42;58;0;626;0;333
43;58;0;627;0;333
65;58;0;627;0;333
66;58;0;626;0;333
71;58;0;626;0;333
72;58;0;630;0;333
73;58;0;630;0;333
74;58;0;630;0;333
75;58;0;630;0;333
76;58;0;630;0;333
77;58;0;630;0;333
78;58;0;630;0;333
79;58;0;630;0;333
80;58;0;630;0;333
81;58;0;630;0;333
82;58;0;630;0;333
87;58;0;274;0;333
88;58;0;273;0;333
92;58;0;629;0;333
93;58;0;630;0;333
94;58;0;629;0;333
17;59;0;629;0;333
18;59;0;622;0;333
19;59;0;622;0;333
20;59;0;628;0;333
30;59;0;629;0;333
31;59;0;630;0;333
32;59;0;630;0;333
33;59;0;630;0;333
34;59;0;630;0;333
35;59;0;627;0;333
36;59;0;626;0;333
41;59;0;629;0;333
42;59;0;628;0;333
43;59;0;623;0;333
44;59;0;630;0;333
45;59;0;627;0;333
46;59;0;626;0;333
47;59;0;627;0;333
48;59;0;626;0;333
49;59;0;627;0;333
65;59;0;629;0;333
66;59;0;628;0;333
67;59;0;274;0;333
68;59;0;1783;0;333
70;59;0;1817;0;333
72;59;0;629;0;333
73;59;0;630;0;333
74;59;0;630;0;333
75;59;0;630;0;333
76;59;0;630;0;333
77;59;0;630;0;333
78;59;0;630;0;333
79;59;0;630;0;333
80;59;0;630;0;333
81;59;0;630;0;333
82;59;0;630;0;333
89;59;0;1782;0;333
90;59;0;1246;0;333
93;59;0;629;0;333
94;59;0;628;0;333
18;60;0;628;0;333
26;60;0;627;0;333
27;60;0;629;0;333
28;60;0;630;0;333
29;60;0;630;0;333
30;60;0;630;0;333
31;60;0;630;0;333
32;60;0;630;0;333
33;60;0;630;0;333
34;60;0;629;0;333
35;60;0;629;0;333
36;60;0;628;0;333
39;60;0;1783;0;333
43;60;0;629;0;333
44;60;0;622;0;333
45;60;0;629;0;333
46;60;0;628;0;333
47;60;0;626;0;333
48;60;0;628;0;333
50;60;0;630;0;333
51;60;0;630;0;333
52;60;0;630;0;333
53;60;0;630;0;333
69;60;0;273;0;333
73;60;0;629;0;333
74;60;0;622;0;333
75;60;0;622;0;333
76;60;0;630;0;333
77;60;0;630;0;333
78;60;0;630;0;333
79;60;0;630;0;333
80;60;0;630;0;333
81;60;0;630;0;333
82;60;0;630;0;333
91;60;0;274;0;333
93;60;0;627;0;333
16;61;0;1817;0;333
25;61;0;627;0;333
26;61;0;629;0;333
28;61;0;630;0;333
29;61;0;630;0;333
30;61;0;630;0;333
31;61;0;630;0;333
32;61;0;630;0;333
33;61;0;630;0;333
34;61;0;628;0;333
41;61;0;1817;0;333
46;61;0;629;0;333
47;61;0;628;0;333
48;61;0;623;0;333
49;61;0;630;0;333
50;61;0;630;0;333
51;61;0;630;0;333
52;61;0;630;0;333
53;61;0;630;0;333
71;61;0;274;0;333
73;61;0;1245;0;333
76;61;0;629;0;333
77;61;0;630;0;333
78;61;0;630;0;333
79;61;0;630;0;333
80;61;0;630;0;333
81;61;0;630;0;333
82;61;0;630;0;333
88;61;0;1783;0;333
90;61;0;1782;0;333
93;61;0;623;0;333
94;61;0;630;0;333
25;62;0;623;0;333
26;62;0;630;0;333
27;62;0;630;0;333
28;62;0;630;0;333
29;62;0;630;0;333
30;62;0;630;0;333
31;62;0;630;0;333
32;62;0;630;0;333
33;62;0;629;0;333
34;62;0;628;0;333
35;62;0;1251;0;333
40;62;0;1783;0;333
46;62;0;274;0;333
47;62;0;915;0;333
48;62;0;629;0;333
49;62;0;630;0;333
50;62;0;630;0;333
51;62;0;630;0;333
52;62;0;630;0;333
53;62;0;630;0;333
54;62;0;630;0;333
55;62;0;630;0;333
72;62;0;1783;0;333
75;62;0;1246;0;333
76;62;0;627;0;333
77;62;0;629;0;333
78;62;0;630;0;333
79;62;0;630;0;333
80;62;0;630;0;333
81;62;0;630;0;333
82;62;0;630;0;333
88;62;0;627;0;333
92;62;0;1817;0;333
93;62;0;623;0;333
94;62;0;629;0;333
24;63;0;627;0;333
25;63;0;629;0;333
26;63;0;630;0;333
27;63;0;630;0;333
28;63;0;630;0;333
29;63;0;630;0;333
30;63;0;630;0;333
31;63;0;630;0;333
32;63;0;629;0;333
33;63;0;628;0;333
34;63;0;1251;0;333
40;63;0;1783;0;333
43;63;0;273;0;333
44;63;0;1817;0;333
47;63;0;274;0;333
49;63;0;623;0;333
50;63;0;630;0;333
51;63;0;630;0;333
52;63;0;630;0;333
53;63;0;630;0;333
54;63;0;630;0;333
55;63;0;630;0;333
75;63;0;1246;0;333
76;63;0;627;0;333
77;63;0;630;0;333
78;63;0;630;0;333
79;63;0;630;0;333
80;63;0;630;0;333
81;63;0;630;0;333
82;63;0;630;0;333
88;63;0;626;0;333
89;63;0;628;0;333
92;63;0;274;0;333
93;63;0;629;0;333
93;63;0;629;0;333
94;63;0;628;0;333
23;64;0;627;0;333
24;64;0;629;0;333
25;64;0;630;0;333
26;64;0;630;0;333
27;64;0;630;0;333
28;64;0;630;0;333
29;64;0;630;0;333
30;64;0;630;0;333
31;64;0;630;0;333
36;64;0;627;0;333
37;64;0;626;0;333
48;64;0;627;0;333
49;64;0;629;0;333
50;64;0;630;0;333
51;64;0;630;0;333
52;64;0;630;0;333
53;64;0;630;0;333
54;64;0;630;0;333
55;64;0;630;0;333
76;64;0;623;0;333
77;64;0;630;0;333
78;64;0;630;0;333
79;64;0;630;0;333
80;64;0;630;0;333
81;64;0;630;0;333
82;64;0;630;0;333
83;64;0;630;0;333
86;64;0;627;0;333
94;64;0;627;0;333
95;64;0;626;0;333
96;64;0;627;0;333
22;65;0;627;0;333
23;65;0;629;0;333
24;65;0;630;0;333
25;65;0;630;0;333
26;65;0;630;0;333
27;65;0;630;0;333
28;65;0;630;0;333
29;65;0;630;0;333
30;65;0;629;0;333
31;65;0;622;0;333
32;65;0;628;0;333
36;65;0;629;0;333
37;65;0;628;0;333
38;65;0;1251;0;333
39;65;0;915;0;333
45;65;0;274;0;333
46;65;0;915;0;333
47;65;0;1251;0;333
48;65;0;623;0;333
49;65;0;630;0;333
50;65;0;630;0;333
51;65;0;630;0;333
52;65;0;630;0;333
53;65;0;630;0;333
54;65;0;630;0;333
55;65;0;630;0;333
76;65;0;629;0;333
77;65;0;630;0;333
78;65;0;630;0;333
79;65;0;630;0;333
80;65;0;630;0;333
81;65;0;630;0;333
82;65;0;630;0;333
83;65;0;630;0;333
86;65;0;626;0;333
87;65;0;628;0;333
93;65;0;274;0;333
94;65;0;629;0;333
95;65;0;628;0;333
96;65;0;626;0;333
97;65;0;628;0;333
22;66;0;623;0;333
23;66;0;630;0;333
24;66;0;630;0;333
25;66;0;630;0;333
26;66;0;630;0;333
27;66;0;630;0;333
28;66;0;630;0;333
29;66;0;629;0;333
30;66;0;628;0;333
31;66;0;1278;0;333
32;66;0;1276;0;333
35;66;0;627;0;333
36;66;0;626;0;333
37;66;0;915;0;333
38;66;0;1246;0;333
39;66;0;915;0;333
42;66;0;274;0;333
47;66;0;627;0;333
48;66;0;630;0;333
49;66;0;630;0;333
50;66;0;630;0;333
51;66;0;630;0;333
52;66;0;630;0;333
53;66;0;630;0;333
54;66;0;630;0;333
55;66;0;630;0;333
77;66;0;623;0;333
78;66;0;630;0;333
79;66;0;630;0;333
80;66;0;630;0;333
81;66;0;630;0;333
82;66;0;630;0;333
83;66;0;630;0;333
86;66;0;627;0;333
96;66;0;627;0;333
22;67;0;629;0;333
23;67;0;622;0;333
24;67;0;622;0;333
25;67;0;622;0;333
26;67;0;622;0;333
27;67;0;622;0;333
28;67;0;622;0;333
29;67;0;628;0;333
30;67;0;1273;0;333
31;67;0;1273;0;333
32;67;0;1276;0;333
34;67;0;1817;0;333
35;67;0;629;0;333
36;67;0;628;0;333
46;67;0;274;0;333
47;67;0;629;0;333
48;67;0;629;0;333
49;67;0;630;0;333
50;67;0;630;0;333
51;67;0;630;0;333
52;67;0;630;0;333
53;67;0;630;0;333
54;67;0;630;0;333
55;67;0;630;0;333
76;67;0;1246;0;333
77;67;0;629;0;333
78;67;0;622;0;333
79;67;0;628;0;333
80;67;0;629;0;333
81;67;0;622;0;333
82;67;0;622;0;333
83;67;0;622;0;333
84;67;0;628;0;333
86;67;0;626;0;333
87;67;0;628;0;333
92;67;0;1817;0;333
94;67;0;274;0;333
95;67;0;627;0;333
97;67;0;628;0;333
27;68;0;915;0;333
46;68;0;1246;0;333
47;68;0;623;0;333
48;68;0;630;0;333
49;68;0;630;0;333
50;68;0;630;0;333
51;68;0;630;0;333
52;68;0;630;0;333
53;68;0;630;0;333
54;68;0;630;0;333
55;68;0;630;0;333
93;68;0;1272;0;333
95;68;0;626;0;333
96;68;0;628;0;333
97;68;0;628;0;333
30;69;0;1817;0;333
33;69;0;274;0;333
47;69;0;287;0;333
48;69;0;622;0;333
49;69;0;622;0;333
50;69;0;622;0;333
51;69;0;623;0;333
52;69;0;630;0;333
53;69;0;630;0;333
54;69;0;630;0;333
55;69;0;630;0;333
90;69;0;274;0;333
92;69;0;274;0;333
94;69;0;627;0;333
29;70;0;627;0;333
30;70;0;626;0;333
33;70;0;273;0;333
35;70;0;274;0;333
42;70;0;2832;0;333
46;70;0;274;0;333
47;70;0;597;0;333
51;70;0;623;0;333
52;70;0;630;0;333
53;70;0;630;0;333
54;70;0;630;0;333
55;70;0;630;0;333
94;70;0;623;0;333
95;70;0;630;0;333
96;70;0;628;0;333
28;71;0;1254;0;333
29;71;0;629;0;333
30;71;0;628;0;333
37;71;0;1783;0;333
40;71;0;1783;0;333
47;71;0;598;0;333
51;71;0;623;0;333
52;71;0;630;0;333
53;71;0;630;0;333
54;71;0;630;0;333
55;71;0;630;0;333
94;71;0;623;0;333
95;71;0;630;0;333
31;72;0;1245;0;333
39;72;0;1782;0;333
40;72;0;274;0;333
44;72;0;915;0;333
47;72;0;287;0;333
51;72;0;629;0;333
52;72;0;623;0;333
53;72;0;630;0;333
54;72;0;630;0;333
55;72;0;630;0;333
93;72;0;1817;0;333
94;72;0;623;0;333
95;72;0;630;0;333
31;73;0;1254;0;333
37;73;0;274;0;333
38;73;0;1782;0;333
46;73;0;627;0;333
47;73;0;630;0;333
52;73;0;623;0;333
53;73;0;630;0;333
54;73;0;630;0;333
55;73;0;630;0;333
94;73;0;623;0;333
95;73;0;630;0;333
102;73;0;627;0;333
103;73;0;629;0;333
104;73;0;630;0;333
110;73;0;630;0;333
111;73;0;628;0;333
31;74;0;1245;0;333
39;74;0;1783;0;333
41;74;0;1817;0;333
42;74;0;627;0;333
43;74;0;626;0;333
45;74;0;627;0;333
46;74;0;629;0;333
47;74;0;630;0;333
51;74;0;627;0;333
52;74;0;623;0;333
53;74;0;630;0;333
54;74;0;630;0;333
55;74;0;630;0;333
83;74;0;629;0;333
84;74;0;630;0;333
85;74;0;630;0;333
86;74;0;630;0;333
91;74;0;1246;0;333
93;74;0;1246;0;333
94;74;0;623;0;333
95;74;0;630;0;333
102;74;0;623;0;333
103;74;0;630;0;333
104;74;0;630;0;333
109;74;0;630;0;333
110;74;0;630;0;333
33;75;0;627;0;333
34;75;0;627;0;333
35;75;0;626;0;333
42;75;0;629;0;333
43;75;0;628;0;333
45;75;0;623;0;333
46;75;0;630;0;333
47;75;0;630;0;333
51;75;0;623;0;333
52;75;0;630;0;333
53;75;0;630;0;333
54;75;0;630;0;333
55;75;0;630;0;333
56;75;0;630;0;333
57;75;0;630;0;333
58;75;0;630;0;333
59;75;0;630;0;333
60;75;0;630;0;333
61;75;0;630;0;333
84;75;0;623;0;333
85;75;0;630;0;333
86;75;0;630;0;333
94;75;0;623;0;333
95;75;0;630;0;333
96;75;0;630;0;333
97;75;0;630;0;333
98;75;0;630;0;333
99;75;0;630;0;333
100;75;0;630;0;333
101;75;0;630;0;333
102;75;0;630;0;333
103;75;0;630;0;333
104;75;0;630;0;333
108;75;0;630;0;333
109;75;0;630;0;333
110;75;0;630;0;333
111;75;0;630;0;333
112;75;0;630;0;333
33;76;0;629;0;333
34;76;0;629;0;333
35;76;0;628;0;333
41;76;0;273;0;333
45;76;0;623;0;333
46;76;0;630;0;333
47;76;0;630;0;333
50;76;0;627;0;333
51;76;0;623;0;333
52;76;0;630;0;333
53;76;0;630;0;333
54;76;0;630;0;333
55;76;0;630;0;333
56;76;0;630;0;333
57;76;0;630;0;333
58;76;0;630;0;333
59;76;0;630;0;333
60;76;0;630;0;333
61;76;0;630;0;333
83;76;0;627;0;333
84;76;0;623;0;333
85;76;0;630;0;333
86;76;0;629;0;333
87;76;0;628;0;333
90;76;0;1246;0;333
92;76;0;627;0;333
94;76;0;623;0;333
95;76;0;630;0;333
96;76;0;630;0;333
97;76;0;630;0;333
98;76;0;630;0;333
99;76;0;630;0;333
100;76;0;630;0;333
101;76;0;630;0;333
102;76;0;630;0;333
103;76;0;630;0;333
104;76;0;630;0;333
105;76;0;630;0;333
108;76;0;630;0;333
109;76;0;630;0;333
110;76;0;630;0;333
111;76;0;630;0;333
112;76;0;630;0;333
38;77;0;627;0;333
39;77;0;626;0;333
45;77;0;623;0;333
46;77;0;630;0;333
47;77;0;622;0;333
51;77;0;623;0;333
52;77;0;630;0;333
53;77;0;630;0;333
54;77;0;630;0;333
55;77;0;630;0;333
56;77;0;630;0;333
57;77;0;630;0;333
58;77;0;630;0;333
59;77;0;630;0;333
60;77;0;630;0;333
61;77;0;630;0;333
62;77;0;630;0;333
84;77;0;629;0;333
85;77;0;622;0;333
86;77;0;628;0;333
88;77;0;1272;0;333
92;77;0;623;0;333
93;77;0;630;0;333
94;77;0;630;0;333
95;77;0;630;0;333
96;77;0;630;0;333
97;77;0;630;0;333
98;77;0;630;0;333
99;77;0;630;0;333
100;77;0;630;0;333
101;77;0;630;0;333
102;77;0;630;0;333
103;77;0;630;0;333
104;77;0;630;0;333
108;77;0;630;0;333
109;77;0;630;0;333
110;77;0;630;0;333
111;77;0;630;0;333
112;77;0;630;0;333
37;78;0;274;0;333
38;78;0;629;0;333
39;78;0;628;0;333
43;78;0;627;0;333
44;78;0;630;0;333
45;78;0;630;0;333
46;78;0;622;0;333
48;78;0;28;0;333
50;78;0;623;0;333
51;78;0;630;0;333
52;78;0;630;0;333
53;78;0;630;0;333
54;78;0;630;0;333
55;78;0;630;0;333
56;78;0;630;0;333
57;78;0;630;0;333
58;78;0;630;0;333
59;78;0;630;0;333
60;78;0;630;0;333
61;78;0;630;0;333
62;78;0;630;0;333
84;78;0;1254;0;333
85;78;0;387;0;333
86;78;0;387;0;333
92;78;0;623;0;333
93;78;0;630;0;333
94;78;0;630;0;333
95;78;0;630;0;333
96;78;0;630;0;333
97;78;0;630;0;333
98;78;0;630;0;333
99;78;0;630;0;333
100;78;0;630;0;333
101;78;0;630;0;333
102;78;0;630;0;333
103;78;0;630;0;333
104;78;0;630;0;333
108;78;0;630;0;333
109;78;0;630;0;333
110;78;0;630;0;333
111;78;0;630;0;333
112;78;0;630;0;333
113;78;0;630;0;333
21;79;0;677;0;333
22;79;0;672;0;333
22;79;0;680;0;333
23;79;0;672;0;333
23;79;0;633;0;333
24;79;0;672;0;333
24;79;0;633;0;333
25;79;0;672;0;333
25;79;0;633;0;333
26;79;0;672;0;333
26;79;0;681;0;333
27;79;0;672;0;333
27;79;0;1266;0;333
28;79;0;672;0;333
29;79;0;672;0;333
29;79;0;1245;0;333
30;79;0;676;0;333
42;79;0;627;0;333
43;79;0;629;0;333
44;79;0;630;0;333
45;79;0;622;0;333
50;79;0;623;0;333
51;79;0;630;0;333
52;79;0;630;0;333
53;79;0;630;0;333
54;79;0;630;0;333
55;79;0;630;0;333
56;79;0;630;0;333
57;79;0;630;0;333
58;79;0;630;0;333
59;79;0;630;0;333
60;79;0;630;0;333
61;79;0;630;0;333
62;79;0;630;0;333
79;79;0;627;0;333
84;79;0;274;0;333
89;79;0;627;0;333
92;79;0;623;0;333
93;79;0;630;0;333
94;79;0;630;0;333
95;79;0;630;0;333
96;79;0;630;0;333
97;79;0;630;0;333
98;79;0;630;0;333
99;79;0;630;0;333
100;79;0;630;0;333
101;79;0;630;0;333
102;79;0;630;0;333
103;79;0;630;0;333
104;79;0;630;0;333
107;79;0;630;0;333
108;79;0;630;0;333
109;79;0;630;0;333
110;79;0;630;0;333
111;79;0;630;0;333
112;79;0;630;0;333
113;79;0;630;0;333
21;80;0;674;0;333
22;80;0;638;0;333
23;80;0;2832;0;333
26;80;0;639;0;333
30;80;0;675;0;333
30;80;0;1265;0;333
30;80;0;634;0;333
30;80;0;632;0;333
34;80;0;633;0;333
34;80;0;635;0;333
34;80;0;632;0;333
34;80;0;634;0;333
35;80;0;627;0;333
36;80;0;626;0;333
37;80;0;915;0;333
38;80;0;633;0;333
38;80;0;635;0;333
38;80;0;632;0;333
38;80;0;634;0;333
42;80;0;623;0;333
43;80;0;630;0;333
44;80;0;622;0;333
50;80;0;630;0;333
51;80;0;630;0;333
52;80;0;630;0;333
53;80;0;630;0;333
54;80;0;630;0;333
55;80;0;630;0;333
56;80;0;630;0;333
57;80;0;630;0;333
58;80;0;630;0;333
59;80;0;630;0;333
60;80;0;630;0;333
61;80;0;630;0;333
62;80;0;630;0;333
63;80;0;630;0;333
79;80;0;626;0;333
80;80;0;628;0;333
89;80;0;623;0;333
90;80;0;630;0;333
91;80;0;630;0;333
92;80;0;630;0;333
93;80;0;630;0;333
94;80;0;630;0;333
95;80;0;630;0;333
96;80;0;630;0;333
97;80;0;630;0;333
98;80;0;630;0;333
99;80;0;630;0;333
100;80;0;630;0;333
101;80;0;630;0;333
102;80;0;630;0;333
103;80;0;630;0;333
104;80;0;630;0;333
105;80;0;630;0;333
106;80;0;630;0;333
107;80;0;630;0;333
108;80;0;630;0;333
109;80;0;630;0;333
110;80;0;630;0;333
111;80;0;630;0;333
112;80;0;630;0;333
113;80;0;629;0;333
114;80;0;628;0;333
21;81;0;221;0;333
21;81;0;674;0;333
22;81;0;634;0;333
26;81;0;635;0;333
28;81;0;1254;0;333
30;81;0;675;0;333
35;81;0;629;0;333
36;81;0;628;0;333
37;81;0;1246;0;333
38;81;0;627;0;333
39;81;0;629;0;333
40;81;0;630;0;333
41;81;0;630;0;333
42;81;0;630;0;333
43;81;0;622;0;333
48;81;0;630;0;333
49;81;0;630;0;333
50;81;0;630;0;333
51;81;0;630;0;333
52;81;0;630;0;333
53;81;0;630;0;333
54;81;0;630;0;333
55;81;0;630;0;333
56;81;0;630;0;333
57;81;0;630;0;333
58;81;0;630;0;333
59;81;0;630;0;333
60;81;0;630;0;333
61;81;0;630;0;333
62;81;0;630;0;333
63;81;0;630;0;333
78;81;0;627;0;333
79;81;0;1817;0;333
85;81;0;1783;0;333
88;81;0;1246;0;333
89;81;0;629;0;333
90;81;0;630;0;333
91;81;0;630;0;333
92;81;0;630;0;333
93;81;0;630;0;333
94;81;0;630;0;333
95;81;0;630;0;333
96;81;0;630;0;333
97;81;0;630;0;333
98;81;0;630;0;333
99;81;0;630;0;333
100;81;0;630;0;333
101;81;0;630;0;333
102;81;0;630;0;333
103;81;0;630;0;333
104;81;0;630;0;333
105;81;0;630;0;333
106;81;0;630;0;333
107;81;0;630;0;333
108;81;0;630;0;333
109;81;0;622;0;333
110;81;0;622;0;333
111;81;0;622;0;333
112;81;0;622;0;333
113;81;0;628;0;333
21;82;0;28;0;333
21;82;0;674;0;333
21;82;0;42;0;333
22;82;0;682;0;333
23;82;0;636;0;333
24;82;0;652;4080;333
25;82;0;656;4080;333
26;82;0;683;0;333
30;82;0;675;0;333
36;82;0;915;0;333
37;82;0;627;0;333
38;82;0;629;0;333
39;82;0;629;0;333
40;82;0;630;0;333
41;82;0;630;0;333
42;82;0;630;0;333
47;82;0;630;0;333
48;82;0;622;0;333
49;82;0;622;0;333
50;82;0;622;0;333
51;82;0;622;0;333
52;82;0;622;0;333
53;82;0;622;0;333
54;82;0;630;0;333
55;82;0;630;0;333
56;82;0;630;0;333
57;82;0;630;0;333
58;82;0;630;0;333
59;82;0;630;0;333
60;82;0;630;0;333
61;82;0;630;0;333
62;82;0;630;0;333
63;82;0;630;0;333
76;82;0;627;0;333
78;82;0;626;0;333
79;82;0;628;0;333
82;82;0;1246;0;333
89;82;0;626;0;333
90;82;0;630;0;333
91;82;0;630;0;333
92;82;0;630;0;333
93;82;0;630;0;333
94;82;0;630;0;333
95;82;0;630;0;333
96;82;0;630;0;333
97;82;0;630;0;333
98;82;0;630;0;333
99;82;0;630;0;333
100;82;0;630;0;333
101;82;0;630;0;333
102;82;0;630;0;333
103;82;0;630;0;333
104;82;0;630;0;333
105;82;0;630;0;333
106;82;0;630;0;333
107;82;0;630;0;333
108;82;0;629;0;333
109;82;0;628;0;333
112;82;0;627;0;333
21;83;0;674;0;333
21;83;0;42;0;333
30;83;0;675;0;333
36;83;0;627;0;333
37;83;0;629;0;333
39;83;0;630;0;333
40;83;0;630;0;333
41;83;0;630;0;333
42;83;0;630;0;333
43;83;0;630;0;333
44;83;0;630;0;333
45;83;0;630;0;333
46;83;0;629;0;333
47;83;0;628;0;333
54;83;0;623;0;333
55;83;0;630;0;333
56;83;0;630;0;333
57;83;0;630;0;333
58;83;0;630;0;333
59;83;0;630;0;333
60;83;0;630;0;333
61;83;0;630;0;333
62;83;0;630;0;333
63;83;0;630;0;333
75;83;0;1254;0;333
76;83;0;626;0;333
77;83;0;628;0;333
83;83;0;1783;0;333
89;83;0;623;0;333
90;83;0;630;0;333
91;83;0;630;0;333
92;83;0;630;0;333
93;83;0;630;0;333
94;83;0;630;0;333
95;83;0;630;0;333
96;83;0;630;0;333
97;83;0;630;0;333
98;83;0;630;0;333
99;83;0;630;0;333
100;83;0;630;0;333
101;83;0;630;0;333
102;83;0;630;0;333
103;83;0;630;0;333
104;83;0;629;0;333
105;83;0;622;0;333
106;83;0;622;0;333
107;83;0;622;0;333
108;83;0;628;0;333
112;83;0;626;0;333
113;83;0;628;0;333
114;83;0;627;0;333
21;84;0;674;0;333
27;84;0;680;0;333
28;84;0;681;0;333
30;84;0;675;0;333
30;84;0;1272;0;333
36;84;0;623;0;333
38;84;0;630;0;333
39;84;0;630;0;333
40;84;0;630;0;333
41;84;0;630;0;333
42;84;0;630;0;333
43;84;0;630;0;333
44;84;0;630;0;333
45;84;0;629;0;333
54;84;0;629;0;333
55;84;0;630;0;333
56;84;0;630;0;333
57;84;0;630;0;333
58;84;0;630;0;333
59;84;0;630;0;333
60;84;0;630;0;333
61;84;0;630;0;333
62;84;0;630;0;333
63;84;0;630;0;333
77;84;0;274;0;333
84;84;0;2832;0;333
87;84;0;274;0;333
88;84;0;627;0;333
89;84;0;623;0;333
90;84;0;630;0;333
91;84;0;630;0;333
92;84;0;630;0;333
93;84;0;630;0;333
94;84;0;630;0;333
95;84;0;630;0;333
96;84;0;630;0;333
97;84;0;630;0;333
98;84;0;630;0;333
99;84;0;630;0;333
100;84;0;630;0;333
101;84;0;630;0;333
102;84;0;630;0;333
103;84;0;630;0;333
104;84;0;628;0;333
107;84;0;628;0;333
110;84;0;1246;0;333
111;84;0;274;0;333
114;84;0;623;0;333
115;84;0;630;0;333
21;85;0;674;0;333
27;85;0;682;0;333
28;85;0;683;0;333
30;85;0;675;0;333
36;85;0;629;0;333
37;85;0;630;0;333
38;85;0;630;0;333
39;85;0;630;0;333
40;85;0;630;0;333
41;85;0;630;0;333
42;85;0;629;0;333
43;85;0;622;0;333
44;85;0;622;0;333
45;85;0;628;0;333
55;85;0;629;0;333
56;85;0;630;0;333
57;85;0;630;0;333
58;85;0;630;0;333
59;85;0;630;0;333
60;85;0;630;0;333
61;85;0;630;0;333
62;85;0;630;0;333
63;85;0;630;0;333
85;85;0;914;0;333
88;85;0;915;0;333
89;85;0;629;0;333
90;85;0;630;0;333
91;85;0;630;0;333
92;85;0;630;0;333
93;85;0;630;0;333
94;85;0;630;0;333
95;85;0;630;0;333
96;85;0;630;0;333
97;85;0;630;0;333
98;85;0;630;0;333
99;85;0;630;0;333
99;85;0;1276;0;333
100;85;0;630;0;333
101;85;0;630;0;333
102;85;0;630;0;333
103;85;0;630;0;333
103;85;0;914;0;333
106;85;0;1817;0;333
110;85;0;273;0;333
111;85;0;1783;0;333
114;85;0;623;0;333
115;85;0;629;0;333
116;85;0;627;0;333
21;86;0;674;0;333
29;86;0;914;0;333
30;86;0;675;0;333
37;86;0;626;0;333
38;86;0;622;0;333
39;86;0;628;0;333
40;86;0;629;0;333
41;86;0;628;0;333
42;86;0;628;0;333
56;86;0;629;0;333
57;86;0;628;0;333
58;86;0;622;0;333
59;86;0;630;0;333
60;86;0;630;0;333
61;86;0;630;0;333
62;86;0;630;0;333
63;86;0;630;0;333
73;86;0;274;0;333
75;86;0;915;0;333
77;86;0;627;0;333
89;86;0;627;0;333
90;86;0;630;0;333
91;86;0;630;0;333
92;86;0;630;0;333
93;86;0;630;0;333
94;86;0;630;0;333
94;86;0;1246;0;333
95;86;0;630;0;333
96;86;0;630;0;333
97;86;0;630;0;333
98;86;0;630;0;333
99;86;0;630;0;333
100;86;0;630;0;333
101;86;0;629;0;333
101;86;0;1245;0;333
102;86;0;622;0;333
103;86;0;622;0;333
107;86;0;274;0;333
114;86;0;629;0;333
115;86;0;628;0;333
116;86;0;623;0;333
117;86;0;630;0;333
21;87;0;678;0;333
22;87;0;673;0;333
27;87;0;1265;0;333
29;87;0;673;0;333
30;87;0;679;0;333
59;87;0;623;0;333
60;87;0;630;0;333
61;87;0;630;0;333
62;87;0;630;0;333
77;87;0;623;0;333
83;87;0;1817;0;333
89;87;0;623;0;333
90;87;0;630;0;333
91;87;0;630;0;333
92;87;0;630;0;333
93;87;0;630;0;333
94;87;0;630;0;333
95;87;0;630;0;333
96;87;0;630;0;333
97;87;0;630;0;333
98;87;0;630;0;333
99;87;0;630;0;333
100;87;0;630;0;333
102;87;0;1817;0;333
105;87;0;1817;0;333
116;87;0;623;0;333
117;87;0;629;0;333
23;88;0;678;0;333
24;88;0;673;0;333
25;88;0;673;0;333
26;88;0;673;0;333
27;88;0;673;0;333
28;88;0;679;0;333
59;88;0;629;0;333
60;88;0;630;0;333
61;88;0;630;0;333
62;88;0;629;0;333
74;88;0;627;0;333
77;88;0;623;0;333
78;88;0;630;0;333
89;88;0;623;0;333
90;88;0;630;0;333
91;88;0;630;0;333
92;88;0;630;0;333
93;88;0;630;0;333
94;88;0;630;0;333
95;88;0;630;0;333
96;88;0;630;0;333
97;88;0;630;0;333
98;88;0;630;0;333
99;88;0;630;0;333
100;88;0;630;0;333
103;88;0;1817;0;333
106;88;0;1273;0;333
110;88;0;1817;0;333
111;88;0;1246;0;333
114;88;0;627;0;333
116;88;0;629;0;333
117;88;0;628;0;333
60;89;0;629;0;333
61;89;0;622;0;333
62;89;0;628;0;333
74;89;0;626;0;333
75;89;0;630;0;333
76;89;0;630;0;333
77;89;0;630;0;333
78;89;0;630;0;333
79;89;0;1257;0;333
80;89;0;1817;0;333
81;89;0;232;0;333
82;89;0;1254;0;333
83;89;0;1250;0;333
84;89;0;1254;0;333
85;89;0;627;0;333
86;89;0;232;0;333
87;89;0;1254;0;333
88;89;0;627;0;333
89;89;0;623;0;333
90;89;0;630;0;333
91;89;0;630;0;333
92;89;0;630;0;333
93;89;0;630;0;333
94;89;0;630;0;333
95;89;0;630;0;333
96;89;0;630;0;333
97;89;0;630;0;333
98;89;0;630;0;333
99;89;0;622;0;333
99;89;0;1273;0;333
100;89;0;622;0;333
107;89;0;1817;0;333
108;89;0;627;0;333
108;89;0;915;0;333
110;89;0;1817;0;333
114;89;0;629;0;333
115;89;0;628;0;333
74;90;0;623;0;333
75;90;0;630;0;333
76;90;0;630;0;333
77;90;0;630;0;333
78;90;0;630;0;333
79;90;0;1257;0;333
80;90;0;1245;0;333
81;90;0;1245;0;333
82;90;0;1246;0;333
83;90;0;1245;0;333
84;90;0;1246;0;333
85;90;0;626;0;333
86;90;0;628;0;333
87;90;0;1245;0;333
88;90;0;1245;0;333
89;90;0;623;0;333
90;90;0;630;0;333
91;90;0;630;0;333
92;90;0;630;0;333
93;90;0;630;0;333
94;90;0;630;0;333
95;90;0;630;0;333
96;90;0;630;0;333
97;90;0;630;0;333
98;90;0;630;0;333
98;90;0;1276;0;333
102;90;0;274;0;333
104;90;0;627;0;333
108;90;0;623;0;333
109;90;0;630;0;333
110;90;0;630;0;333
71;91;0;915;0;333
74;91;0;623;0;333
75;91;0;630;0;333
76;91;0;630;0;333
77;91;0;630;0;333
78;91;0;630;0;333
79;91;0;1257;0;333
80;91;0;1246;0;333
81;91;0;1817;0;333
81;91;0;1246;0;333
82;91;0;1817;0;333
83;91;0;1246;0;333
84;91;0;1783;0;333
87;91;0;274;0;333
88;91;0;1246;0;333
89;91;0;629;0;333
90;91;0;630;0;333
91;91;0;287;0;333
92;91;0;287;0;333
93;91;0;630;0;333
94;91;0;630;0;333
95;91;0;630;0;333
96;91;0;630;0;333
97;91;0;630;0;333
98;91;0;629;0;333
99;91;0;628;0;333
103;91;0;387;0;333
104;91;0;629;0;333
105;91;0;622;0;333
105;91;0;1273;0;333
106;91;0;630;0;333
106;91;0;915;0;333
107;91;0;630;0;333
108;91;0;630;0;333
109;91;0;630;0;333
110;91;0;630;0;333
72;92;0;627;0;333
74;92;0;623;0;333
75;92;0;630;0;333
76;92;0;630;0;333
77;92;0;630;0;333
78;92;0;622;0;333
79;92;0;1257;0;333
80;92;0;628;0;333
80;92;0;1246;0;333
83;92;0;273;0;333
89;92;0;386;0;333
90;92;0;623;0;333
91;92;0;287;0;333
92;92;0;287;0;333
93;92;0;630;0;333
94;92;0;630;0;333
95;92;0;630;0;333
96;92;0;630;0;333
97;92;0;630;0;333
106;92;0;629;0;333
107;92;0;630;0;333
108;92;0;630;0;333
109;92;0;630;0;333
110;92;0;630;0;333
71;93;0;274;0;333
72;93;0;623;0;333
73;93;0;630;0;333
74;93;0;630;0;333
75;93;0;630;0;333
76;93;0;630;0;333
77;93;0;630;0;333
78;93;0;1245;0;333
79;93;0;387;0;333
80;93;0;387;0;333
90;93;0;629;0;333
91;93;0;287;0;333
92;93;0;287;0;333
93;93;0;630;0;333
94;93;0;630;0;333
95;93;0;630;0;333
96;93;0;630;0;333
97;93;0;630;0;333
98;93;0;628;0;333
105;93;0;274;0;333
107;93;0;629;0;333
108;93;0;630;0;333
109;93;0;630;0;333
110;93;0;630;0;333
111;93;0;630;0;333
72;94;0;629;0;333
73;94;0;630;0;333
74;94;0;630;0;333
75;94;0;630;0;333
76;94;0;630;0;333
77;94;0;629;0;333
78;94;0;628;0;333
83;94;0;1782;0;333
90;94;0;386;0;333
91;94;0;680;0;333
92;94;0;633;0;333
93;94;0;633;0;333
94;94;0;633;0;333
95;94;0;633;0;333
96;94;0;633;0;333
97;94;0;681;0;333
107;94;0;274;0;333
108;94;0;629;0;333
108;94;0;914;0;333
109;94;0;630;0;333
110;94;0;630;0;333
111;94;0;630;0;333
73;95;0;629;0;333
74;95;0;630;0;333
75;95;0;630;0;333
76;95;0;629;0;333
77;95;0;628;0;333
89;95;0;1272;0;333
91;95;0;634;0;333
96;95;0;1003;0;333
97;95;0;635;0;333
99;95;0;274;0;333
102;95;0;914;0;333
103;95;0;1817;0;333
109;95;0;626;0;333
109;95;0;1273;0;333
110;95;0;630;0;333
111;95;0;630;0;333
74;96;0;629;0;333
75;96;0;622;0;333
76;96;0;628;0;333
78;96;0;274;0;333
83;96;0;1246;0;333
91;96;0;654;4090;333
96;96;0;2832;0;333
97;96;0;635;0;333
100;96;0;1783;0;333
103;96;0;627;0;333
109;96;0;387;0;333
110;96;0;627;0;333
76;97;0;387;0;333
78;97;0;387;0;333
79;97;0;1817;0;333
82;97;0;1783;0;333
86;97;0;2079;0;333
91;97;0;658;4090;333
95;97;0;632;0;333
95;97;0;690;0;333
96;97;0;632;0;333
97;97;0;635;0;333
97;97;0;632;0;333
101;97;0;627;0;333
103;97;0;626;0;333
104;97;0;628;0;333
110;97;0;626;0;333
111;97;0;628;0;333
79;98;0;627;0;333
82;98;0;1817;0;333
91;98;0;634;0;333
96;98;0;3075;0;333
97;98;0;635;0;333
99;98;0;1782;0;333
101;98;0;627;0;333
79;99;0;626;0;333
80;99;0;628;0;333
81;99;0;274;0;333
82;99;0;1783;0;333
91;99;0;634;0;333
97;99;0;635;0;333
97;99;0;395;0;333
101;99;0;626;0;333
102;99;0;628;0;333
80;100;0;674;0;333
90;100;0;680;0;333
91;100;0;688;0;333
92;100;0;2876;0;333
93;100;0;2876;0;333
94;100;0;2876;0;333
97;100;0;635;0;333
100;100;0;1246;0;333
80;101;0;678;0;333
81;101;0;673;0;333
82;101;0;673;0;333
83;101;0;673;0;333
84;101;0;673;0;333
90;101;0;634;0;333
92;101;0;2876;0;333
93;101;0;2876;0;333
94;101;0;2876;0;333
97;101;0;635;0;333
97;101;0;221;0;333
85;102;0;678;0;333
86;102;0;673;0;333
87;102;0;673;0;333
90;102;0;634;0;333
92;102;0;2876;0;333
93;102;0;2876;0;333
94;102;0;2876;0;333
96;102;0;2857;0;333
97;102;0;635;0;333
88;103;0;674;0;333
90;103;0;634;0;333
92;103;0;2876;0;333
93;103;0;2876;0;333
94;103;0;2876;0;333
96;103;0;3107;0;333
97;103;0;635;0;333
88;104;0;674;0;333
90;104;0;634;0;333
97;104;0;635;0;333
97;104;0;395;0;333
88;105;0;674;0;333
90;105;0;634;0;333
97;105;0;635;0;333
88;106;0;674;0;333
90;106;0;634;0;333
97;106;0;635;0;333
88;107;0;678;0;333
89;107;0;673;0;333
90;107;0;682;0;333
91;107;0;632;0;333
92;107;0;632;0;333
93;107;0;636;0;333
94;107;0;632;0;333
95;107;0;636;0;333
96;107;0;632;0;333
97;107;0;683;0;333
