29;0;627;333
30;0;626;333
33;0;627;333
34;0;626;333
36;0;627;333
37;0;626;333
38;0;627;333
39;0;626;333
10;1;627;333
11;1;627;333
12;1;626;333
19;1;627;333
20;1;626;333
21;1;627;333
22;1;626;333
26;1;627;333
27;1;627;333
28;1;626;333
29;1;629;333
30;1;628;333
31;1;627;333
32;1;626;333
33;1;629;333
34;1;628;333
35;1;627;333
36;1;626;333
37;1;628;333
38;1;629;333
39;1;628;333
6;2;627;333
7;2;626;333
8;2;627;333
9;2;626;333
10;2;629;333
11;2;629;333
12;2;628;333
13;2;627;333
14;2;627;333
15;2;626;333
16;2;627;333
17;2;626;333
18;2;627;333
19;2;626;333
20;2;628;333
21;2;629;333
22;2;627;333
23;2;626;333
24;2;627;333
25;2;626;333
26;2;629;333
27;2;629;333
28;2;628;333
29;2;387;333
30;2;1245;333
31;2;629;333
32;2;628;333
35;2;629;333
36;2;628;333
37;2;387;333
38;2;274;333
39;2;627;333
40;2;626;333
41;2;627;333
42;2;626;333
6;3;629;333
7;3;628;333
8;3;629;333
9;3;628;333
10;3;274;333
12;3;301;333
13;3;629;333
14;3;629;333
15;3;627;333
16;3;626;333
17;3;628;333
18;3;629;333
19;3;628;333
21;3;629;333
22;3;629;333
23;3;628;333
24;3;629;333
25;3;628;333
26;3;627;333
27;3;626;333
33;3;1817;333
34;3;1245;333
39;3;629;333
40;3;628;333
41;3;629;333
42;3;627;333
43;3;626;333
6;4;627;333
7;4;626;333
12;4;308;333
14;4;274;333
15;4;629;333
16;4;627;333
17;4;626;333
20;4;301;333
21;4;301;333
24;4;274;333
26;4;629;333
27;4;628;333
30;4;308;333
33;4;274;333
34;4;273;333
36;4;914;333
42;4;629;333
43;4;628;333
44;4;627;333
45;4;626;333
5;5;627;333
6;5;629;333
7;5;628;333
13;5;1246;333
14;5;914;333
16;5;629;333
17;5;628;333
18;5;387;333
19;5;1817;333
22;5;2832;333
23;5;273;333
25;5;1246;333
30;5;1272;333
35;5;575;333
42;5;274;333
44;5;629;333
45;5;628;333
5;6;629;333
6;6;628;333
10;6;308;333
15;6;273;333
21;6;1272;333
29;6;309;333
37;6;627;333
38;6;627;333
39;6;626;333
44;6;627;333
45;6;627;333
46;6;626;333
5;7;914;333
11;7;1272;333
37;7;629;333
38;7;629;333
39;7;628;333
44;7;629;333
45;7;629;333
46;7;628;333
67;7;623;333
68;7;287;333
69;7;287;333
70;7;287;333
4;8;1245;333
6;8;1817;333
24;8;627;333
25;8;626;333
31;8;627;333
32;8;626;333
39;8;627;333
40;8;626;333
45;8;387;333
46;8;627;333
47;8;626;333
67;8;623;333
68;8;287;333
70;8;287;333
5;9;274;333
7;9;627;333
8;9;626;333
23;9;387;333
24;9;629;333
25;9;628;333
27;9;273;333
30;9;627;333
31;9;626;333
32;9;628;333
39;9;629;333
40;9;628;333
41;9;1783;333
44;9;1246;333
46;9;629;333
47;9;628;333
48;9;627;333
49;9;626;333
66;9;627;333
67;9;623;333
68;9;287;333
70;9;287;333
7;10;629;333
8;10;628;333
10;10;1245;333
13;10;308;333
21;10;308;333
23;10;274;333
24;10;627;333
25;10;626;333
28;10;627;333
29;10;626;333
30;10;629;333
31;10;628;333
40;10;1817;333
43;10;309;333
44;10;1783;333
47;10;301;333
48;10;629;333
49;10;627;333
50;10;626;333
66;10;623;333
67;10;287;333
68;10;287;333
70;10;287;333
71;10;287;333
8;11;387;333
11;11;308;333
21;11;595;333
23;11;387;333
24;11;629;333
25;11;628;333
26;11;626;333
27;11;627;333
28;11;626;333
29;11;628;333
40;11;1246;333
46;11;593;333
49;11;629;333
50;11;627;333
51;11;626;333
52;11;627;333
53;11;626;333
60;11;627;333
61;11;626;333
63;11;627;333
64;11;626;333
65;11;627;333
66;11;623;333
67;11;287;333
71;11;287;333
9;12;574;333
17;12;1817;333
20;12;914;333
22;12;1246;333
23;12;627;333
24;12;626;333
25;12;629;333
26;12;628;333
27;12;629;333
28;12;628;333
46;12;273;333
48;12;914;333
49;12;301;333
50;12;629;333
51;12;628;333
52;12;629;333
53;12;627;333
54;12;626;333
57;12;627;333
58;12;626;333
60;12;629;333
61;12;628;333
62;12;627;333
63;12;626;333
64;12;628;333
65;12;627;333
66;12;623;333
67;12;287;333
71;12;287;333
9;13;274;333
23;13;629;333
24;13;627;333
25;13;626;333
26;13;629;333
27;13;628;333
41;13;627;333
42;13;626;333
50;13;387;333
52;13;627;333
53;13;629;333
54;13;628;333
55;13;627;333
56;13;626;333
57;13;629;333
58;13;628;333
59;13;626;333
62;13;629;333
63;13;628;333
65;13;623;333
66;13;287;333
67;13;287;333
70;13;287;333
71;13;287;333
11;14;627;333
12;14;626;333
13;14;627;333
14;14;626;333
24;14;629;333
25;14;628;333
41;14;629;333
42;14;627;333
43;14;626;333
49;14;1817;333
51;14;387;333
52;14;629;333
53;14;628;333
54;14;627;333
55;14;629;333
56;14;628;333
57;14;626;333
58;14;629;333
59;14;628;333
62;14;627;333
63;14;627;333
65;14;287;333
66;14;287;333
70;14;287;333
10;15;627;333
11;15;629;333
12;15;628;333
13;15;629;333
14;15;628;333
15;15;627;333
16;15;626;333
17;15;627;333
18;15;626;333
19;15;627;333
20;15;626;333
21;15;627;333
22;15;626;333
42;15;629;333
43;15;628;333
50;15;1783;333
51;15;1246;333
54;15;629;333
55;15;628;333
56;15;629;333
57;15;628;333
59;15;1783;333
62;15;623;333
63;15;287;333
64;15;287;333
65;15;287;333
66;15;287;333
70;15;287;333
10;16;629;333
11;16;628;333
15;16;629;333
16;16;628;333
17;16;629;333
18;16;628;333
19;16;629;333
20;16;628;333
21;16;629;333
22;16;628;333
42;16;1246;333
43;16;627;333
44;16;626;333
50;16;273;333
55;16;273;333
62;16;623;333
63;16;287;333
64;16;287;333
69;16;287;333
70;16;287;333
43;17;629;333
44;17;628;333
51;17;308;333
57;17;274;333
58;17;627;333
59;17;627;333
62;17;287;333
63;17;287;333
69;17;287;333
43;18;627;333
44;18;626;333
46;18;1783;333
47;18;1783;333
53;18;308;333
58;18;623;333
59;18;287;333
60;18;287;333
61;18;287;333
62;18;287;333
63;18;287;333
69;18;287;333
43;19;629;333
44;19;628;333
45;19;308;333
56;19;914;333
57;19;627;333
58;19;623;333
59;19;287;333
60;19;287;333
61;19;287;333
68;19;287;333
69;19;287;333
45;20;914;333
47;20;274;333
58;20;623;333
59;20;287;333
68;20;287;333
46;21;1246;333
49;21;1272;333
57;21;627;333
58;21;623;333
59;21;287;333
60;21;287;333
68;21;287;333
43;22;627;333
44;22;626;333
51;22;1783;333
55;22;1817;333
58;22;629;333
59;22;630;333
60;22;287;333
68;22;287;333
69;22;287;333
43;23;629;333
44;23;628;333
53;23;273;333
56;23;1246;333
59;23;623;333
60;23;287;333
69;23;287;333
70;23;287;333
71;23;287;333
44;24;627;333
45;24;626;333
57;24;274;333
59;24;623;333
60;24;287;333
71;24;287;333
72;24;287;333
73;24;287;333
74;24;287;333
75;24;287;333
43;25;273;333
44;25;629;333
45;25;628;333
48;25;274;333
52;25;1246;333
58;25;627;333
59;25;623;333
60;25;287;333
61;25;287;333
75;25;287;333
76;25;287;333
77;25;287;333
78;25;287;333
79;25;287;333
44;26;627;333
45;26;626;333
59;26;629;333
60;26;630;333
61;26;287;333
79;26;287;333
83;26;627;333
84;26;626;333
44;27;629;333
45;27;628;333
48;27;308;333
49;27;1272;333
58;27;274;333
59;27;387;333
60;27;623;333
61;27;287;333
79;27;287;333
80;27;287;333
83;27;629;333
84;27;628;333
44;28;627;333
45;28;626;333
57;28;592;333
59;28;387;333
60;28;623;333
61;28;287;333
80;28;287;333
81;28;627;333
82;28;626;333
43;29;627;333
44;29;626;333
45;29;628;333
52;29;273;333
56;29;309;333
59;29;623;333
60;29;287;333
61;29;287;333
78;29;287;333
79;29;287;333
80;29;287;333
81;29;629;333
82;29;628;333
43;30;629;333
44;30;628;333
45;30;627;333
59;30;623;333
60;30;287;333
69;30;287;333
70;30;287;333
71;30;287;333
72;30;287;333
74;30;287;333
75;30;287;333
76;30;287;333
77;30;287;333
78;30;287;333
79;30;287;333
80;30;622;333
81;30;628;333
43;31;627;333
44;31;623;333
45;31;287;333
53;31;274;333
55;31;1783;333
58;31;623;333
59;31;287;333
60;31;287;333
67;31;287;333
68;31;287;333
69;31;287;333
70;31;622;333
71;31;630;333
72;31;287;333
73;31;287;333
74;31;287;333
75;31;622;333
76;31;622;333
77;31;622;333
78;31;622;333
79;31;622;333
80;31;628;333
43;32;273;333
44;32;623;333
45;32;287;333
46;32;287;333
57;32;627;333
58;32;623;333
59;32;287;333
60;32;287;333
64;32;287;333
65;32;287;333
66;32;287;333
67;32;287;333
68;32;622;333
69;32;622;333
70;32;628;333
71;32;629;333
72;32;622;333
73;32;622;333
74;32;622;333
75;32;628;333
77;32;628;333
78;32;627;333
79;32;626;333
44;33;629;333
45;33;630;333
46;33;287;333
47;33;287;333
55;33;1817;333
58;33;629;333
59;33;630;333
60;33;287;333
62;33;287;333
63;33;287;333
64;33;287;333
65;33;622;333
66;33;622;333
67;33;622;333
68;33;628;333
72;33;628;333
73;33;627;333
74;33;626;333
78;33;629;333
79;33;628;333
42;34;627;333
43;34;626;333
45;34;623;333
46;34;287;333
47;34;287;333
48;34;287;333
59;34;623;333
60;34;287;333
61;34;287;333
62;34;287;333
63;34;622;333
64;34;622;333
65;34;628;333
68;34;274;333
70;34;627;333
71;34;626;333
73;34;629;333
74;34;628;333
76;34;914;333
42;35;629;333
43;35;628;333
45;35;629;333
46;35;622;333
47;35;630;333
48;35;287;333
49;35;287;333
57;35;914;333
59;35;629;333
60;35;622;333
61;35;622;333
62;35;622;333
63;35;628;333
64;35;387;333
65;35;387;333
66;35;914;333
70;35;629;333
71;35;628;333
72;35;274;333
44;36;308;333
46;36;274;333
47;36;623;333
48;36;287;333
49;36;287;333
50;36;287;333
51;36;628;333
55;36;1783;333
57;36;308;333
61;36;628;333
64;36;274;333
46;37;1246;333
47;37;629;333
48;37;622;333
49;37;622;333
50;37;622;333
51;37;628;333
55;37;2832;333
57;37;627;333
58;37;626;333
62;37;1246;333
48;38;628;333
50;38;628;333
51;38;1817;333
52;38;1246;333
57;38;629;333
58;38;628;333
59;38;626;333
63;38;1817;333
48;39;274;333
50;39;273;333
52;39;1246;333
53;39;627;333
54;39;626;333
55;39;627;333
56;39;626;333
58;39;629;333
59;39;628;333
53;40;629;333
54;40;628;333
55;40;629;333
56;40;628;333
