1;0;287;333
2;0;287;333
3;0;287;333
4;0;287;333
5;0;287;333
6;0;287;333
7;0;287;333
8;0;287;333
9;0;287;333
10;0;287;333
11;0;287;333
12;0;287;333
13;0;287;333
14;0;287;333
15;0;287;333
16;0;287;333
17;0;287;333
18;0;287;333
19;0;287;333
20;0;287;333
21;0;287;333
22;0;287;333
23;0;287;333
24;0;287;333
25;0;287;333
26;0;287;333
27;0;287;333
28;0;287;333
29;0;287;333
30;0;287;333
1;1;287;333
2;1;287;333
3;1;629;333
4;1;628;333
5;1;626;333
6;1;628;333
7;1;627;333
8;1;622;333
9;1;622;333
10;1;628;333
11;1;629;333
12;1;627;333
13;1;628;333
14;1;626;333
15;1;629;333
16;1;628;333
17;1;629;333
18;1;622;333
19;1;622;333
20;1;628;333
21;1;623;333
22;1;599;333
23;1;596;333
24;1;630;333
25;1;622;333
25;1;425;333
26;1;627;333
27;1;628;333
29;1;626;333
30;1;287;333
31;1;287;333
32;1;287;333
33;1;287;333
34;1;287;333
35;1;287;333
36;1;287;333
37;1;287;333
38;1;287;333
62;1;287;333
63;1;287;333
64;1;287;333
65;1;287;333
66;1;287;333
67;1;287;333
68;1;287;333
69;1;287;333
70;1;287;333
71;1;287;333
72;1;287;333
73;1;287;333
74;1;287;333
1;2;287;333
3;2;3099;333
3;2;3095;333
3;2;3094;333
3;2;425;333
4;2;66;333
4;2;425;333
5;2;1266;333
5;2;425;333
6;2;3095;333
6;2;2856;333
7;2;66;333
7;2;3093;333
7;2;424;333
8;2;613;333
8;2;424;333
8;2;425;333
9;2;3097;333
9;2;3094;333
11;2;3101;333
11;2;164;333
12;2;425;333
13;2;1272;333
13;2;425;333
15;2;3099;333
15;2;425;333
18;2;425;333
19;2;164;333
19;2;425;333
20;2;3098;333
20;2;3095;333
20;2;425;333
21;2;425;333
22;2;3101;333
22;2;2403;333
22;2;3101;333
23;2;2937;333
23;2;331;333
24;2;3101;333
24;2;425;333
25;2;1245;333
25;2;3101;333
25;2;3095;333
25;2;425;333
27;2;2038;333
28;2;3097;333
28;2;3095;333
28;2;3093;333
29;2;623;333
30;2;287;333
31;2;287;333
32;2;287;333
33;2;287;333
34;2;287;333
35;2;622;333
36;2;628;333
37;2;626;333
38;2;287;333
43;2;287;333
44;2;287;333
45;2;287;333
46;2;287;333
47;2;287;333
48;2;287;333
49;2;287;333
50;2;287;333
51;2;287;333
52;2;287;333
53;2;287;333
54;2;287;333
55;2;287;333
56;2;287;333
57;2;287;333
58;2;287;333
59;2;287;333
60;2;287;333
61;2;287;333
62;2;287;333
63;2;287;333
64;2;628;333
65;2;627;333
66;2;629;333
67;2;628;333
68;2;623;333
69;2;599;333
70;2;596;333
71;2;630;333
72;2;628;333
73;2;627;333
74;2;287;333
1;3;287;333
3;3;1246;333
3;3;3094;333
4;3;1266;333
5;3;391;333
6;3;421;333
6;3;375;333
6;3;2038;333
6;3;3101;333
8;3;3100;333
8;3;3095;333
8;3;425;333
9;3;2038;333
10;3;1266;333
10;3;1265;333
11;3;1272;333
13;3;914;333
13;3;3101;333
15;3;2937;333
15;3;3101;333
16;3;3101;333
17;3;3101;333
20;3;3101;333
25;3;3096;333
26;3;1265;333
28;3;1246;333
28;3;3101;333
28;3;3093;333
29;3;623;333
29;3;625;333
30;3;287;333
31;3;287;333
32;3;287;333
33;3;287;333
35;3;3101;333
35;3;3095;333
35;3;2856;333
35;3;425;333
36;3;66;333
36;3;1250;333
36;3;424;333
36;3;425;333
37;3;627;333
38;3;287;333
43;3;287;333
44;3;287;333
45;3;599;333
46;3;628;333
47;3;626;333
48;3;622;333
49;3;628;333
50;3;287;333
51;3;287;333
52;3;287;333
53;3;287;333
54;3;628;333
55;3;629;333
56;3;629;333
57;3;628;333
58;3;629;333
59;3;628;333
60;3;627;333
61;3;628;333
62;3;629;333
63;3;287;333
64;3;3099;333
64;3;3094;333
64;3;3095;333
66;3;1247;333
68;3;1245;333
68;3;1251;333
68;3;3101;333
69;3;1266;333
69;3;3101;333
72;3;3098;333
72;3;3093;333
72;3;3095;333
73;3;629;333
74;3;287;333
1;4;287;333
8;4;3099;333
8;4;3101;333
9;4;1272;333
11;4;2038;333
12;4;1250;333
12;4;3101;333
18;4;1265;333
18;4;2038;333
18;4;3101;333
20;4;1266;333
21;4;1266;333
21;4;1265;333
21;4;3101;333
22;4;1247;333
22;4;1273;333
22;4;3101;333
22;4;3101;333
23;4;3101;333
24;4;3093;333
24;4;424;333
25;4;405;333
25;4;613;333
25;4;3101;333
25;4;424;333
25;4;425;333
26;4;3094;333
29;4;623;333
30;4;287;333
31;4;287;333
32;4;287;333
33;4;287;333
35;4;3101;333
36;4;424;333
37;4;623;333
38;4;287;333
39;4;287;333
40;4;287;333
41;4;287;333
42;4;287;333
43;4;287;333
45;4;3097;333
45;4;3095;333
46;4;425;333
47;4;425;333
49;4;3099;333
49;4;3095;333
50;4;629;333
51;4;622;333
52;4;622;333
53;4;622;333
54;4;3098;333
54;4;3095;333
56;4;1272;333
56;4;3101;333
56;4;425;333
57;4;425;333
58;4;1247;333
58;4;3095;333
59;4;3100;333
61;4;2038;333
62;4;3098;333
62;4;3095;333
63;4;287;333
63;4;623;333
65;4;1247;333
65;4;914;333
66;4;1265;333
73;4;627;333
74;4;287;333
1;5;287;333
5;5;3097;333
6;5;1245;333
6;5;3101;333
7;5;3099;333
8;5;3098;333
10;5;20;333
11;5;1265;333
14;5;1246;333
14;5;3101;333
14;5;3101;333
16;5;1246;333
16;5;1266;333
16;5;3101;333
23;5;1247;333
23;5;3101;333
23;5;3101;333
23;5;2526;333
24;5;2562;333
24;5;59;333
25;5;3095;333
25;5;425;333
27;5;1265;333
27;5;3096;333
29;5;629;333
30;5;622;333
31;5;628;333
32;5;629;333
33;5;622;333
34;5;628;333
36;5;2038;333
37;5;287;333
38;5;287;333
39;5;287;333
40;5;287;333
41;5;287;333
42;5;287;333
43;5;287;333
46;5;3101;333
48;5;3101;333
50;5;425;333
51;5;1245;333
52;5;425;333
53;5;425;333
54;5;3101;333
60;5;3101;333
61;5;28;333
62;5;3101;333
63;5;287;333
63;5;597;333
65;5;3101;333
67;5;1272;333
67;5;3096;333
68;5;914;333
72;5;66;333
72;5;2856;333
73;5;628;333
74;5;287;333
1;6;287;333
4;6;1266;333
5;6;914;333
6;6;3101;333
8;6;3097;333
8;6;3101;333
12;6;164;333
13;6;3097;333
14;6;3099;333
14;6;2038;333
15;6;1250;333
16;6;3097;333
17;6;915;333
18;6;3098;333
19;6;3097;333
20;6;2038;333
20;6;3101;333
21;6;1266;333
24;6;2287;333
26;6;3101;333
26;6;3093;333
26;6;2565;333
26;6;424;333
27;6;405;333
27;6;613;333
27;6;3101;333
27;6;424;333
27;6;425;333
28;6;1266;333
28;6;3094;333
28;6;3101;333
29;6;3099;333
29;6;3095;333
29;6;420;333
30;6;3100;333
30;6;3101;333
30;6;3095;333
30;6;425;333
31;6;425;333
32;6;1247;333
32;6;1265;333
32;6;425;333
33;6;1266;333
34;6;1245;333
37;6;287;333
37;6;625;333
38;6;287;333
39;6;287;333
40;6;287;333
41;6;287;333
42;6;287;333
43;6;287;333
46;6;914;333
46;6;2038;333
46;6;3093;333
47;6;627;333
53;6;1250;333
55;6;3093;333
56;6;627;333
57;6;629;333
58;6;1265;333
62;6;1246;333
62;6;3101;333
62;6;3093;333
63;6;287;333
66;6;635;333
66;6;403;333
67;6;632;333
67;6;634;333
67;6;622;333
68;6;632;333
68;6;628;333
69;6;683;333
70;6;1266;333
71;6;1251;333
72;6;422;333
73;6;627;333
74;6;287;333
1;7;287;333
3;7;66;333
3;7;1246;333
3;7;3094;333
3;7;3101;333
7;7;337;333
7;7;2777;333
7;7;2038;333
8;7;3098;333
10;7;1272;333
11;7;391;333
16;7;3101;333
17;7;164;333
18;7;2856;333
19;7;3100;333
22;7;914;333
22;7;3101;333
24;7;2856;333
25;7;66;333
25;7;3101;333
27;7;3095;333
27;7;425;333
27;7;164;333
28;7;1272;333
28;7;1266;333
29;7;3098;333
29;7;3101;333
29;7;3096;333
30;7;3099;333
30;7;3096;333
34;7;1265;333
34;7;3101;333
37;7;623;333
38;7;287;333
39;7;287;333
40;7;287;333
41;7;287;333
42;7;287;333
43;7;287;333
47;7;629;333
48;7;629;333
56;7;287;333
57;7;287;333
61;7;287;333
62;7;287;333
63;7;287;333
64;7;1251;333
64;7;2038;333
64;7;3094;333
65;7;1265;333
66;7;635;333
66;7;391;333
67;7;3100;333
69;7;1272;333
72;7;337;333
72;7;3093;333
73;7;628;333
74;7;287;333
1;8;287;333
3;8;3101;333
5;8;1250;333
5;8;3101;333
6;8;3101;333
8;8;3099;333
9;8;1245;333
9;8;3101;333
12;8;1266;333
18;8;1250;333
18;8;2038;333
18;8;3101;333
19;8;1254;333
23;8;66;333
25;8;2038;333
27;8;3101;333
28;8;424;333
29;8;627;333
36;8;914;333
36;8;3101;333
37;8;629;333
38;8;622;333
39;8;628;333
40;8;629;333
41;8;628;333
42;8;627;333
43;8;628;333
44;8;287;333
45;8;3101;333
45;8;3094;333
47;8;627;333
48;8;287;333
49;8;287;333
50;8;287;333
51;8;287;333
52;8;287;333
53;8;287;333
54;8;287;333
55;8;287;333
56;8;287;333
57;8;287;333
58;8;287;333
59;8;287;333
60;8;287;333
61;8;287;333
62;8;287;333
66;8;683;333
66;8;690;333
67;8;66;333
68;8;1251;333
73;8;623;333
74;8;287;333
1;9;287;333
3;9;3097;333
3;9;3094;333
5;9;232;333
6;9;421;333
7;9;3101;333
8;9;3097;333
8;9;3101;333
9;9;164;333
11;9;1247;333
11;9;1273;333
11;9;914;333
11;9;3101;333
13;9;2038;333
15;9;1272;333
19;9;3097;333
24;9;1266;333
27;9;2395;333
27;9;3101;333
28;9;424;333
29;9;623;333
30;9;287;333
31;9;287;333
32;9;287;333
33;9;287;333
37;9;3095;333
37;9;230;333
39;9;425;333
40;9;1250;333
40;9;3101;333
40;9;425;333
42;9;3098;333
42;9;3095;333
43;9;66;333
43;9;914;333
43;9;3101;333
43;9;405;333
44;9;622;333
47;9;597;333
48;9;287;333
49;9;287;333
50;9;287;333
51;9;287;333
52;9;287;333
53;9;287;333
54;9;287;333
55;9;287;333
56;9;287;333
57;9;287;333
58;9;287;333
59;9;287;333
60;9;287;333
61;9;287;333
62;9;287;333
65;9;3093;333
65;9;403;333
66;9;634;333
67;9;3101;333
67;9;3094;333
68;9;1272;333
70;9;337;333
73;9;623;333
74;9;287;333
1;10;287;333
5;10;3099;333
6;10;337;333
8;10;3100;333
9;10;1265;333
10;10;914;333
10;10;3101;333
12;10;1266;333
14;10;1245;333
14;10;66;333
16;10;1251;333
16;10;3101;333
19;10;3098;333
21;10;2937;333
22;10;3101;333
23;10;3096;333
25;10;1272;333
28;10;1265;333
28;10;424;333
29;10;628;333
29;10;627;333
30;10;287;333
31;10;287;333
32;10;287;333
33;10;287;333
36;10;2937;333
36;10;3101;333
37;10;3096;333
38;10;1247;333
38;10;1266;333
38;10;3101;333
39;10;1266;333
40;10;3101;333
41;10;2696;333
43;10;2038;333
43;10;3096;333
44;10;3098;333
47;10;598;333
48;10;287;333
49;10;287;333
50;10;287;333
51;10;287;333
52;10;287;333
53;10;287;333
54;10;287;333
55;10;287;333
56;10;287;333
57;10;287;333
58;10;287;333
59;10;287;333
60;10;287;333
61;10;287;333
62;10;287;333
65;10;1247;333
66;10;634;333
68;10;28;333
72;10;337;333
72;10;3093;333
73;10;629;333
74;10;287;333
1;11;287;333
5;11;1245;333
5;11;3101;333
6;11;914;333
7;11;3097;333
8;11;3099;333
8;11;3101;333
9;11;3097;333
10;11;3097;333
10;11;3098;333
10;11;3101;333
11;11;3099;333
11;11;2038;333
12;11;3100;333
12;11;3101;333
13;11;3097;333
14;11;3098;333
15;11;3100;333
19;11;3097;333
21;11;1266;333
21;11;3101;333
22;11;3093;333
22;11;424;333
23;11;405;333
23;11;613;333
23;11;3101;333
23;11;424;333
23;11;425;333
24;11;3094;333
27;11;1251;333
27;11;3101;333
27;11;3096;333
28;11;3098;333
29;11;623;333
30;11;287;333
31;11;287;333
32;11;287;333
33;11;287;333
36;11;424;333
37;11;623;333
38;11;287;333
39;11;287;333
40;11;287;333
41;11;287;333
42;11;287;333
43;11;287;333
45;11;1245;333
45;11;3101;333
47;11;622;333
48;11;628;333
49;11;629;333
50;11;628;333
51;11;623;333
52;11;597;333
52;11;3095;333
52;11;425;333
53;11;597;333
53;11;3095;333
53;11;425;333
54;11;597;333
54;11;3095;333
54;11;425;333
55;11;597;333
55;11;3095;333
55;11;425;333
56;11;629;333
57;11;622;333
58;11;622;333
59;11;626;333
60;11;627;333
61;11;628;333
62;11;287;333
63;11;628;333
66;11;634;333
66;11;627;333
67;11;3098;333
69;11;1272;333
69;11;3096;333
71;11;1247;333
71;11;1251;333
72;11;1266;333
72;11;3100;333
73;11;627;333
74;11;287;333
1;12;287;333
4;12;1265;333
5;12;3101;333
6;12;1247;333
9;12;66;333
9;12;1246;333
10;12;2856;333
11;12;627;333
13;12;1247;333
13;12;3101;333
13;12;3094;333
18;12;66;333
18;12;3101;333
19;12;1245;333
19;12;3096;333
23;12;3099;333
23;12;425;333
24;12;3097;333
25;12;3097;333
26;12;3100;333
26;12;3093;333
26;12;424;333
27;12;613;333
27;12;424;333
27;12;425;333
28;12;622;333
29;12;629;333
30;12;627;333
31;12;628;333
32;12;629;333
33;12;622;333
34;12;628;333
36;12;914;333
36;12;424;333
37;12;629;333
38;12;628;333
39;12;627;333
40;12;628;333
41;12;622;333
42;12;628;333
43;12;629;333
44;12;628;333
48;12;3100;333
49;12;3099;333
51;12;1266;333
51;12;3095;333
54;12;1272;333
54;12;3101;333
56;12;1245;333
57;12;3095;333
57;12;425;333
58;12;425;333
61;12;3100;333
61;12;3095;333
62;12;622;333
63;12;3099;333
63;12;3095;333
64;12;3101;333
64;12;3101;333
65;12;1245;333
66;12;600;333
66;12;629;333
67;12;622;333
68;12;633;333
69;12;633;333
69;12;2038;333
69;12;3095;333
70;12;633;333
71;12;600;333
71;12;622;333
72;12;600;333
72;12;629;333
73;12;600;333
74;12;287;333
1;13;287;333
2;13;629;333
3;13;3097;333
3;13;3094;333
3;13;3096;333
5;13;1265;333
8;13;3101;333
10;13;3101;333
10;13;2038;333
11;13;628;333
12;13;287;333
13;13;66;333
13;13;3101;333
13;13;3094;333
16;13;2937;333
16;13;3101;333
16;13;59;333
17;13;3101;333
18;13;3093;333
18;13;424;333
18;13;231;333
19;13;613;333
19;13;424;333
19;13;425;333
20;13;1273;333
20;13;3101;333
20;13;3094;333
22;13;1266;333
23;13;2038;333
24;13;3101;333
24;13;59;333
25;13;1245;333
25;13;3101;333
26;13;2856;333
27;13;66;333
27;13;3095;333
27;13;425;333
27;13;164;333
28;13;3097;333
29;13;2663;333
30;13;1265;333
31;13;1272;333
32;13;3098;333
32;13;3101;333
32;13;3095;333
32;13;421;333
33;13;3097;333
33;13;3095;333
34;13;2038;333
34;13;3101;333
37;13;425;333
38;13;1250;333
39;13;425;333
41;13;425;333
42;13;1273;333
43;13;1265;333
44;13;1246;333
45;13;3101;333
51;13;1250;333
51;13;1272;333
54;13;1251;333
56;13;1265;333
57;13;1266;333
57;13;3101;333
62;13;1796;333
66;13;600;333
67;13;3098;333
67;13;3094;333
67;13;3095;333
68;13;3101;333
70;13;1247;333
71;13;3098;333
72;13;66;333
72;13;1272;333
72;13;3095;333
73;13;628;333
74;13;287;333
1;14;287;333
2;14;287;333
3;14;287;333
4;14;287;333
5;14;287;333
6;14;287;333
7;14;287;333
8;14;629;333
11;14;627;333
12;14;287;333
13;14;186;333
18;14;1251;333
19;14;3100;333
19;14;3095;333
19;14;417;333
21;14;66;333
24;14;2673;333
29;14;3096;333
31;14;3101;333
32;14;3099;333
32;14;3101;333
32;14;3096;333
33;14;3100;333
33;14;3096;333
34;14;391;333
35;14;1251;333
35;14;1266;333
40;14;3096;333
44;14;1265;333
46;14;2856;333
47;14;1246;333
47;14;3096;333
48;14;627;333
52;14;914;333
53;14;3099;333
53;14;3096;333
54;14;3101;333
54;14;3100;333
55;14;3099;333
55;14;3096;333
59;14;66;333
59;14;1251;333
59;14;2038;333
59;14;3096;333
61;14;375;333
62;14;1794;333
63;14;66;333
65;14;3101;333
66;14;635;333
66;14;629;333
67;14;1272;333
68;14;2832;333
72;14;1251;333
72;14;3101;333
72;14;2856;333
73;14;627;333
74;14;287;333
7;15;287;333
9;15;66;333
9;15;3094;333
11;15;626;333
12;15;287;333
15;15;1246;333
15;15;3096;333
18;15;164;333
19;15;915;333
27;15;1250;333
28;15;3093;333
28;15;424;333
29;15;405;333
29;15;613;333
29;15;3101;333
29;15;424;333
29;15;425;333
30;15;3094;333
32;15;627;333
48;15;287;333
49;15;287;333
50;15;287;333
51;15;287;333
52;15;287;333
53;15;287;333
54;15;287;333
55;15;287;333
56;15;287;333
57;15;287;333
58;15;287;333
61;15;1266;333
61;15;3101;333
62;15;1797;333
66;15;635;333
66;15;403;333
66;15;391;333
72;15;3093;333
73;15;622;333
74;15;287;333
7;16;287;333
11;16;623;333
12;16;287;333
13;16;1265;333
15;16;3099;333
15;16;3097;333
19;16;3099;333
22;16;3101;333
26;16;3101;333
29;16;3095;333
29;16;425;333
30;16;1245;333
30;16;2038;333
30;16;3101;333
32;16;623;333
33;16;287;333
34;16;287;333
35;16;287;333
36;16;287;333
37;16;287;333
38;16;287;333
39;16;287;333
40;16;287;333
41;16;287;333
42;16;287;333
43;16;287;333
44;16;287;333
45;16;287;333
46;16;287;333
47;16;287;333
48;16;287;333
49;16;287;333
50;16;287;333
51;16;287;333
52;16;287;333
53;16;287;333
54;16;287;333
55;16;287;333
56;16;287;333
57;16;287;333
58;16;287;333
60;16;1250;333
60;16;3101;333
60;16;3094;333
61;16;1272;333
62;16;1792;333
63;16;1266;333
63;16;3101;333
66;16;635;333
68;16;337;333
70;16;337;333
72;16;337;333
73;16;597;333
74;16;287;333
7;17;287;333
9;17;1245;333
9;17;3094;333
11;17;623;333
12;17;287;333
15;17;3099;333
15;17;2038;333
16;17;1265;333
17;17;2038;333
17;17;3101;333
19;17;3098;333
23;17;3096;333
26;17;2937;333
27;17;3101;333
31;17;3093;333
31;17;3101;333
32;17;629;333
33;17;628;333
34;17;626;333
35;17;629;333
36;17;628;333
37;17;627;333
38;17;628;333
39;17;626;333
40;17;287;333
41;17;287;333
42;17;287;333
43;17;287;333
44;17;287;333
45;17;287;333
46;17;287;333
47;17;627;333
48;17;628;333
49;17;627;333
50;17;629;333
51;17;287;333
52;17;287;333
53;17;287;333
54;17;287;333
55;17;287;333
56;17;287;333
57;17;287;333
58;17;287;333
60;17;1272;333
62;17;1792;333
66;17;635;333
66;17;627;333
70;17;420;333
70;17;2937;333
71;17;1266;333
72;17;3097;333
72;17;3093;333
73;17;598;333
74;17;287;333
7;18;287;333
10;18;3101;333
11;18;626;333
12;18;287;333
13;18;2856;333
15;18;3098;333
19;18;3097;333
20;18;914;333
21;18;66;333
21;18;3101;333
22;18;3093;333
22;18;424;333
22;18;164;333
23;18;405;333
23;18;613;333
23;18;3101;333
23;18;424;333
23;18;425;333
24;18;3094;333
28;18;1251;333
28;18;3101;333
29;18;3101;333
33;18;425;333
34;18;66;333
34;18;3101;333
34;18;3095;333
34;18;425;333
35;18;425;333
39;18;3097;333
39;18;3095;333
39;18;422;333
40;18;629;333
41;18;622;333
42;18;626;333
43;18;626;333
44;18;628;333
45;18;629;333
46;18;622;333
47;18;3101;333
47;18;3095;333
47;18;425;333
48;18;2038;333
48;18;425;333
49;18;3101;333
49;18;3093;333
49;18;3097;333
50;18;626;333
51;18;287;333
52;18;287;333
53;18;287;333
54;18;287;333
55;18;287;333
56;18;287;333
57;18;287;333
58;18;287;333
61;18;3101;333
62;18;1797;333
62;18;1795;333
63;18;1246;333
63;18;1272;333
63;18;3101;333
63;18;3101;333
63;18;3094;333
65;18;914;333
66;18;623;333
68;18;1247;333
68;18;3101;333
72;18;3100;333
73;18;628;333
74;18;287;333
4;19;287;333
5;19;287;333
6;19;287;333
7;19;287;333
10;19;424;333
11;19;627;333
12;19;287;333
15;19;3098;333
16;19;1246;333
16;19;1266;333
16;19;3096;333
18;19;3100;333
18;19;3096;333
19;19;232;333
20;19;3096;333
20;19;3099;333
23;19;3095;333
23;19;2038;333
23;19;425;333
26;19;2650;333
31;19;66;333
31;19;3096;333
33;19;2728;333
35;19;3101;333
36;19;1246;333
36;19;3096;333
41;19;425;333
42;19;425;333
43;19;1245;333
43;19;3095;333
43;19;3101;333
48;19;28;333
49;19;424;333
50;19;627;333
51;19;287;333
52;19;287;333
53;19;287;333
54;19;287;333
55;19;287;333
56;19;287;333
57;19;287;333
58;19;287;333
60;19;1273;333
60;19;3101;333
62;19;1796;333
63;19;1266;333
66;19;635;333
66;19;629;333
72;19;3093;333
73;19;627;333
74;19;287;333
4;20;287;333
5;20;287;333
6;20;629;333
7;20;622;333
8;20;628;333
10;20;424;333
11;20;629;333
12;20;287;333
15;20;680;333
16;20;287;333
33;20;287;333
34;20;622;333
35;20;633;333
35;20;628;333
36;20;633;333
37;20;634;333
40;20;3101;333
46;20;287;333
47;20;3101;333
47;20;3094;333
49;20;3101;333
49;20;3096;333
49;20;424;333
50;20;628;333
51;20;287;333
52;20;287;333
53;20;287;333
54;20;287;333
55;20;287;333
56;20;287;333
57;20;287;333
58;20;287;333
61;20;3093;333
62;20;613;333
63;20;1273;333
63;20;3101;333
65;20;3093;333
66;20;635;333
66;20;628;333
66;20;403;333
67;20;1272;333
67;20;3094;333
68;20;337;333
70;20;337;333
72;20;337;333
73;20;629;333
74;20;287;333
4;21;287;333
6;21;66;333
9;21;3101;333
11;21;627;333
12;21;287;333
13;21;652;333
14;21;668;333
15;21;634;333
16;21;287;333
17;21;287;333
18;21;287;333
19;21;287;333
20;21;287;333
21;21;287;333
22;21;287;333
23;21;287;333
24;21;287;333
25;21;287;333
26;21;287;333
27;21;287;333
28;21;287;333
29;21;287;333
30;21;287;333
31;21;287;333
32;21;287;333
34;21;3098;333
34;21;3095;333
37;21;682;333
38;21;632;333
39;21;632;333
40;21;632;333
41;21;680;333
41;21;690;333
42;21;633;333
42;21;1250;333
43;21;633;333
44;21;633;333
44;21;401;333
44;21;3095;333
45;21;633;333
45;21;914;333
46;21;633;333
46;21;627;333
47;21;287;333
48;21;600;333
48;21;629;333
49;21;600;333
49;21;628;333
50;21;287;333
51;21;287;333
52;21;683;333
53;21;633;333
54;21;599;333
55;21;596;333
56;21;633;333
56;21;628;333
57;21;633;333
57;21;627;333
58;21;681;333
58;21;629;333
58;21;626;333
59;21;628;333
60;21;1266;333
60;21;3101;333
62;21;623;333
62;21;629;333
63;21;3101;333
66;21;635;333
66;21;3093;333
69;21;1265;333
69;21;3101;333
69;21;3096;333
70;21;1272;333
71;21;1266;333
73;21;623;333
74;21;287;333
4;22;287;333
8;22;1245;333
8;22;3096;333
8;22;3101;333
9;22;2856;333
10;22;3097;333
10;22;3096;333
11;22;628;333
12;22;287;333
15;22;634;333
16;22;287;333
17;22;287;333
18;22;287;333
19;22;287;333
20;22;287;333
21;22;287;333
22;22;287;333
23;22;287;333
24;22;287;333
25;22;287;333
26;22;287;333
27;22;287;333
28;22;287;333
29;22;287;333
30;22;287;333
31;22;287;333
32;22;287;333
35;22;3101;333
37;22;3096;333
38;22;3101;333
39;22;401;333
40;22;3096;333
41;22;3101;333
45;22;3101;333
47;22;3101;333
53;22;2937;333
53;22;3101;333
53;22;3095;333
54;22;3101;333
54;22;3095;333
54;22;405;333
57;22;2038;333
57;22;3100;333
57;22;3093;333
57;22;3095;333
58;22;635;333
58;22;628;333
59;22;1273;333
61;22;2038;333
62;22;287;333
63;22;287;333
65;22;66;333
65;22;3101;333
66;22;689;333
67;22;633;333
67;22;3095;333
68;22;633;333
68;22;401;333
69;22;633;333
69;22;627;333
70;22;633;333
70;22;622;333
73;22;623;333
73;22;625;333
74;22;287;333
4;23;287;333
8;23;627;333
11;23;287;333
12;23;287;333
13;23;3101;333
14;23;403;333
15;23;634;333
16;23;287;333
17;23;287;333
18;23;287;333
19;23;287;333
20;23;287;333
21;23;287;333
22;23;287;333
23;23;287;333
24;23;287;333
25;23;287;333
26;23;287;333
27;23;287;333
28;23;287;333
29;23;287;333
30;23;287;333
31;23;287;333
32;23;287;333
34;23;66;333
37;23;287;333
37;23;623;333
38;23;287;333
38;23;596;333
39;23;287;333
39;23;626;333
40;23;287;333
40;23;622;333
41;23;600;333
41;23;596;333
43;23;66;333
44;23;3101;333
47;23;3100;333
52;23;1246;333
52;23;3096;333
53;23;3101;333
55;23;1251;333
57;23;375;333
58;23;635;333
58;23;2038;333
58;23;3093;333
62;23;287;333
63;23;287;333
67;23;2038;333
70;23;3095;333
73;23;623;333
74;23;287;333
4;24;287;333
8;24;628;333
9;24;287;333
10;24;287;333
11;24;287;333
12;24;287;333
14;24;391;333
14;24;3093;333
15;24;634;333
16;24;287;333
17;24;287;333
18;24;287;333
19;24;287;333
20;24;287;333
21;24;287;333
22;24;287;333
23;24;287;333
24;24;287;333
25;24;287;333
26;24;287;333
27;24;287;333
28;24;287;333
29;24;287;333
30;24;287;333
31;24;287;333
32;24;287;333
36;24;1247;333
36;24;3101;333
37;24;623;333
38;24;3094;333
38;24;3099;333
38;24;3101;333
40;24;3093;333
40;24;2038;333
41;24;629;333
42;24;600;333
42;24;599;333
43;24;600;333
43;24;599;333
44;24;622;333
45;24;622;333
46;24;622;333
47;24;622;333
48;24;600;333
48;24;629;333
49;24;600;333
49;24;628;333
50;24;600;333
50;24;627;333
51;24;622;333
52;24;622;333
53;24;622;333
54;24;622;333
55;24;287;333
56;24;630;333
58;24;635;333
58;24;403;333
58;24;3093;333
59;24;66;333
61;24;627;333
62;24;287;333
63;24;287;333
64;24;1265;333
67;24;1266;333
68;24;1250;333
68;24;3101;333
73;24;629;333
74;24;287;333
4;25;287;333
7;25;3101;333
7;25;424;333
8;25;626;333
9;25;287;333
10;25;287;333
11;25;287;333
15;25;634;333
16;25;287;333
17;25;287;333
18;25;287;333
19;25;287;333
20;25;287;333
21;25;627;333
22;25;628;333
23;25;628;333
24;25;626;333
25;25;287;333
26;25;287;333
27;25;287;333
28;25;287;333
29;25;287;333
30;25;287;333
31;25;287;333
32;25;287;333
36;25;626;333
37;25;623;333
39;25;2832;333
41;25;3096;333
42;25;3101;333
43;25;3096;333
44;25;3101;333
46;25;425;333
47;25;425;333
48;25;425;333
49;25;1273;333
49;25;3101;333
50;25;425;333
52;25;3101;333
52;25;425;333
53;25;1245;333
53;25;3101;333
53;25;3095;333
54;25;3098;333
54;25;3093;333
54;25;3095;333
54;25;425;333
55;25;622;333
56;25;628;333
58;25;635;333
58;25;1247;333
61;25;623;333
62;25;287;333
63;25;287;333
64;25;3099;333
64;25;3094;333
65;25;1247;333
66;25;3096;333
71;25;914;333
71;25;3101;333
71;25;3096;333
72;25;3099;333
72;25;3093;333
73;25;626;333
74;25;287;333
4;26;287;333
6;26;3097;333
6;26;3094;333
7;26;424;333
8;26;623;333
9;26;287;333
10;26;287;333
11;26;287;333
13;26;1251;333
15;26;634;333
16;26;287;333
17;26;287;333
18;26;287;333
19;26;287;333
21;26;3099;333
21;26;3094;333
21;26;3095;333
22;26;3099;333
22;26;3097;333
22;26;3098;333
22;26;3095;333
23;26;3101;333
23;26;3099;333
23;26;3093;333
23;26;3095;333
23;26;425;333
24;26;627;333
25;26;287;333
26;26;287;333
27;26;287;333
28;26;287;333
29;26;287;333
30;26;287;333
31;26;287;333
32;26;287;333
36;26;1245;333
36;26;1273;333
36;26;3101;333
37;26;623;333
38;26;3096;333
38;26;3099;333
38;26;3101;333
39;26;1251;333
40;26;1250;333
40;26;3101;333
40;26;3093;333
41;26;627;333
42;26;287;333
43;26;629;333
44;26;3094;333
45;26;1245;333
45;26;1273;333
47;26;3098;333
47;26;3096;333
53;26;1266;333
55;26;635;333
55;26;403;333
56;26;1251;333
56;26;3094;333
56;26;3095;333
58;26;635;333
61;26;623;333
62;26;287;333
63;26;287;333
63;26;287;333
64;26;287;333
65;26;287;333
66;26;287;333
68;26;3101;333
69;26;66;333
69;26;1251;333
70;26;623;333
71;26;287;333
72;26;287;333
73;26;287;333
74;26;287;333
4;27;287;333
7;27;424;333
8;27;623;333
9;27;287;333
10;27;287;333
11;27;287;333
15;27;634;333
16;27;287;333
17;27;287;333
18;27;287;333
19;27;287;333
21;27;3101;333
22;27;2832;333
23;27;2856;333
24;27;623;333
25;27;287;333
26;27;287;333
27;27;287;333
28;27;287;333
29;27;287;333
30;27;287;333
31;27;287;333
32;27;287;333
34;27;3097;333
34;27;3096;333
37;27;623;333
37;27;625;333
54;27;1250;333
54;27;3101;333
55;27;635;333
58;27;635;333
58;27;627;333
59;27;66;333
59;27;914;333
59;27;3101;333
59;27;3094;333
61;27;628;333
62;27;287;333
63;27;628;333
64;27;628;333
65;27;629;333
66;27;287;333
70;27;597;333
71;27;287;333
4;28;287;333
8;28;627;333
9;28;287;333
10;28;287;333
11;28;287;333
14;28;403;333
14;28;391;333
14;28;2038;333
14;28;3093;333
15;28;634;333
16;28;287;333
17;28;287;333
18;28;287;333
19;28;287;333
21;28;3101;333
23;28;3093;333
24;28;623;333
25;28;287;333
26;28;287;333
27;28;287;333
28;28;287;333
29;28;287;333
30;28;287;333
31;28;287;333
32;28;287;333
37;28;623;333
38;28;287;333
39;28;287;333
40;28;287;333
41;28;287;333
42;28;287;333
43;28;287;333
44;28;287;333
45;28;287;333
46;28;287;333
47;28;287;333
48;28;287;333
49;28;287;333
50;28;287;333
51;28;287;333
55;28;680;333
56;28;3101;333
56;28;3097;333
56;28;3094;333
58;28;635;333
58;28;629;333
59;28;1272;333
61;28;627;333
62;28;287;333
63;28;3099;333
63;28;3098;333
63;28;3094;333
63;28;3095;333
63;28;3101;333
64;28;3099;333
64;28;3093;333
64;28;3095;333
64;28;3101;333
65;28;627;333
66;28;287;333
68;28;1265;333
68;28;3094;333
69;28;3093;333
70;28;598;333
71;28;287;333
4;29;287;333
7;29;3101;333
7;29;424;333
8;29;629;333
9;29;287;333
10;29;287;333
11;29;287;333
14;29;1246;333
14;29;3093;333
15;29;634;333
16;29;287;333
17;29;287;333
18;29;287;333
19;29;287;333
23;29;627;333
24;29;287;333
25;29;287;333
26;29;287;333
27;29;287;333
28;29;287;333
29;29;287;333
30;29;287;333
31;29;287;333
32;29;287;333
37;29;623;333
38;29;628;333
39;29;627;333
40;29;622;333
41;29;629;333
42;29;623;333
42;29;628;333
43;29;599;333
44;29;596;333
45;29;628;333
46;29;626;333
47;29;287;333
48;29;287;333
49;29;287;333
50;29;287;333
51;29;287;333
54;29;1250;333
54;29;2038;333
54;29;3101;333
54;29;3093;333
54;29;403;333
55;29;634;333
57;29;3101;333
58;29;635;333
58;29;1245;333
60;29;1247;333
61;29;629;333
62;29;287;333
63;29;3101;333
63;29;3101;333
64;29;376;333
64;29;2038;333
64;29;3101;333
65;29;597;333
66;29;287;333
70;29;622;333
71;29;287;333
4;30;287;333
7;30;424;333
8;30;626;333
9;30;287;333
10;30;287;333
11;30;287;333
15;30;682;333
16;30;632;333
17;30;287;333
18;30;287;333
19;30;287;333
21;30;3099;333
21;30;3094;333
22;30;3093;333
23;30;623;333
24;30;287;333
25;30;287;333
26;30;287;333
27;30;287;333
28;30;287;333
29;30;287;333
30;30;287;333
31;30;287;333
32;30;287;333
34;30;3094;333
37;30;629;333
38;30;3101;333
39;30;375;333
39;30;3101;333
39;30;2038;333
39;30;3095;333
40;30;3101;333
41;30;3093;333
41;30;3099;333
42;30;629;333
43;30;1245;333
43;30;66;333
43;30;1251;333
44;30;2856;333
45;30;3099;333
45;30;3093;333
46;30;627;333
47;30;287;333
48;30;287;333
49;30;287;333
50;30;287;333
51;30;287;333
55;30;682;333
56;30;3101;333
57;30;1247;333
58;30;635;333
58;30;403;333
58;30;3093;333
61;30;3097;333
62;30;635;333
62;30;629;333
63;30;3094;333
64;30;3093;333
65;30;598;333
66;30;287;333
69;30;424;333
70;30;627;333
71;30;287;333
4;31;287;333
6;31;66;333
6;31;1247;333
6;31;3094;333
7;31;424;333
8;31;627;333
9;31;287;333
10;31;287;333
11;31;287;333
16;31;635;333
17;31;287;333
18;31;287;333
19;31;287;333
21;31;3099;333
21;31;3094;333
23;31;629;333
24;31;287;333
25;31;287;333
26;31;287;333
27;31;287;333
28;31;287;333
29;31;287;333
30;31;287;333
31;31;287;333
32;31;287;333
35;31;3101;333
39;31;3101;333
42;31;1246;333
42;31;914;333
42;31;2038;333
42;31;3101;333
44;31;28;333
46;31;623;333
47;31;287;333
48;31;287;333
49;31;287;333
50;31;287;333
51;31;287;333
53;31;3097;333
53;31;3094;333
54;31;1272;333
55;31;635;333
56;31;3096;333
57;31;3101;333
58;31;635;333
60;31;1265;333
61;31;1250;333
61;31;1265;333
61;31;3093;333
62;31;635;333
62;31;628;333
63;31;1266;333
63;31;3099;333
63;31;421;333
64;31;424;333
65;31;623;333
66;31;287;333
68;31;1250;333
68;31;914;333
68;31;3101;333
69;31;424;333
70;31;623;333
71;31;287;333
4;32;287;333
8;32;627;333
9;32;287;333
10;32;287;333
11;32;287;333
13;32;1245;333
13;32;3094;333
16;32;635;333
16;32;627;333
17;32;287;333
18;32;287;333
19;32;287;333
22;32;3101;333
22;32;3101;333
23;32;3101;333
23;32;3095;333
23;32;424;333
24;32;622;333
25;32;287;333
26;32;287;333
27;32;287;333
28;32;287;333
29;32;287;333
30;32;287;333
31;32;287;333
32;32;287;333
34;32;1245;333
34;32;1246;333
37;32;627;333
38;32;629;333
39;32;629;333
42;32;3096;333
45;32;1266;333
45;32;1265;333
46;32;628;333
47;32;287;333
48;32;287;333
49;32;287;333
50;32;287;333
51;32;287;333
54;32;1266;333
54;32;3101;333
55;32;623;333
56;32;629;333
58;32;635;333
58;32;627;333
60;32;2038;333
62;32;635;333
62;32;3095;333
64;32;1266;333
65;32;597;333
66;32;287;333
68;32;3094;333
69;32;3093;333
69;32;424;333
70;32;628;333
71;32;287;333
4;33;287;333
7;33;3099;333
7;33;3101;333
8;33;627;333
9;33;287;333
10;33;287;333
11;33;287;333
14;33;1273;333
15;33;424;333
16;33;629;333
17;33;287;333
18;33;287;333
19;33;287;333
21;33;3101;333
22;33;422;333
22;33;376;333
22;33;2937;333
22;33;3101;333
22;33;3101;333
23;33;424;333
24;33;627;333
25;33;287;333
26;33;287;333
27;33;287;333
28;33;287;333
29;33;287;333
30;33;287;333
31;33;287;333
32;33;287;333
37;33;287;333
38;33;287;333
39;33;287;333
46;33;287;333
47;33;287;333
48;33;287;333
49;33;287;333
50;33;287;333
51;33;287;333
53;33;3101;333
54;33;1273;333
54;33;3093;333
55;33;629;333
56;33;628;333
58;33;635;333
58;33;623;333
59;33;1250;333
59;33;3101;333
59;33;3094;333
61;33;3101;333
62;33;635;333
62;33;403;333
62;33;3093;333
63;33;3094;333
64;33;3093;333
64;33;424;333
65;33;598;333
66;33;287;333
70;33;627;333
71;33;287;333
4;34;287;333
6;34;1265;333
8;34;628;333
9;34;287;333
10;34;287;333
11;34;287;333
14;34;3101;333
15;34;424;333
16;34;623;333
17;34;287;333
18;34;287;333
19;34;287;333
22;34;3101;333
23;34;1250;333
23;34;3101;333
23;34;3093;333
23;34;424;333
24;34;629;333
25;34;287;333
26;34;287;333
27;34;287;333
28;34;287;333
29;34;287;333
30;34;287;333
31;34;287;333
32;34;287;333
33;34;287;333
34;34;287;333
35;34;287;333
36;34;287;333
37;34;287;333
38;34;287;333
39;34;287;333
40;34;287;333
41;34;287;333
42;34;287;333
43;34;287;333
44;34;287;333
45;34;287;333
46;34;287;333
47;34;287;333
48;34;287;333
49;34;287;333
50;34;287;333
51;34;287;333
52;34;628;333
55;34;635;333
55;34;628;333
56;34;1265;333
57;34;1265;333
58;34;629;333
59;34;287;333
62;34;635;333
64;34;3098;333
64;34;424;333
65;34;629;333
66;34;287;333
69;34;3099;333
69;34;424;333
70;34;623;333
71;34;287;333
4;35;287;333
7;35;1245;333
7;35;3093;333
8;35;626;333
9;35;287;333
10;35;287;333
11;35;287;333
15;35;3099;333
15;35;3093;333
16;35;623;333
17;35;287;333
18;35;287;333
19;35;287;333
20;35;287;333
21;35;629;333
22;35;3101;333
23;35;424;333
24;35;627;333
25;35;287;333
49;35;287;333
50;35;287;333
52;35;3094;333
53;35;3101;333
55;35;635;333
56;35;3101;333
58;35;627;333
59;35;287;333
60;35;3098;333
61;35;3101;333
62;35;635;333
62;35;627;333
63;35;3101;333
64;35;914;333
64;35;1266;333
64;35;2038;333
65;35;627;333
66;35;287;333
69;35;1272;333
70;35;623;333
71;35;287;333
4;36;287;333
6;36;3101;333
8;36;627;333
9;36;287;333
10;36;287;333
11;36;287;333
15;36;3101;333
16;36;622;333
17;36;287;333
18;36;287;333
19;36;287;333
20;36;287;333
21;36;629;333
22;36;3101;333
23;36;424;333
24;36;626;333
25;36;287;333
26;36;287;333
27;36;287;333
28;36;287;333
29;36;287;333
30;36;287;333
31;36;287;333
32;36;287;333
33;36;287;333
34;36;287;333
35;36;287;333
36;36;287;333
37;36;287;333
38;36;287;333
39;36;287;333
40;36;287;333
41;36;287;333
42;36;287;333
43;36;287;333
44;36;287;333
45;36;287;333
46;36;287;333
47;36;287;333
48;36;287;333
49;36;287;333
50;36;287;333
52;36;1265;333
54;36;627;333
55;36;635;333
55;36;629;333
57;36;1247;333
57;36;3101;333
58;36;628;333
59;36;287;333
61;36;424;333
62;36;635;333
62;36;623;333
64;36;424;333
65;36;628;333
66;36;287;333
68;36;66;333
68;36;1251;333
68;36;1266;333
68;36;3094;333
68;36;421;333
69;36;3093;333
69;36;424;333
70;36;623;333
71;36;287;333
4;37;287;333
7;37;3101;333
8;37;597;333
9;37;287;333
10;37;287;333
11;37;287;333
13;37;914;333
13;37;3096;333
13;37;3101;333
13;37;3094;333
16;37;627;333
17;37;287;333
18;37;287;333
19;37;287;333
20;37;287;333
21;37;628;333
24;37;629;333
25;37;623;333
26;37;287;333
27;37;287;333
28;37;287;333
29;37;623;333
30;37;623;333
31;37;629;333
32;37;626;333
33;37;627;333
34;37;628;333
35;37;623;333
36;37;599;333
37;37;596;333
38;37;622;333
39;37;629;333
40;37;628;333
41;37;623;333
42;37;599;333
43;37;596;333
44;37;626;333
45;37;287;333
46;37;287;333
47;37;627;333
48;37;628;333
49;37;629;333
50;37;629;333
51;37;287;333
51;37;287;333
53;37;1251;333
53;37;914;333
54;37;626;333
55;37;635;333
55;37;628;333
58;37;629;333
59;37;287;333
61;37;66;333
61;37;1247;333
61;37;1273;333
61;37;1272;333
61;37;3101;333
61;37;424;333
62;37;635;333
62;37;626;333
63;37;3099;333
63;37;3094;333
64;37;3093;333
64;37;424;333
65;37;623;333
66;37;287;333
70;37;628;333
71;37;287;333
4;38;287;333
7;38;1265;333
7;38;2038;333
7;38;3101;333
8;38;598;333
9;38;287;333
10;38;287;333
11;38;287;333
12;38;287;333
13;38;627;333
15;38;3093;333
16;38;597;333
16;38;426;333
17;38;287;333
18;38;287;333
19;38;287;333
22;38;3101;333
24;38;3093;333
24;38;425;333
24;38;424;333
25;38;626;333
26;38;287;333
26;38;624;333
27;38;287;333
27;38;624;333
28;38;287;333
30;38;425;333
32;38;425;333
33;38;425;333
34;38;1247;333
34;38;3095;333
36;38;1245;333
36;38;1246;333
36;38;1251;333
36;38;3095;333
37;38;3093;333
39;38;3099;333
39;38;3095;333
42;38;66;333
42;38;1251;333
42;38;1273;333
42;38;3095;333
44;38;3099;333
44;38;2038;333
44;38;3093;333
45;38;622;333
46;38;287;333
47;38;3097;333
47;38;3094;333
48;38;3097;333
48;38;3095;333
49;38;1246;333
49;38;3101;333
50;38;3101;333
50;38;3097;333
50;38;2038;333
50;38;3093;333
51;38;287;333
51;38;597;333
52;38;3101;333
54;38;3097;333
54;38;3093;333
55;38;635;333
55;38;3100;333
55;38;3095;333
56;38;3094;333
57;38;3101;333
58;38;628;333
59;38;287;333
62;38;635;333
62;38;403;333
62;38;391;333
64;38;1265;333
65;38;626;333
66;38;622;333
67;38;628;333
70;38;627;333
71;38;287;333
4;39;287;333
7;39;424;333
8;39;622;333
9;39;287;333
10;39;287;333
11;39;287;333
12;39;287;333
14;39;3101;333
14;39;2645;333
16;39;598;333
17;39;287;333
18;39;287;333
19;39;287;333
21;39;1251;333
21;39;3101;333
21;39;3094;333
25;39;3101;333
25;39;425;333
29;39;2038;333
30;39;1247;333
30;39;1251;333
30;39;3101;333
32;39;1246;333
32;39;3096;333
45;39;627;333
46;39;287;333
47;39;3097;333
47;39;3094;333
48;39;2832;333
50;39;405;333
50;39;2856;333
51;39;634;333
51;39;628;333
53;39;1246;333
55;39;635;333
55;39;403;333
55;39;3093;333
56;39;1266;333
59;39;622;333
62;39;635;333
64;39;3098;333
66;39;1272;333
66;39;3095;333
69;39;3099;333
69;39;424;333
70;39;629;333
71;39;287;333
4;40;287;333
6;40;914;333
6;40;2038;333
6;40;3094;333
7;40;424;333
8;40;627;333
9;40;287;333
10;40;287;333
11;40;287;333
12;40;287;333
15;40;424;333
16;40;622;333
17;40;287;333
18;40;287;333
19;40;287;333
21;40;3098;333
21;40;3094;333
24;40;914;333
24;40;3096;333
24;40;185;333
27;40;3096;333
30;40;2856;333
31;40;627;333
32;40;629;333
33;40;629;333
34;40;3099;333
34;40;3098;333
34;40;3094;333
36;40;1250;333
39;40;66;333
39;40;3101;333
39;40;3096;333
41;40;629;333
42;40;3094;333
44;40;3101;333
45;40;626;333
46;40;287;333
47;40;3097;333
47;40;3094;333
51;40;634;333
55;40;635;333
57;40;3101;333
59;40;3095;333
61;40;1272;333
62;40;635;333
62;40;627;333
66;40;3099;333
66;40;3096;333
69;40;424;333
70;40;628;333
71;40;287;333
4;41;287;333
8;41;626;333
9;41;287;333
10;41;287;333
11;41;287;333
12;41;287;333
13;41;628;333
15;41;1246;333
15;41;3093;333
15;41;424;333
16;41;627;333
17;41;287;333
18;41;287;333
19;41;287;333
31;41;287;333
32;41;287;333
33;41;287;333
40;41;287;333
41;41;287;333
44;41;627;333
45;41;287;333
46;41;287;333
50;41;403;333
51;41;634;333
54;41;1245;333
54;41;1266;333
54;41;3093;333
55;41;635;333
55;41;627;333
57;41;1266;333
57;41;3094;333
58;41;3097;333
58;41;3096;333
61;41;3098;333
61;41;3093;333
62;41;635;333
62;41;623;333
63;41;600;333
63;41;599;333
64;41;600;333
64;41;596;333
65;41;600;333
65;41;622;333
66;41;287;333
67;41;287;333
68;41;287;333
69;41;287;333
70;41;287;333
71;41;287;333
4;42;287;333
8;42;628;333
9;42;287;333
10;42;287;333
11;42;287;333
16;42;628;333
17;42;287;333
18;42;287;333
19;42;287;333
20;42;287;333
21;42;287;333
22;42;287;333
23;42;287;333
24;42;287;333
25;42;287;333
26;42;287;333
27;42;287;333
28;42;287;333
29;42;287;333
30;42;287;333
31;42;287;333
32;42;287;333
33;42;287;333
34;42;287;333
35;42;287;333
36;42;287;333
37;42;287;333
38;42;287;333
39;42;287;333
40;42;287;333
44;42;626;333
45;42;287;333
46;42;287;333
47;42;287;333
50;42;1250;333
50;42;3093;333
51;42;634;333
55;42;689;333
55;42;623;333
56;42;287;333
59;42;3098;333
60;42;3098;333
61;42;623;333
62;42;1266;333
62;42;629;333
63;42;3099;333
63;42;3094;333
63;42;3095;333
64;42;3098;333
64;42;3093;333
64;42;3095;333
65;42;628;333
66;42;622;333
67;42;622;333
68;42;629;333
69;42;628;333
70;42;287;333
71;42;287;333
4;43;287;333
8;43;622;333
9;43;287;333
10;43;287;333
11;43;287;333
14;43;1246;333
14;43;3093;333
16;43;630;333
17;43;287;333
18;43;287;333
19;43;287;333
20;43;287;333
21;43;287;333
22;43;287;333
23;43;287;333
24;43;287;333
25;43;287;333
26;43;287;333
27;43;287;333
28;43;287;333
29;43;287;333
30;43;287;333
31;43;287;333
32;43;287;333
33;43;287;333
34;43;287;333
35;43;287;333
36;43;287;333
37;43;287;333
38;43;287;333
39;43;287;333
40;43;287;333
42;43;3101;333
42;43;3094;333
44;43;1273;333
44;43;2038;333
45;43;629;333
46;43;287;333
47;43;287;333
51;43;634;333
51;43;627;333
52;43;3096;333
53;43;3101;333
55;43;628;333
56;43;287;333
57;43;287;333
59;43;3098;333
59;43;3094;333
59;43;3095;333
61;43;3101;333
63;43;66;333
66;43;914;333
66;43;2038;333
66;43;3095;333
69;43;1265;333
69;43;3097;333
69;43;3093;333
69;43;3095;333
70;43;627;333
71;43;287;333
4;44;287;333
7;44;3099;333
7;44;3093;333
7;44;424;333
8;44;622;333
9;44;287;333
10;44;287;333
11;44;287;333
13;44;3101;333
16;44;627;333
17;44;629;333
19;44;628;333
20;44;627;333
21;44;629;333
22;44;626;333
23;44;623;333
24;44;622;333
25;44;622;333
27;44;598;333
28;44;600;333
28;44;628;333
29;44;628;333
30;44;599;333
31;44;596;333
32;44;623;333
33;44;622;333
34;44;622;333
35;44;628;333
36;44;626;333
37;44;287;333
38;44;287;333
39;44;287;333
40;44;287;333
43;44;2832;333
45;44;627;333
46;44;287;333
47;44;287;333
50;44;66;333
50;44;1272;333
50;44;3093;333
50;44;424;333
51;44;287;333
51;44;626;333
52;44;629;333
53;44;2038;333
54;44;3099;333
54;44;3093;333
55;44;627;333
56;44;287;333
57;44;287;333
60;44;28;333
62;44;2937;333
63;44;3101;333
63;44;3096;333
65;44;3101;333
68;44;1272;333
70;44;626;333
71;44;287;333
3;45;287;333
4;45;287;333
5;45;628;333
7;45;424;333
8;45;627;333
9;45;287;333
10;45;287;333
11;45;287;333
15;45;3093;333
16;45;626;333
17;45;628;333
18;45;425;333
19;45;425;333
20;45;426;333
22;45;425;333
23;45;425;333
24;45;3095;333
26;45;3095;333
30;45;3097;333
30;45;3095;333
32;45;3101;333
33;45;1245;333
33;45;3101;333
33;45;3095;333
35;45;3098;333
35;45;3093;333
35;45;3095;333
36;45;628;333
37;45;287;333
38;45;287;333
39;45;287;333
40;45;287;333
42;45;3097;333
42;45;3094;333
44;45;3101;333
44;45;3093;333
45;45;623;333
46;45;287;333
47;45;287;333
50;45;3101;333
50;45;424;333
51;45;287;333
51;45;623;333
52;45;628;333
54;45;623;333
55;45;600;333
56;45;287;333
57;45;287;333
59;45;3097;333
59;45;3094;333
59;45;3096;333
60;45;1272;333
60;45;1265;333
67;45;3101;333
69;45;1272;333
70;45;627;333
71;45;287;333
3;46;287;333
5;46;2038;333
5;46;3101;333
5;46;3094;333
7;46;3096;333
7;46;424;333
8;46;627;333
9;46;287;333
10;46;287;333
11;46;287;333
13;46;3101;333
15;46;2937;333
15;46;3101;333
17;46;425;333
22;46;1245;333
22;46;66;333
22;46;3101;333
22;46;3096;333
25;46;1247;333
25;46;3101;333
25;46;3096;333
27;46;66;333
27;46;3096;333
31;46;1266;333
32;46;426;333
34;46;3101;333
34;46;2038;333
36;46;626;333
37;46;628;333
38;46;287;333
39;46;287;333
40;46;287;333
45;46;287;333
46;46;287;333
47;46;287;333
50;46;424;333
51;46;287;333
51;46;628;333
54;46;1272;333
54;46;3101;333
54;46;3099;333
54;46;3093;333
55;46;628;333
56;46;287;333
57;46;287;333
64;46;287;333
65;46;287;333
68;46;1246;333
68;46;1266;333
70;46;623;333
71;46;287;333
3;47;287;333
5;47;66;333
5;47;1247;333
5;47;1250;333
5;47;3094;333
6;47;3101;333
7;47;627;333
8;47;287;333
9;47;287;333
10;47;287;333
11;47;287;333
13;47;3099;333
13;47;3096;333
13;47;3094;333
15;47;2636;333
18;47;3101;333
18;47;3100;333
18;47;3094;333
18;47;3096;333
20;47;3101;333
20;47;3093;333
20;47;3096;333
33;47;1266;333
33;47;1265;333
33;47;3097;333
33;47;3094;333
33;47;3096;333
36;47;3093;333
37;47;627;333
38;47;287;333
39;47;287;333
40;47;287;333
41;47;287;333
42;47;287;333
43;47;287;333
44;47;287;333
45;47;287;333
46;47;287;333
47;47;287;333
49;47;3099;333
49;47;3094;333
51;47;600;333
51;47;597;333
52;47;3101;333
53;47;28;333
53;47;1266;333
55;47;627;333
56;47;287;333
57;47;287;333
58;47;287;333
59;47;287;333
60;47;287;333
61;47;287;333
62;47;287;333
63;47;287;333
64;47;287;333
65;47;287;333
69;47;1251;333
69;47;3101;333
69;47;3093;333
70;47;623;333
70;47;625;333
71;47;287;333
3;48;287;333
5;48;2038;333
5;48;3094;333
7;48;623;333
8;48;287;333
9;48;287;333
10;48;287;333
11;48;287;333
12;48;287;333
13;48;287;333
14;48;287;333
15;48;287;333
16;48;287;333
17;48;287;333
18;48;287;333
19;48;287;333
20;48;287;333
21;48;287;333
22;48;287;333
23;48;287;333
24;48;287;333
25;48;287;333
26;48;287;333
27;48;287;333
28;48;287;333
29;48;287;333
30;48;287;333
31;48;287;333
32;48;287;333
33;48;287;333
36;48;1251;333
36;48;3093;333
37;48;623;333
38;48;287;333
39;48;287;333
40;48;287;333
41;48;287;333
42;48;287;333
43;48;287;333
44;48;287;333
45;48;287;333
46;48;287;333
47;48;287;333
49;48;3101;333
51;48;600;333
51;48;597;333
52;48;1266;333
52;48;3094;333
54;48;1247;333
54;48;3101;333
54;48;3093;333
55;48;629;333
56;48;287;333
57;48;287;333
58;48;287;333
59;48;287;333
60;48;287;333
61;48;287;333
62;48;287;333
63;48;287;333
64;48;287;333
65;48;287;333
67;48;1272;333
67;48;3101;333
69;48;424;333
70;48;623;333
71;48;287;333
3;49;287;333
6;49;424;333
7;49;627;333
8;49;287;333
9;49;287;333
10;49;287;333
11;49;287;333
12;49;627;333
13;49;628;333
14;49;628;333
15;49;627;333
16;49;629;333
17;49;626;333
18;49;628;333
19;49;627;333
20;49;622;333
21;49;628;333
22;49;627;333
23;49;626;333
24;49;628;333
25;49;629;333
26;49;622;333
27;49;622;333
28;49;628;333
29;49;626;333
30;49;629;333
31;49;628;333
32;49;629;333
33;49;627;333
34;49;628;333
36;49;66;333
36;49;1250;333
36;49;3093;333
37;49;635;333
37;49;628;333
38;49;287;333
39;49;287;333
40;49;287;333
41;49;287;333
42;49;287;333
43;49;287;333
44;49;287;333
45;49;287;333
46;49;287;333
47;49;287;333
51;49;622;333
52;49;287;333
53;49;622;333
54;49;622;333
55;49;628;333
56;49;628;333
57;49;626;333
58;49;622;333
59;49;622;333
60;49;628;333
61;49;627;333
62;49;629;333
63;49;628;333
64;49;627;333
65;49;628;333
66;49;600;333
66;49;626;333
67;49;3099;333
67;49;3094;333
69;49;424;333
70;49;622;333
71;49;287;333
3;50;287;333
6;50;424;333
7;50;628;333
8;50;287;333
9;50;287;333
10;50;287;333
12;50;3099;333
12;50;3094;333
12;50;3095;333
13;50;3101;333
13;50;425;333
14;50;425;333
15;50;3101;333
15;50;425;333
16;50;3099;333
16;50;3095;333
17;50;3101;333
17;50;425;333
18;50;425;333
20;50;425;333
21;50;1273;333
21;50;1272;333
21;50;3095;333
21;50;425;333
22;50;3101;333
23;50;1250;333
23;50;3101;333
23;50;3095;333
24;50;425;333
26;50;3098;333
26;50;3095;333
28;50;423;333
29;50;3101;333
31;50;1251;333
31;50;3095;333
32;50;423;333
33;50;3099;333
33;50;2038;333
33;50;3095;333
34;50;3097;333
34;50;3101;333
37;50;635;333
37;50;403;333
38;50;627;333
39;50;629;333
40;50;628;333
41;50;623;333
42;50;628;333
43;50;622;333
44;50;622;333
44;50;624;333
45;50;622;333
46;50;629;333
47;50;628;333
48;50;628;333
49;50;1273;333
49;50;3101;333
50;50;424;333
51;50;627;333
52;50;287;333
53;50;1250;333
53;50;1272;333
53;50;3094;333
54;50;3099;333
54;50;3095;333
57;50;1245;333
57;50;3101;333
58;50;1266;333
59;50;1251;333
59;50;3101;333
59;50;3095;333
60;50;3101;333
62;50;3097;333
65;50;1266;333
65;50;3101;333
65;50;3093;333
65;50;3095;333
66;50;287;333
69;50;424;333
70;50;622;333
70;50;623;333
71;50;287;333
3;51;287;333
5;51;1247;333
5;51;1265;333
5;51;3094;333
7;51;623;333
8;51;287;333
9;51;287;333
10;51;287;333
12;51;426;333
13;51;3101;333
19;51;1251;333
19;51;3096;333
21;51;426;333
27;51;3101;333
28;51;426;333
29;51;66;333
29;51;3096;333
32;51;3101;333
33;51;3101;333
33;51;3100;333
33;51;2038;333
33;51;3096;333
34;51;3099;333
34;51;3101;333
35;51;3094;333
35;51;422;333
35;51;426;333
36;51;2856;333
37;51;683;333
37;51;690;333
38;51;3097;333
38;51;3094;333
39;51;3101;333
40;51;3097;333
40;51;3095;333
40;51;425;333
41;51;3101;333
41;51;425;333
43;51;1247;333
43;51;2038;333
43;51;3095;333
44;51;1247;333
44;51;3095;333
46;51;3101;333
48;51;3101;333
51;51;627;333
52;51;287;333
59;51;1265;333
61;51;3101;333
65;51;66;333
66;51;287;333
68;51;1246;333
69;51;1272;333
69;51;1265;333
69;51;424;333
70;51;622;333
70;51;623;333
70;51;623;333
71;51;287;333
3;52;287;333
5;52;1245;333
5;52;3101;333
5;52;3094;333
7;52;623;333
7;52;625;333
8;52;287;333
9;52;287;333
10;52;287;333
13;52;3093;333
13;52;424;333
14;52;627;333
24;52;66;333
24;52;3094;333
26;52;627;333
37;52;634;333
38;52;3101;333
39;52;1272;333
46;52;1245;333
47;52;3097;333
47;52;3096;333
50;52;914;333
50;52;2856;333
50;52;424;333
51;52;628;333
52;52;287;333
53;52;1266;333
53;52;1265;333
55;52;680;333
56;52;633;333
56;52;3095;333
57;52;633;333
58;52;633;333
58;52;401;333
58;52;3095;333
59;52;633;333
60;52;681;333
61;52;627;333
66;52;600;333
66;52;622;333
67;52;3100;333
67;52;3094;333
69;52;3096;333
70;52;287;333
70;52;623;333
71;52;287;333
3;53;287;333
6;53;3101;333
6;53;424;333
7;53;622;333
8;53;287;333
9;53;287;333
10;53;287;333
12;53;66;333
12;53;3094;333
13;53;424;333
14;53;623;333
15;53;287;333
16;53;287;333
17;53;287;333
18;53;287;333
19;53;287;333
20;53;287;333
21;53;287;333
22;53;287;333
25;53;3093;333
26;53;629;333
27;53;425;333
27;53;287;333
28;53;425;333
28;53;287;333
29;53;425;333
29;53;287;333
30;53;425;333
30;53;287;333
31;53;425;333
31;53;287;333
32;53;425;333
32;53;287;333
33;53;287;333
34;53;681;333
35;53;652;333
36;53;668;333
37;53;634;333
37;53;634;333
37;53;634;333
38;53;3097;333
38;53;3094;333
38;53;3101;333
40;53;627;333
50;53;424;333
51;53;629;333
52;53;287;333
53;53;914;333
55;53;682;333
56;53;632;333
57;53;3101;333
58;53;66;333
59;53;3093;333
59;53;229;333
60;53;635;333
61;53;287;333
62;53;287;333
64;53;1247;333
66;53;287;333
67;53;3101;333
69;53;627;333
70;53;287;333
71;53;287;333
3;54;287;333
5;54;17;333
5;54;3101;333
7;54;627;333
8;54;287;333
9;54;287;333
10;54;287;333
12;54;1250;333
12;54;3094;333
14;54;629;333
15;54;628;333
16;54;629;333
17;54;622;333
18;54;622;333
19;54;628;333
20;54;626;333
21;54;622;333
22;54;627;333
23;54;628;333
24;54;1245;333
24;54;1246;333
24;54;3101;333
24;54;3094;333
26;54;626;333
27;54;628;333
28;54;628;333
29;54;629;333
30;54;628;333
31;54;626;333
32;54;632;333
32;54;622;333
33;54;632;333
34;54;683;333
37;54;634;333
40;54;628;333
41;54;287;333
42;54;287;333
43;54;287;333
44;54;287;333
45;54;287;333
46;54;287;333
47;54;287;333
49;54;3094;333
50;54;2038;333
51;54;629;333
52;54;287;333
54;54;3101;333
55;54;914;333
56;54;376;333
56;54;2038;333
56;54;3101;333
56;54;3095;333
57;54;3101;333
58;54;28;333
59;54;1246;333
59;54;3101;333
60;54;635;333
60;54;627;333
61;54;287;333
62;54;287;333
66;54;287;333
66;54;625;333
69;54;623;333
70;54;287;333
71;54;287;333
3;55;287;333
6;55;3099;333
6;55;424;333
7;55;626;333
8;55;287;333
9;55;287;333
10;55;287;333
13;55;3101;333
13;55;225;333
15;55;425;333
18;55;425;333
19;55;425;333
22;55;1246;333
22;55;3095;333
24;55;3101;333
25;55;3101;333
26;55;3101;333
27;55;3095;333
28;55;425;333
29;55;1266;333
30;55;66;333
30;55;1272;333
30;55;3095;333
30;55;425;333
32;55;425;333
36;55;1273;333
36;55;3093;333
36;55;403;333
37;55;634;333
38;55;3101;333
40;55;627;333
41;55;287;333
42;55;287;333
43;55;287;333
44;55;287;333
45;55;287;333
46;55;287;333
47;55;287;333
50;55;424;333
51;55;627;333
52;55;287;333
54;55;3101;333
55;55;3101;333
55;55;391;333
56;55;3101;333
56;55;3096;333
57;55;3101;333
58;55;3101;333
59;55;7;333
60;55;623;333
61;55;287;333
62;55;287;333
66;55;287;333
67;55;3101;333
69;55;629;333
70;55;287;333
71;55;287;333
3;56;287;333
5;56;3101;333
6;56;66;333
6;56;3101;333
7;56;627;333
8;56;287;333
9;56;287;333
10;56;287;333
12;56;3098;333
12;56;3094;333
12;56;3096;333
14;56;3101;333
16;56;1246;333
16;56;3101;333
16;56;3096;333
17;56;1266;333
19;56;3097;333
19;56;3096;333
20;56;3101;333
24;56;3101;333
24;56;426;333
25;56;376;333
25;56;2038;333
25;56;3101;333
26;56;3101;333
28;56;3101;333
33;56;3101;333
34;56;914;333
34;56;3101;333
34;56;3096;333
37;56;634;333
39;56;1245;333
40;56;627;333
41;56;287;333
42;56;287;333
43;56;287;333
44;56;287;333
45;56;287;333
46;56;287;333
47;56;287;333
50;56;1247;333
50;56;3093;333
50;56;424;333
51;56;629;333
52;56;287;333
53;56;287;333
54;56;287;333
55;56;287;333
56;56;287;333
57;56;287;333
58;56;287;333
59;56;287;333
60;56;287;333
61;56;287;333
62;56;287;333
65;56;3097;333
65;56;3093;333
66;56;287;333
67;56;3100;333
67;56;3094;333
69;56;627;333
70;56;287;333
71;56;287;333
3;57;287;333
5;57;1272;333
6;57;424;333
7;57;629;333
8;57;287;333
9;57;287;333
10;57;287;333
24;57;3101;333
25;57;3101;333
26;57;627;333
32;57;287;333
33;57;287;333
34;57;628;333
35;57;3094;333
36;57;1273;333
36;57;3093;333
36;57;3101;333
37;57;682;333
40;57;628;333
41;57;287;333
42;57;287;333
43;57;287;333
44;57;287;333
45;57;287;333
46;57;287;333
47;57;287;333
51;57;629;333
52;57;628;333
53;57;622;333
54;57;627;333
55;57;628;333
56;57;629;333
57;57;626;333
58;57;628;333
59;57;629;333
60;57;628;333
61;57;627;333
62;57;622;333
63;57;628;333
66;57;600;333
66;57;623;333
69;57;626;333
70;57;287;333
71;57;287;333
3;58;287;333
5;58;3101;333
5;58;3101;333
6;58;424;333
7;58;627;333
8;58;287;333
9;58;287;333
10;58;287;333
11;58;287;333
12;58;287;333
13;58;287;333
14;58;287;333
15;58;287;333
16;58;287;333
17;58;287;333
18;58;287;333
19;58;287;333
20;58;287;333
21;58;287;333
22;58;287;333
26;58;628;333
27;58;287;333
28;58;287;333
29;58;287;333
30;58;287;333
31;58;287;333
32;58;287;333
34;58;3101;333
37;58;635;333
39;58;66;333
40;58;622;333
41;58;287;333
42;58;287;333
43;58;287;333
44;58;287;333
45;58;287;333
46;58;287;333
47;58;287;333
50;58;1251;333
51;58;3101;333
52;58;66;333
52;58;1273;333
52;58;3101;333
52;58;3095;333
52;58;425;333
53;58;425;333
54;58;425;333
55;58;3101;333
56;58;1272;333
56;58;425;333
57;58;425;333
59;58;3101;333
60;58;1251;333
60;58;3095;333
60;58;94;333
60;58;3101;333
60;58;425;333
61;58;425;333
63;58;1266;333
65;58;1266;333
65;58;1265;333
66;58;600;333
66;58;628;333
68;58;424;333
69;58;627;333
70;58;287;333
71;58;287;333
3;59;287;333
5;59;66;333
5;59;1247;333
5;59;1266;333
5;59;3094;333
7;59;628;333
8;59;287;333
9;59;287;333
10;59;287;333
11;59;287;333
12;59;287;333
13;59;287;333
14;59;287;333
15;59;287;333
16;59;287;333
17;59;287;333
18;59;287;333
19;59;287;333
20;59;287;333
21;59;287;333
22;59;287;333
25;59;424;333
26;59;627;333
27;59;287;333
28;59;287;333
29;59;287;333
30;59;287;333
31;59;287;333
32;59;287;333
36;59;426;333
36;59;424;333
37;59;635;333
37;59;627;333
38;59;3101;333
38;59;3094;333
39;59;3093;333
40;59;623;333
41;59;287;333
42;59;287;333
43;59;287;333
44;59;287;333
45;59;287;333
46;59;287;333
47;59;287;333
49;59;3094;333
52;59;1272;333
54;59;3099;333
54;59;3096;333
57;59;3099;333
58;59;1265;333
62;59;66;333
62;59;3096;333
65;59;3099;333
65;59;3093;333
65;59;3096;333
66;59;287;333
69;59;3098;333
69;59;3095;333
69;59;3093;333
69;59;3095;333
69;59;424;333
69;59;425;333
70;59;628;333
71;59;287;333
71;59;287;333
72;59;287;333
73;59;287;333
74;59;287;333
3;60;287;333
5;60;426;333
6;60;3093;333
6;60;424;333
7;60;627;333
8;60;287;333
9;60;287;333
10;60;287;333
11;60;287;333
12;60;287;333
13;60;287;333
14;60;287;333
15;60;287;333
16;60;287;333
17;60;287;333
18;60;287;333
19;60;287;333
20;60;287;333
21;60;287;333
22;60;287;333
25;60;426;333
26;60;597;333
26;60;2038;333
26;60;3095;333
27;60;287;333
28;60;287;333
29;60;287;333
30;60;287;333
31;60;287;333
32;60;287;333
34;60;914;333
34;60;3094;333
35;60;426;333
37;60;635;333
37;60;623;333
40;60;628;333
41;60;287;333
42;60;287;333
43;60;287;333
44;60;287;333
45;60;287;333
46;60;287;333
47;60;287;333
66;60;287;333
67;60;1245;333
67;60;3101;333
67;60;3094;333
67;60;3096;333
69;60;3101;333
69;60;424;333
70;60;627;333
71;60;287;333
72;60;287;333
73;60;287;333
74;60;287;333
3;61;287;333
6;61;424;333
7;61;626;333
8;61;629;333
9;61;628;333
10;61;629;333
11;61;626;333
12;61;627;333
13;61;627;333
14;61;628;333
15;61;626;333
16;61;629;333
17;61;628;333
18;61;628;333
19;61;627;333
20;61;628;333
21;61;626;333
22;61;629;333
23;61;628;333
24;61;3101;333
26;61;598;333
27;61;287;333
28;61;287;333
29;61;287;333
30;61;287;333
31;61;287;333
32;61;287;333
34;61;1265;333
34;61;3101;333
35;61;1272;333
35;61;2038;333
35;61;3101;333
36;61;1245;333
36;61;3093;333
37;61;623;333
38;61;3101;333
38;61;3094;333
39;61;3101;333
39;61;3093;333
40;61;627;333
41;61;287;333
42;61;287;333
43;61;287;333
44;61;287;333
45;61;287;333
46;61;287;333
47;61;287;333
48;61;287;333
49;61;287;333
50;61;287;333
51;61;287;333
52;61;287;333
53;61;287;333
54;61;287;333
55;61;287;333
56;61;287;333
57;61;287;333
58;61;287;333
59;61;287;333
60;61;287;333
61;61;287;333
62;61;287;333
63;61;287;333
64;61;287;333
65;61;287;333
66;61;287;333
67;61;287;333
69;61;1272;333
69;61;1266;333
70;61;629;333
71;61;597;333
71;61;425;333
72;61;597;333
72;61;425;333
73;61;597;333
73;61;425;333
74;61;597;333
74;61;425;333
74;61;407;333
3;62;287;333
5;62;914;333
5;62;1265;333
5;62;3094;333
7;62;425;333
8;62;1266;333
9;62;1265;333
9;62;425;333
11;62;425;333
14;62;3101;333
15;62;1273;333
15;62;3095;333
16;62;425;333
17;62;1266;333
17;62;2038;333
17;62;3095;333
17;62;425;333
19;62;425;333
21;62;1266;333
22;62;1250;333
22;62;1273;333
22;62;3095;333
24;62;1245;333
26;62;622;333
27;62;287;333
28;62;287;333
29;62;287;333
30;62;287;333
31;62;287;333
32;62;287;333
34;62;914;333
34;62;1266;333
34;62;3094;333
35;62;424;333
36;62;627;333
37;62;287;333
40;62;626;333
41;62;622;333
42;62;628;333
43;62;623;333
44;62;597;333
45;62;597;333
45;62;3095;333
45;62;425;333
46;62;597;333
46;62;3095;333
46;62;3098;333
47;62;597;333
47;62;3095;333
48;62;627;333
48;62;622;333
49;62;629;333
50;62;628;333
51;62;622;333
52;62;627;333
53;62;628;333
54;62;626;333
55;62;628;333
56;62;622;333
57;62;628;333
58;62;599;333
59;62;596;333
60;62;626;333
61;62;622;333
62;62;622;333
63;62;628;333
64;62;627;333
65;62;628;333
66;62;629;333
67;62;623;333
67;62;622;333
69;62;1245;333
70;62;1266;333
72;62;3101;333
3;63;287;333
5;63;3097;333
5;63;3094;333
5;63;3096;333
6;63;2937;333
6;63;3101;333
7;63;3101;333
8;63;1246;333
8;63;3096;333
9;63;2856;333
9;63;426;333
10;63;1273;333
10;63;3101;333
10;63;3096;333
13;63;1245;333
13;63;3096;333
13;63;426;333
15;63;3101;333
17;63;1245;333
17;63;1272;333
17;63;3101;333
17;63;3096;333
18;63;3101;333
19;63;914;333
19;63;3096;333
20;63;1272;333
20;63;426;333
21;63;1272;333
25;63;424;333
26;63;626;333
27;63;287;333
28;63;287;333
29;63;287;333
30;63;287;333
31;63;287;333
32;63;287;333
35;63;424;333
36;63;623;333
37;63;287;333
38;63;914;333
38;63;3094;333
40;63;3101;333
40;63;3100;333
40;63;2117;333
40;63;3101;333
40;63;3095;333
46;63;1272;333
47;63;3101;333
50;63;3101;333
51;63;425;333
52;63;1250;333
52;63;3101;333
52;63;3095;333
53;63;1246;333
53;63;3095;333
53;63;425;333
54;63;425;333
55;63;66;333
55;63;3101;333
55;63;425;333
56;63;3095;333
57;63;375;333
57;63;2937;333
57;63;3101;333
58;63;3101;333
59;63;123;333
59;63;3095;333
60;63;1265;333
61;63;3101;333
66;63;421;333
66;63;3099;333
66;63;3093;333
66;63;3095;333
67;63;597;333
69;63;3101;333
72;63;2038;333
73;63;3101;333
3;64;287;333
25;64;424;333
26;64;627;333
27;64;287;333
28;64;287;333
29;64;287;333
30;64;287;333
31;64;287;333
32;64;287;333
35;64;3097;333
35;64;3093;333
35;64;424;333
36;64;628;333
37;64;287;333
43;64;1251;333
43;64;3101;333
43;64;3096;333
49;64;66;333
49;64;914;333
49;64;3096;333
57;64;1266;333
57;64;1265;333
59;64;1245;333
59;64;2291;333
59;64;3101;333
59;64;3096;333
60;64;2856;333
62;64;1266;333
63;64;1246;333
63;64;3101;333
63;64;3096;333
65;64;66;333
65;64;3101;333
66;64;3097;333
66;64;3093;333
66;64;3096;333
67;64;598;333
70;64;627;333
71;64;629;333
72;64;598;333
73;64;598;333
74;64;598;333
3;65;287;333
4;65;287;333
5;65;287;333
6;65;287;333
7;65;287;333
8;65;287;333
9;65;287;333
10;65;287;333
11;65;287;333
12;65;287;333
13;65;287;333
14;65;287;333
15;65;287;333
16;65;287;333
17;65;287;333
18;65;287;333
19;65;287;333
20;65;287;333
21;65;287;333
22;65;287;333
24;65;1247;333
24;65;1272;333
24;65;3101;333
24;65;3094;333
26;65;627;333
27;65;287;333
28;65;287;333
29;65;287;333
30;65;287;333
31;65;287;333
32;65;287;333
36;65;627;333
37;65;287;333
38;65;421;333
38;65;3097;333
38;65;3094;333
39;65;1251;333
39;65;1272;333
39;65;3101;333
39;65;3096;333
40;65;287;333
41;65;287;333
42;65;287;333
43;65;287;333
44;65;287;333
45;65;287;333
46;65;287;333
47;65;287;333
48;65;287;333
49;65;287;333
50;65;287;333
51;65;287;333
52;65;287;333
53;65;287;333
54;65;287;333
55;65;287;333
56;65;287;333
57;65;287;333
58;65;287;333
59;65;287;333
60;65;287;333
61;65;287;333
62;65;287;333
63;65;287;333
64;65;287;333
65;65;287;333
66;65;287;333
67;65;3100;333
69;65;424;333
70;65;626;333
71;65;287;333
72;65;287;333
73;65;287;333
74;65;287;333
22;66;287;333
24;66;1246;333
24;66;3101;333
24;66;3094;333
25;66;424;333
26;66;626;333
27;66;287;333
28;66;287;333
29;66;287;333
30;66;287;333
31;66;287;333
32;66;287;333
35;66;914;333
35;66;3101;333
35;66;3093;333
36;66;626;333
37;66;628;333
38;66;622;333
39;66;622;333
40;66;287;333
41;66;287;333
42;66;287;333
43;66;287;333
44;66;629;333
45;66;626;333
46;66;627;333
47;66;628;333
48;66;626;333
49;66;622;333
50;66;622;333
51;66;622;333
52;66;622;333
53;66;628;333
54;66;626;333
55;66;627;333
56;66;626;333
57;66;628;333
58;66;623;333
59;66;600;333
60;66;600;333
61;66;600;333
61;66;623;333
62;66;596;333
62;66;424;333
63;66;596;333
63;66;424;333
64;66;596;333
64;66;424;333
65;66;623;333
66;66;622;333
67;66;628;333
69;66;1250;333
69;66;424;333
70;66;623;333
71;66;287;333
72;66;287;333
73;66;287;333
74;66;287;333
22;67;287;333
25;67;3101;333
25;67;424;333
26;67;622;333
27;67;287;333
28;67;287;333
29;67;287;333
30;67;287;333
31;67;287;333
32;67;287;333
37;67;425;333
38;67;3099;333
38;67;3095;333
38;67;424;333
39;67;629;333
40;67;622;333
41;67;627;333
42;67;622;333
43;67;628;333
44;67;3097;333
44;67;3094;333
44;67;425;333
45;67;66;333
45;67;3095;333
45;67;425;333
47;67;425;333
48;67;425;333
49;67;3093;333
49;67;424;333
49;67;425;333
50;67;405;333
50;67;613;333
50;67;425;333
50;67;424;333
51;67;3094;333
52;67;1273;333
54;67;66;333
54;67;914;333
54;67;3101;333
58;67;3097;333
58;67;3095;333
58;67;3093;333
59;67;629;333
60;67;628;333
61;67;3098;333
61;67;3095;333
61;67;3094;333
65;67;3101;333
65;67;425;333
66;67;1250;333
66;67;3095;333
69;67;424;333
70;67;629;333
71;67;287;333
72;67;287;333
73;67;287;333
73;67;287;333
74;67;287;333
74;67;287;333
22;68;287;333
24;68;3101;333
25;68;1245;333
25;68;2038;333
25;68;3093;333
26;68;622;333
27;68;287;333
28;68;287;333
29;68;287;333
30;68;287;333
31;68;287;333
32;68;287;333
36;68;1265;333
36;68;3101;333
37;68;1265;333
39;68;1247;333
39;68;1251;333
39;68;3101;333
39;68;3095;333
39;68;425;333
40;68;1272;333
42;68;425;333
43;68;1245;333
43;68;2038;333
43;68;3095;333
50;68;3095;333
50;68;401;333
50;68;391;333
50;68;425;333
56;68;1272;333
57;68;3101;333
59;68;425;333
60;68;425;333
62;68;66;333
64;68;1272;333
68;68;1247;333
68;68;3101;333
69;68;3101;333
70;68;627;333
71;68;287;333
72;68;287;333
73;68;287;333
73;68;287;333
74;68;287;333
22;69;287;333
25;69;3101;333
25;69;424;333
26;69;629;333
27;69;287;333
28;69;287;333
29;69;287;333
30;69;287;333
31;69;287;333
32;69;287;333
34;69;3098;333
34;69;3094;333
34;69;3096;333
35;69;66;333
35;69;914;333
35;69;3096;333
37;69;3101;333
40;69;1266;333
46;69;627;333
55;69;3099;333
55;69;3094;333
55;69;3096;333
56;69;3101;333
58;69;1251;333
58;69;1273;333
58;69;3096;333
59;69;3101;333
60;69;1247;333
60;69;3096;333
61;69;3101;333
63;69;3101;333
63;69;3099;333
63;69;3093;333
63;69;3096;333
67;69;3098;333
67;69;3094;333
67;69;3096;333
68;69;1266;333
69;69;3097;333
69;69;3093;333
69;69;3096;333
70;69;628;333
71;69;287;333
71;69;287;333
72;69;287;333
72;69;287;333
73;69;287;333
73;69;287;333
74;69;287;333
74;69;287;333
22;70;287;333
26;70;598;333
27;70;287;333
28;70;287;333
29;70;287;333
30;70;287;333
31;70;287;333
32;70;287;333
46;70;287;333
47;70;287;333
48;70;287;333
49;70;287;333
50;70;287;333
51;70;287;333
52;70;287;333
53;70;287;333
54;70;287;333
64;70;287;333
65;70;287;333
66;70;287;333
70;70;287;333
71;70;287;333
72;70;287;333
72;70;287;333
73;70;287;333
73;70;287;333
74;70;287;333
74;70;287;333
22;71;287;333
24;71;422;333
24;71;3099;333
24;71;383;333
24;71;3094;333
24;71;3096;333
25;71;420;333
25;71;3098;333
25;71;3093;333
25;71;3096;333
26;71;627;333
27;71;287;333
28;71;287;333
29;71;287;333
30;71;287;333
31;71;287;333
32;71;287;333
33;71;287;333
34;71;287;333
35;71;287;333
36;71;287;333
37;71;287;333
38;71;287;333
39;71;287;333
40;71;287;333
41;71;287;333
42;71;287;333
43;71;287;333
44;71;287;333
45;71;287;333
46;71;287;333
46;71;287;333
47;71;287;333
48;71;287;333
49;71;287;333
50;71;287;333
51;71;287;333
52;71;287;333
53;71;287;333
54;71;287;333
55;71;287;333
56;71;287;333
57;71;287;333
58;71;287;333
59;71;287;333
60;71;287;333
61;71;287;333
62;71;287;333
63;71;287;333
64;71;287;333
65;71;287;333
66;71;287;333
67;71;287;333
68;71;287;333
69;71;287;333
70;71;287;333
71;71;287;333
72;71;287;333
73;71;287;333
74;71;287;333
22;72;287;333
26;72;287;333
27;72;287;333
22;73;287;333
23;73;287;333
24;73;287;333
25;73;287;333
26;73;287;333
27;73;287;333
