19;0;287;333
20;0;287;333
21;0;287;333
22;0;287;333
23;0;287;333
24;0;600;333
25;0;287;333
26;0;287;333
27;0;287;333
28;0;287;333
29;0;287;333
30;0;287;333
31;0;287;333
32;0;287;333
33;0;287;333
34;0;287;333
35;0;287;333
36;0;600;333
37;0;600;333
38;0;287;333
39;0;287;333
39;0;287;333
40;0;287;333
41;0;287;333
42;0;287;333
43;0;287;333
44;0;600;333
45;0;287;333
46;0;287;333
46;0;628;333
47;0;287;333
48;0;287;333
49;0;287;333
50;0;287;333
51;0;287;333
52;0;287;333
53;0;287;333
54;0;287;333
55;0;287;333
56;0;287;333
57;0;287;333
58;0;287;333
59;0;287;333
60;0;287;333
61;0;287;333
62;0;287;333
63;0;287;333
64;0;600;333
65;0;287;333
66;0;287;333
67;0;287;333
68;0;287;333
69;0;287;333
70;0;287;333
71;0;287;333
72;0;287;333
73;0;287;333
74;0;287;333
19;1;287;333
20;1;287;333
21;1;287;333
21;1;628;333
22;1;600;333
22;1;629;333
23;1;600;333
23;1;626;333
24;1;633;333
24;1;628;333
25;1;633;333
25;1;401;333
25;1;1246;333
26;1;633;333
26;1;629;333
27;1;622;333
28;1;633;333
28;1;628;333
29;1;633;333
29;1;915;333
29;1;401;333
29;1;1245;333
30;1;627;333
31;1;626;333
32;1;628;333
33;1;598;333
33;1;629;333
34;1;629;333
35;1;598;333
36;1;630;333
37;1;622;333
38;1;600;333
38;1;629;333
39;1;622;333
40;1;622;333
41;1;600;333
41;1;628;333
42;1;622;333
43;1;622;333
44;1;600;333
44;1;626;333
45;1;1254;333
46;1;3100;333
47;1;3100;333
48;1;623;333
48;1;628;333
49;1;626;333
50;1;287;333
51;1;287;333
52;1;287;333
53;1;287;333
54;1;287;333
55;1;287;333
56;1;287;333
57;1;287;333
58;1;287;333
58;1;600;333
59;1;287;333
60;1;287;333
61;1;287;333
62;1;600;333
63;1;628;333
64;1;596;333
65;1;630;333
66;1;626;333
67;1;630;333
68;1;287;333
69;1;287;333
70;1;287;333
71;1;287;333
72;1;287;333
73;1;287;333
74;1;287;333
19;2;287;333
20;2;287;333
22;2;1266;333
24;2;1266;333
28;2;1278;333
30;2;425;333
30;2;423;333
31;2;425;333
31;2;423;333
32;2;3095;333
34;2;425;333
34;2;3101;333
35;2;3095;333
35;2;425;333
35;2;411;333
36;2;425;333
36;2;423;333
36;2;3095;333
37;2;425;333
40;2;2937;333
42;2;61;333
42;2;3101;333
47;2;3101;333
49;2;622;333
50;2;287;333
51;2;287;333
52;2;630;333
53;2;622;333
54;2;628;333
55;2;622;333
56;2;630;333
56;2;628;333
57;2;599;333
58;2;629;333
59;2;633;333
59;2;1257;333
60;2;633;333
60;2;233;333
61;2;633;333
61;2;1247;333
61;2;401;333
62;2;628;333
63;2;425;333
64;2;418;333
65;2;425;333
66;2;415;333
66;2;425;333
67;2;629;333
68;2;597;333
69;2;597;333
70;2;597;333
71;2;597;333
72;2;597;333
73;2;597;333
74;2;597;333
19;3;287;333
19;3;287;333
20;3;287;333
21;3;1266;333
21;3;1272;333
22;3;1266;333
25;3;3101;333
31;3;1272;333
31;3;1265;333
36;3;1272;333
49;3;627;333
50;3;287;333
52;3;425;333
52;3;423;333
52;3;412;333
53;3;3095;333
53;3;425;333
54;3;1245;333
54;3;425;333
54;3;423;333
55;3;425;333
64;3;3101;333
65;3;2038;333
6;4;287;333
7;4;287;333
8;4;287;333
9;4;287;333
10;4;287;333
11;4;287;333
12;4;287;333
19;4;287;333
20;4;287;333
24;4;627;333
29;4;627;333
30;4;626;333
46;4;626;333
49;4;623;333
50;4;287;333
64;4;3101;333
65;4;3101;333
6;5;287;333
7;5;627;333
8;5;628;333
9;5;629;333
10;5;628;333
11;5;626;333
12;5;287;333
19;5;287;333
20;5;287;333
24;5;623;333
25;5;287;333
26;5;287;333
28;5;1250;333
28;5;424;333
29;5;623;333
29;5;627;333
30;5;287;333
31;5;287;333
32;5;287;333
33;5;287;333
34;5;287;333
35;5;287;333
36;5;287;333
37;5;287;333
38;5;287;333
39;5;287;333
40;5;287;333
41;5;287;333
42;5;287;333
43;5;287;333
44;5;287;333
45;5;287;333
46;5;287;333
48;5;1245;333
49;5;597;333
50;5;287;333
53;5;1266;333
56;5;627;333
57;5;626;333
67;5;626;333
67;5;627;333
68;5;600;333
69;5;598;333
70;5;598;333
71;5;598;333
72;5;598;333
73;5;598;333
74;5;287;333
6;6;287;333
9;6;3100;333
9;6;3101;333
10;6;3099;333
10;6;2038;333
11;6;622;333
12;6;287;333
19;6;287;333
23;6;3093;333
24;6;600;333
24;6;628;333
25;6;287;333
26;6;287;333
28;6;424;333
29;6;623;333
29;6;407;333
30;6;287;333
31;6;287;333
32;6;287;333
33;6;287;333
34;6;287;333
35;6;287;333
36;6;287;333
37;6;287;333
38;6;287;333
39;6;287;333
40;6;287;333
41;6;287;333
42;6;287;333
43;6;287;333
44;6;287;333
45;6;287;333
46;6;287;333
48;6;421;333
49;6;598;333
50;6;287;333
55;6;1245;333
56;6;623;333
57;6;287;333
58;6;287;333
59;6;287;333
60;6;287;333
61;6;287;333
65;6;3100;333
66;6;623;333
67;6;628;333
68;6;627;333
68;6;626;333
69;6;600;333
69;6;599;333
70;6;287;333
71;6;287;333
72;6;287;333
73;6;287;333
74;6;287;333
6;7;287;333
9;7;2832;333
10;7;3100;333
10;7;3101;333
11;7;627;333
12;7;287;333
19;7;287;333
22;7;2038;333
24;7;597;333
24;7;914;333
24;7;3101;333
25;7;287;333
26;7;287;333
28;7;1265;333
28;7;3093;333
28;7;424;333
29;7;600;333
29;7;627;333
30;7;287;333
31;7;287;333
32;7;287;333
33;7;287;333
34;7;287;333
35;7;287;333
36;7;287;333
37;7;287;333
38;7;287;333
39;7;287;333
40;7;287;333
41;7;287;333
42;7;287;333
43;7;287;333
44;7;287;333
45;7;287;333
46;7;287;333
48;7;1246;333
49;7;635;333
49;7;628;333
49;7;403;333
50;7;287;333
54;7;627;333
55;7;287;333
56;7;287;333
57;7;287;333
58;7;287;333
59;7;287;333
60;7;287;333
61;7;287;333
65;7;3100;333
66;7;600;333
66;7;622;333
67;7;287;333
68;7;287;333
69;7;287;333
71;7;287;333
72;7;287;333
73;7;287;333
74;7;287;333
6;8;287;333
9;8;3101;333
11;8;629;333
12;8;287;333
19;8;287;333
24;8;598;333
25;8;287;333
26;8;287;333
27;8;1257;333
29;8;627;333
30;8;287;333
31;8;287;333
32;8;287;333
33;8;287;333
34;8;287;333
35;8;287;333
36;8;287;333
37;8;287;333
38;8;287;333
39;8;287;333
39;8;600;333
40;8;287;333
41;8;287;333
42;8;287;333
43;8;287;333
44;8;287;333
45;8;287;333
46;8;626;333
49;8;635;333
50;8;287;333
54;8;635;333
54;8;626;333
55;8;287;333
55;8;622;333
56;8;287;333
57;8;287;333
58;8;633;333
58;8;634;333
59;8;633;333
59;8;401;333
60;8;633;333
60;8;627;333
61;8;600;333
62;8;287;333
66;8;600;333
66;8;627;333
67;8;287;333
68;8;287;333
69;8;287;333
71;8;622;333
72;8;600;333
72;8;628;333
73;8;287;333
74;8;287;333
6;9;287;333
10;9;1272;333
11;9;629;333
12;9;287;333
19;9;287;333
23;9;3093;333
24;9;626;333
25;9;287;333
26;9;287;333
29;9;635;333
29;9;1266;333
29;9;403;333
30;9;287;333
31;9;622;333
32;9;622;333
33;9;628;333
34;9;599;333
35;9;596;333
35;9;421;333
36;9;630;333
37;9;633;333
37;9;1276;333
38;9;633;333
38;9;1245;333
38;9;401;333
39;9;627;333
40;9;628;333
41;9;628;333
42;9;599;333
43;9;596;333
44;9;622;333
45;9;623;333
46;9;628;333
49;9;630;333
50;9;287;333
53;9;3101;333
54;9;66;333
54;9;689;333
55;9;633;333
56;9;633;333
56;9;401;333
57;9;633;333
58;9;688;333
60;9;232;333
61;9;626;333
62;9;287;333
66;9;627;333
67;9;287;333
68;9;287;333
69;9;287;333
73;9;626;333
74;9;287;333
6;10;287;333
9;10;3094;333
11;10;627;333
12;10;287;333
19;10;287;333
22;10;1266;333
23;10;1272;333
24;10;3098;333
25;10;1254;333
26;10;287;333
28;10;66;333
29;10;635;333
29;10;1266;333
30;10;287;333
31;10;3100;333
32;10;914;333
33;10;3097;333
34;10;914;333
36;10;3095;333
38;10;2038;333
39;10;1273;333
40;10;1276;333
48;10;3098;333
49;10;635;333
49;10;403;333
50;10;287;333
53;10;391;333
54;10;3101;333
59;10;2832;333
60;10;424;333
60;10;408;333
61;10;627;333
62;10;287;333
64;10;420;333
66;10;628;333
67;10;287;333
68;10;287;333
69;10;287;333
73;10;635;333
73;10;628;333
73;10;403;333
74;10;287;333
6;11;287;333
11;11;627;333
12;11;287;333
19;11;287;333
21;11;3101;333
23;11;1266;333
24;11;1265;333
25;11;3098;333
26;11;287;333
27;11;287;333
28;11;287;333
29;11;287;333
30;11;287;333
31;11;3098;333
36;11;3101;333
42;11;3096;333
45;11;3096;333
47;11;3097;333
48;11;1276;333
49;11;635;333
49;11;627;333
50;11;287;333
60;11;424;333
60;11;410;333
61;11;623;333
62;11;287;333
66;11;635;333
66;11;1272;333
67;11;287;333
68;11;287;333
69;11;287;333
73;11;635;333
73;11;1245;333
74;11;287;333
6;12;287;333
10;12;3101;333
11;12;626;333
12;12;287;333
19;12;287;333
22;12;627;333
25;12;66;333
26;12;626;333
27;12;287;333
28;12;287;333
29;12;287;333
30;12;287;333
31;12;287;333
32;12;287;333
33;12;287;333
34;12;287;333
35;12;287;333
36;12;287;333
37;12;287;333
38;12;287;333
39;12;287;333
40;12;287;333
41;12;287;333
42;12;287;333
43;12;287;333
44;12;287;333
45;12;287;333
46;12;287;333
47;12;287;333
48;12;287;333
49;12;287;333
50;12;287;333
61;12;287;333
62;12;287;333
65;12;1272;333
66;12;635;333
66;12;403;333
66;12;1254;333
67;12;287;333
68;12;287;333
69;12;287;333
73;12;623;333
74;12;287;333
6;13;287;333
11;13;626;333
12;13;287;333
13;13;287;333
14;13;287;333
15;13;287;333
16;13;287;333
17;13;287;333
18;13;287;333
19;13;287;333
21;13;407;333
22;13;623;333
26;13;3100;333
27;13;287;333
28;13;287;333
29;13;287;333
30;13;622;333
31;13;626;333
32;13;600;333
33;13;287;333
34;13;287;333
35;13;287;333
36;13;287;333
37;13;287;333
38;13;287;333
39;13;600;333
39;13;627;333
40;13;287;333
41;13;287;333
42;13;287;333
42;13;628;333
43;13;627;333
44;13;629;333
45;13;600;333
45;13;622;333
46;13;633;333
46;13;628;333
47;13;633;333
48;13;633;333
48;13;401;333
49;13;287;333
49;13;682;333
50;13;287;333
50;13;600;333
50;13;627;333
51;13;287;333
51;13;406;333
52;13;287;333
52;13;600;333
52;13;628;333
53;13;287;333
53;13;630;333
54;13;600;333
54;13;599;333
55;13;600;333
56;13;287;333
57;13;287;333
58;13;600;333
59;13;287;333
60;13;287;333
61;13;287;333
62;13;287;333
64;13;3101;333
66;13;635;333
66;13;233;333
67;13;287;333
68;13;287;333
69;13;287;333
72;13;3100;333
72;13;424;333
73;13;623;333
74;13;287;333
6;14;287;333
8;14;1246;333
10;14;3093;333
11;14;627;333
12;14;287;333
13;14;628;333
14;14;628;333
14;14;627;333
15;14;628;333
15;14;627;333
16;14;628;333
17;14;628;333
17;14;627;333
18;14;628;333
19;14;628;333
21;14;391;333
22;14;623;333
22;14;628;333
26;14;627;333
27;14;287;333
30;14;425;333
31;14;425;333
31;14;424;333
31;14;409;333
32;14;626;333
33;14;628;333
34;14;599;333
35;14;596;333
36;14;633;333
37;14;633;333
37;14;3101;333
37;14;401;333
38;14;633;333
38;14;627;333
39;14;628;333
40;14;633;333
40;14;627;333
41;14;622;333
42;14;1245;333
47;14;3101;333
51;14;425;333
53;14;425;333
53;14;423;333
54;14;425;333
55;14;626;333
56;14;628;333
57;14;287;333
58;14;287;333
59;14;287;333
60;14;287;333
61;14;287;333
62;14;287;333
66;14;623;333
67;14;287;333
68;14;287;333
69;14;287;333
72;14;3100;333
72;14;424;333
72;14;416;333
73;14;635;333
73;14;628;333
74;14;287;333
6;15;287;333
11;15;629;333
12;15;287;333
14;15;1245;333
14;15;1278;333
15;15;3101;333
16;15;914;333
17;15;1245;333
19;15;426;333
21;15;1245;333
22;15;1792;333
24;15;3101;333
26;15;287;333
27;15;287;333
30;15;2832;333
32;15;2038;333
42;15;375;333
47;15;2937;333
48;15;2776;333
51;15;3101;333
57;15;635;333
57;15;403;333
58;15;287;333
59;15;287;333
60;15;287;333
61;15;287;333
62;15;287;333
66;15;623;333
67;15;287;333
68;15;287;333
69;15;287;333
73;15;623;333
74;15;287;333
6;16;287;333
9;16;3093;333
10;16;627;333
11;16;629;333
12;16;287;333
22;16;1797;333
26;16;600;333
26;16;627;333
26;16;628;333
27;16;287;333
34;16;3101;333
37;16;1254;333
40;16;3101;333
56;16;1245;333
57;16;635;333
58;16;287;333
59;16;287;333
60;16;287;333
61;16;287;333
62;16;287;333
65;16;3093;333
66;16;287;333
67;16;287;333
68;16;287;333
69;16;287;333
73;16;635;333
73;16;628;333
73;16;403;333
74;16;287;333
6;17;287;333
10;17;629;333
11;17;287;333
12;17;287;333
21;17;3093;333
22;17;287;333
22;17;628;333
25;17;3093;333
26;17;623;333
27;17;287;333
28;17;287;333
29;17;287;333
30;17;287;333
31;17;287;333
32;17;287;333
33;17;287;333
34;17;287;333
35;17;287;333
50;17;287;333
51;17;287;333
52;17;287;333
56;17;627;333
57;17;635;333
58;17;287;333
59;17;287;333
60;17;287;333
61;17;287;333
62;17;287;333
66;17;623;333
67;17;287;333
68;17;287;333
69;17;287;333
72;17;2038;333
72;17;424;333
72;17;427;333
73;17;635;333
73;17;627;333
74;17;287;333
6;18;287;333
9;18;3101;333
10;18;626;333
11;18;287;333
12;18;287;333
13;18;287;333
14;18;287;333
15;18;287;333
16;18;287;333
17;18;287;333
18;18;287;333
20;18;1266;333
20;18;66;333
22;18;1797;333
26;18;626;333
27;18;287;333
28;18;287;333
29;18;287;333
31;18;3100;333
32;18;914;333
32;18;3100;333
32;18;1245;333
33;18;3100;333
34;18;628;333
35;18;287;333
36;18;287;333
37;18;287;333
38;18;287;333
39;18;287;333
40;18;287;333
41;18;287;333
42;18;287;333
43;18;287;333
44;18;287;333
45;18;287;333
46;18;287;333
47;18;287;333
48;18;287;333
49;18;287;333
50;18;287;333
51;18;287;333
52;18;287;333
56;18;623;333
57;18;287;333
58;18;287;333
59;18;287;333
60;18;287;333
61;18;287;333
62;18;287;333
66;18;626;333
67;18;287;333
68;18;287;333
69;18;287;333
71;18;3101;333
72;18;424;333
73;18;623;333
74;18;287;333
6;19;287;333
8;19;3097;333
10;19;627;333
11;19;287;333
12;19;287;333
13;19;287;333
14;19;287;333
15;19;287;333
16;19;287;333
17;19;287;333
18;19;287;333
20;19;1266;333
20;19;1272;333
22;19;1792;333
25;19;914;333
26;19;623;333
27;19;287;333
28;19;287;333
29;19;287;333
31;19;3100;333
31;19;914;333
32;19;2856;333
33;19;3100;333
34;19;627;333
35;19;287;333
36;19;287;333
37;19;287;333
38;19;287;333
39;19;287;333
40;19;287;333
41;19;287;333
42;19;287;333
43;19;287;333
44;19;287;333
45;19;287;333
46;19;287;333
47;19;287;333
48;19;287;333
49;19;287;333
50;19;287;333
51;19;287;333
52;19;287;333
55;19;914;333
56;19;600;333
56;19;628;333
57;19;287;333
58;19;287;333
59;19;287;333
60;19;287;333
61;19;287;333
62;19;287;333
65;19;914;333
66;19;635;333
66;19;403;333
66;19;405;333
67;19;287;333
68;19;287;333
69;19;287;333
72;19;424;333
73;19;623;333
74;19;287;333
6;20;287;333
7;20;287;333
10;20;629;333
11;20;628;333
12;20;622;333
13;20;622;333
14;20;623;333
15;20;627;333
16;20;628;333
17;20;629;333
18;20;627;333
19;20;628;333
21;20;3093;333
22;20;623;333
26;20;914;333
26;20;406;333
26;20;424;333
27;20;287;333
28;20;287;333
29;20;287;333
34;20;623;333
35;20;287;333
36;20;287;333
37;20;626;333
38;20;623;333
39;20;628;333
40;20;626;333
41;20;628;333
42;20;622;333
43;20;622;333
44;20;596;333
45;20;599;333
46;20;600;333
47;20;628;333
48;20;627;333
49;20;628;333
50;20;287;333
51;20;287;333
52;20;287;333
56;20;622;333
57;20;287;333
58;20;287;333
59;20;287;333
60;20;287;333
61;20;287;333
62;20;287;333
66;20;635;333
66;20;627;333
67;20;287;333
68;20;287;333
69;20;287;333
73;20;626;333
74;20;287;333
3;21;287;333
4;21;287;333
5;21;287;333
6;21;287;333
7;21;287;333
9;21;375;333
10;21;3099;333
12;21;425;333
13;21;425;333
13;21;419;333
14;21;232;333
14;21;425;333
15;21;425;333
16;21;1278;333
17;21;233;333
22;21;623;333
23;21;287;333
24;21;2038;333
25;21;424;333
25;21;427;333
26;21;627;333
27;21;287;333
28;21;287;333
29;21;287;333
32;21;3101;333
35;21;287;333
36;21;1278;333
36;21;2856;333
37;21;1278;333
41;21;2038;333
42;21;3101;333
44;21;3095;333
48;21;3100;333
49;21;2856;333
50;21;287;333
51;21;287;333
52;21;287;333
56;21;627;333
57;21;287;333
58;21;287;333
59;21;287;333
60;21;287;333
61;21;287;333
62;21;287;333
66;21;622;333
67;21;287;333
68;21;287;333
69;21;287;333
72;21;424;333
73;21;597;333
74;21;287;333
3;22;287;333
4;22;287;333
5;22;287;333
6;22;287;333
7;22;287;333
21;22;1254;333
22;22;627;333
23;22;287;333
25;22;424;333
26;22;626;333
27;22;287;333
28;22;287;333
29;22;287;333
33;22;3101;333
33;22;424;333
34;22;623;333
35;22;287;333
36;22;1273;333
40;22;3101;333
48;22;2832;333
49;22;3100;333
50;22;287;333
51;22;287;333
52;22;287;333
54;22;1266;333
56;22;626;333
57;22;600;333
57;22;628;333
58;22;287;333
59;22;287;333
60;22;287;333
61;22;287;333
62;22;287;333
65;22;3093;333
66;22;600;333
66;22;627;333
67;22;287;333
68;22;287;333
69;22;287;333
72;22;3093;333
72;22;424;333
73;22;600;333
73;22;627;333
74;22;287;333
3;23;287;333
4;23;626;333
5;23;628;333
6;23;627;333
7;23;287;333
8;23;287;333
8;23;628;333
9;23;287;333
9;23;630;333
10;23;287;333
10;23;623;333
11;23;287;333
11;23;629;333
12;23;287;333
13;23;287;333
14;23;287;333
22;23;287;333
23;23;287;333
25;23;1272;333
26;23;627;333
27;23;287;333
28;23;287;333
29;23;287;333
34;23;424;333
34;23;425;333
34;23;412;333
35;23;287;333
39;23;627;333
50;23;287;333
51;23;287;333
52;23;287;333
56;23;3100;333
57;23;627;333
58;23;287;333
59;23;287;333
60;23;287;333
61;23;287;333
62;23;287;333
65;23;424;333
65;23;427;333
66;23;623;333
67;23;287;333
68;23;287;333
69;23;287;333
73;23;626;333
74;23;287;333
3;24;287;333
4;24;1276;333
7;24;1266;333
12;24;914;333
13;24;629;333
14;24;287;333
15;24;287;333
16;24;287;333
17;24;287;333
18;24;287;333
19;24;287;333
20;24;287;333
21;24;287;333
22;24;287;333
26;24;628;333
27;24;287;333
28;24;287;333
29;24;287;333
33;24;3093;333
33;24;424;333
34;24;623;333
35;24;287;333
39;24;626;333
40;24;287;333
41;24;287;333
42;24;287;333
43;24;287;333
44;24;287;333
45;24;287;333
46;24;287;333
47;24;287;333
48;24;287;333
49;24;287;333
50;24;287;333
51;24;287;333
52;24;287;333
56;24;3093;333
57;24;597;333
57;24;1254;333
58;24;287;333
58;24;407;333
59;24;287;333
60;24;287;333
61;24;287;333
62;24;287;333
65;24;3101;333
65;24;424;333
66;24;622;333
67;24;287;333
68;24;287;333
69;24;287;333
72;24;424;333
73;24;635;333
73;24;626;333
74;24;287;333
3;25;287;333
9;25;1272;333
13;25;627;333
14;25;287;333
15;25;287;333
16;25;287;333
17;25;287;333
18;25;287;333
19;25;287;333
20;25;287;333
21;25;287;333
22;25;287;333
26;25;627;333
27;25;287;333
28;25;287;333
29;25;287;333
30;25;287;333
31;25;287;333
33;25;424;333
34;25;627;333
35;25;287;333
39;25;628;333
40;25;287;333
41;25;287;333
42;25;287;333
43;25;287;333
44;25;287;333
45;25;287;333
46;25;287;333
47;25;287;333
48;25;287;333
49;25;287;333
50;25;287;333
51;25;287;333
52;25;287;333
56;25;1245;333
57;25;598;333
58;25;287;333
59;25;287;333
60;25;287;333
61;25;287;333
62;25;287;333
66;25;600;333
66;25;597;333
67;25;287;333
68;25;287;333
69;25;287;333
72;25;3101;333
73;25;635;333
73;25;403;333
73;25;425;333
74;25;287;333
3;26;287;333
13;26;628;333
14;26;287;333
15;26;287;333
16;26;287;333
17;26;287;333
18;26;287;333
19;26;287;333
20;26;287;333
21;26;287;333
22;26;287;333
25;26;914;333
26;26;629;333
27;26;622;333
29;26;622;333
30;26;626;333
31;26;287;333
32;26;914;333
33;26;1265;333
33;26;424;333
34;26;628;333
35;26;287;333
38;26;1245;333
39;26;597;333
40;26;287;333
40;26;600;333
41;26;287;333
42;26;287;333
43;26;287;333
44;26;287;333
45;26;287;333
46;26;287;333
47;26;287;333
48;26;287;333
49;26;287;333
50;26;287;333
51;26;287;333
52;26;287;333
53;26;287;333
56;26;1245;333
57;26;627;333
58;26;287;333
59;26;287;333
60;26;287;333
61;26;287;333
62;26;287;333
64;26;1272;333
66;26;600;333
66;26;598;333
67;26;287;333
68;26;287;333
69;26;287;333
73;26;635;333
73;26;1276;333
74;26;287;333
3;27;287;333
4;27;287;333
5;27;287;333
6;27;287;333
7;27;287;333
8;27;287;333
9;27;287;333
12;27;426;333
13;27;629;333
14;27;287;333
15;27;287;333
16;27;287;333
17;27;287;333
18;27;287;333
19;27;287;333
20;27;287;333
21;27;287;333
22;27;287;333
25;27;1257;333
26;27;3095;333
30;27;422;333
31;27;623;333
32;27;914;333
34;27;629;333
35;27;287;333
38;27;1245;333
39;27;598;333
40;27;287;333
40;27;600;333
41;27;287;333
42;27;287;333
43;27;287;333
44;27;287;333
45;27;287;333
46;27;287;333
47;27;287;333
48;27;287;333
49;27;628;333
50;27;626;333
51;27;628;333
52;27;627;333
53;27;622;333
54;27;628;333
56;27;1272;333
57;27;630;333
58;27;287;333
59;27;287;333
60;27;287;333
61;27;287;333
62;27;287;333
66;27;3100;333
67;27;287;333
68;27;287;333
69;27;287;333
70;27;287;333
73;27;623;333
74;27;287;333
9;28;287;333
13;28;627;333
14;28;287;333
15;28;287;333
16;28;287;333
17;28;287;333
18;28;287;333
19;28;287;333
20;28;287;333
21;28;287;333
22;28;287;333
29;28;2832;333
31;28;287;333
34;28;623;333
35;28;287;333
39;28;622;333
40;28;287;333
41;28;287;333
42;28;287;333
43;28;287;333
44;28;287;333
45;28;287;333
46;28;287;333
47;28;287;333
49;28;232;333
52;28;3101;333
56;28;3093;333
56;28;3101;333
57;28;628;333
58;28;287;333
59;28;287;333
60;28;287;333
61;28;287;333
62;28;287;333
66;28;3100;333
67;28;287;333
68;28;287;333
69;28;287;333
71;28;3101;333
72;28;424;333
73;28;623;333
73;28;627;333
74;28;287;333
9;29;287;333
12;29;914;333
13;29;626;333
14;29;287;333
15;29;287;333
16;29;287;333
17;29;287;333
18;29;287;333
19;29;287;333
20;29;287;333
21;29;287;333
22;29;287;333
29;29;2856;333
31;29;623;333
34;29;628;333
35;29;287;333
39;29;627;333
40;29;287;333
41;29;287;333
42;29;287;333
43;29;287;333
44;29;287;333
45;29;287;333
46;29;287;333
47;29;287;333
50;29;3101;333
56;29;3098;333
57;29;630;333
58;29;287;333
59;29;287;333
60;29;287;333
61;29;287;333
62;29;287;333
66;29;623;333
67;29;287;333
68;29;287;333
68;29;600;333
69;29;287;333
72;29;424;333
73;29;623;333
74;29;287;333
9;30;287;333
12;30;97;333
12;30;3101;333
13;30;623;333
14;30;287;333
15;30;287;333
16;30;287;333
17;30;287;333
18;30;287;333
19;30;287;333
20;30;287;333
21;30;287;333
22;30;287;333
23;30;287;333
24;30;287;333
25;30;287;333
26;30;287;333
27;30;287;333
28;30;287;333
29;30;287;333
30;30;287;333
31;30;287;333
33;30;1276;333
34;30;627;333
35;30;287;333
39;30;635;333
39;30;628;333
39;30;403;333
40;30;287;333
41;30;287;333
42;30;287;333
43;30;287;333
44;30;287;333
45;30;287;333
46;30;287;333
47;30;287;333
51;30;627;333
55;30;3099;333
56;30;3100;333
56;30;2038;333
57;30;600;333
57;30;627;333
58;30;287;333
59;30;287;333
60;30;287;333
61;30;287;333
62;30;287;333
66;30;626;333
67;30;628;333
68;30;626;333
69;30;622;333
70;30;628;333
72;30;1273;333
73;30;635;333
73;30;597;333
73;30;1246;333
73;30;425;333
73;30;417;333
74;30;287;333
9;31;287;333
13;31;626;333
14;31;633;333
14;31;628;333
15;31;633;333
15;31;626;333
16;31;622;333
16;31;407;333
17;31;633;333
17;31;628;333
18;31;633;333
18;31;401;333
19;31;633;333
19;31;627;333
20;31;627;333
21;31;626;333
24;31;627;333
28;31;627;333
29;31;599;333
30;31;596;333
31;31;628;333
34;31;629;333
35;31;622;333
36;31;628;333
38;31;233;333
39;31;635;333
39;31;405;333
40;31;287;333
41;31;287;333
42;31;287;333
43;31;287;333
44;31;287;333
45;31;287;333
46;31;287;333
47;31;287;333
49;31;3094;333
51;31;626;333
52;31;287;333
53;31;287;333
56;31;287;333
57;31;287;333
58;31;287;333
59;31;287;333
60;31;287;333
61;31;287;333
62;31;287;333
67;31;66;333
73;31;635;333
73;31;1246;333
73;31;1276;333
74;31;287;333
9;32;287;333
11;32;2038;333
15;32;425;333
16;32;425;333
17;32;425;333
18;32;1265;333
22;32;3101;333
23;32;2038;333
30;32;1272;333
35;32;3095;333
38;32;3100;333
39;32;623;333
40;32;287;333
41;32;287;333
42;32;287;333
43;32;287;333
44;32;287;333
45;32;287;333
46;32;287;333
47;32;287;333
51;32;626;333
52;32;287;333
53;32;287;333
54;32;287;333
55;32;287;333
56;32;287;333
57;32;287;333
58;32;287;333
59;32;287;333
60;32;287;333
61;32;287;333
62;32;287;333
64;32;2856;333
70;32;3096;333
72;32;3101;333
73;32;287;333
74;32;287;333
9;33;287;333
26;33;1257;333
30;33;3096;333
38;33;3100;333
39;33;635;333
39;33;628;333
40;33;287;333
41;33;287;333
42;33;287;333
43;33;287;333
44;33;287;333
45;33;287;333
46;33;287;333
47;33;287;333
50;33;2856;333
51;33;623;333
52;33;287;333
53;33;287;333
54;33;287;333
55;33;287;333
56;33;287;333
57;33;287;333
58;33;287;333
59;33;287;333
60;33;287;333
61;33;287;333
62;33;287;333
63;33;287;333
64;33;287;333
65;33;287;333
66;33;287;333
67;33;287;333
68;33;287;333
69;33;287;333
69;33;627;333
70;33;622;333
71;33;633;333
71;33;628;333
72;33;681;333
72;33;401;333
72;33;405;333
73;33;287;333
74;33;287;333
9;34;287;333
10;34;287;333
11;34;287;333
12;34;287;333
13;34;287;333
14;34;287;333
15;34;287;333
16;34;287;333
17;34;287;333
18;34;629;333
21;34;627;333
38;34;3100;333
39;34;635;333
39;34;403;333
40;34;287;333
41;34;287;333
42;34;287;333
43;34;287;333
44;34;287;333
45;34;287;333
46;34;287;333
47;34;287;333
51;34;622;333
52;34;287;333
53;34;287;333
54;34;287;333
55;34;287;333
56;34;287;333
57;34;287;333
58;34;600;333
58;34;628;333
59;34;622;333
60;34;600;333
60;34;626;333
61;34;600;333
62;34;287;333
63;34;287;333
64;34;287;333
65;34;627;333
66;34;628;333
67;34;600;333
67;34;599;333
68;34;600;333
68;34;596;333
69;34;622;333
70;34;628;333
71;34;426;333
72;34;635;333
72;34;426;333
72;34;426;333
73;34;287;333
74;34;287;333
17;35;287;333
21;35;629;333
22;35;287;333
23;35;287;333
24;35;287;333
25;35;287;333
26;35;287;333
27;35;287;333
28;35;287;333
29;35;287;333
30;35;287;333
31;35;287;333
32;35;287;333
33;35;287;333
34;35;287;333
38;35;3101;333
38;35;1265;333
39;35;635;333
39;35;627;333
40;35;287;333
41;35;287;333
42;35;287;333
43;35;287;333
44;35;287;333
45;35;287;333
46;35;287;333
47;35;287;333
50;35;3101;333
51;35;626;333
52;35;287;333
53;35;287;333
54;35;287;333
55;35;287;333
56;35;287;333
57;35;287;333
60;35;2856;333
61;35;626;333
62;35;622;333
63;35;622;333
64;35;628;333
65;35;1250;333
71;35;1272;333
71;35;1266;333
71;35;2038;333
72;35;66;333
72;35;689;333
73;35;681;333
73;35;403;333
74;35;287;333
17;36;287;333
21;36;600;333
21;36;598;333
22;36;287;333
23;36;287;333
24;36;287;333
25;36;287;333
26;36;287;333
27;36;287;333
28;36;287;333
29;36;287;333
30;36;287;333
31;36;287;333
32;36;287;333
33;36;287;333
34;36;287;333
36;36;3094;333
38;36;627;333
39;36;287;333
40;36;287;333
41;36;287;333
42;36;287;333
43;36;287;333
44;36;287;333
45;36;287;333
46;36;287;333
47;36;287;333
49;36;1265;333
50;36;376;333
50;36;2038;333
51;36;3101;333
51;36;3099;333
52;36;622;333
53;36;287;333
54;36;287;333
55;36;287;333
56;36;287;333
57;36;287;333
59;36;2832;333
61;36;3101;333
67;36;3100;333
68;36;3100;333
72;36;1265;333
73;36;635;333
73;36;391;333
74;36;287;333
17;37;287;333
20;37;66;333
21;37;597;333
22;37;287;333
23;37;287;333
24;37;287;333
25;37;287;333
26;37;287;333
27;37;287;333
28;37;287;333
29;37;287;333
30;37;287;333
31;37;287;333
32;37;287;333
33;37;287;333
34;37;287;333
39;37;287;333
40;37;287;333
41;37;287;333
42;37;287;333
43;37;287;333
44;37;287;333
45;37;287;333
46;37;287;333
47;37;287;333
50;37;3101;333
51;37;3099;333
52;37;627;333
53;37;287;333
54;37;287;333
55;37;287;333
56;37;287;333
57;37;287;333
61;37;2937;333
66;37;3100;333
67;37;3100;333
73;37;635;333
73;37;627;333
74;37;287;333
17;38;287;333
20;38;3098;333
21;38;622;333
22;38;287;333
23;38;287;333
24;38;287;333
25;38;287;333
26;38;287;333
27;38;287;333
28;38;287;333
29;38;287;333
30;38;287;333
31;38;287;333
32;38;287;333
33;38;287;333
34;38;287;333
38;38;628;333
39;38;287;333
40;38;287;333
41;38;287;333
42;38;287;333
43;38;287;333
44;38;287;333
45;38;287;333
46;38;287;333
47;38;287;333
49;38;3094;333
51;38;1265;333
51;38;3101;333
52;38;628;333
53;38;287;333
54;38;287;333
55;38;287;333
56;38;287;333
57;38;287;333
68;38;287;333
69;38;287;333
72;38;424;333
73;38;626;333
74;38;287;333
3;39;287;333
4;39;287;333
5;39;287;333
6;39;287;333
7;39;287;333
8;39;287;333
9;39;287;333
10;39;287;333
11;39;287;333
12;39;287;333
13;39;287;333
14;39;287;333
15;39;287;333
16;39;287;333
17;39;287;333
19;39;3097;333
21;39;628;333
22;39;287;333
23;39;287;333
24;39;287;333
25;39;287;333
26;39;287;333
27;39;287;333
28;39;627;333
29;39;628;333
30;39;627;333
31;39;622;333
32;39;3098;333
33;39;622;333
34;39;626;333
35;39;628;333
38;39;3100;333
39;39;622;333
40;39;287;333
41;39;287;333
42;39;287;333
43;39;287;333
44;39;287;333
45;39;287;333
46;39;287;333
47;39;287;333
49;39;1250;333
52;39;628;333
53;39;287;333
54;39;287;333
55;39;287;333
56;39;287;333
57;39;287;333
58;39;287;333
59;39;287;333
60;39;287;333
61;39;287;333
62;39;287;333
63;39;287;333
64;39;287;333
65;39;287;333
66;39;287;333
67;39;287;333
68;39;287;333
69;39;287;333
71;39;1266;333
72;39;3093;333
72;39;424;333
72;39;427;333
73;39;627;333
74;39;287;333
3;40;287;333
4;40;596;333
5;40;627;333
6;40;622;333
7;40;628;333
8;40;622;333
9;40;627;333
10;40;622;333
11;40;628;333
12;40;628;333
13;40;626;333
14;40;630;333
15;40;628;333
16;40;627;333
17;40;629;333
18;40;633;333
18;40;628;333
19;40;633;333
19;40;401;333
20;40;633;333
20;40;629;333
21;40;287;333
21;40;629;333
22;40;287;333
23;40;628;333
24;40;627;333
25;40;622;333
26;40;600;333
27;40;600;333
27;40;596;333
28;40;600;333
29;40;407;333
30;40;232;333
34;40;1245;333
38;40;3100;333
39;40;627;333
40;40;287;333
41;40;287;333
42;40;287;333
43;40;287;333
44;40;287;333
45;40;287;333
46;40;287;333
47;40;287;333
51;40;1245;333
52;40;627;333
53;40;599;333
54;40;599;333
55;40;596;333
55;40;421;333
56;40;626;333
57;40;287;333
58;40;287;333
59;40;287;333
60;40;287;333
61;40;287;333
62;40;287;333
63;40;287;333
64;40;287;333
65;40;287;333
66;40;287;333
67;40;287;333
68;40;287;333
69;40;287;333
73;40;598;333
74;40;287;333
3;41;287;333
4;41;3098;333
5;41;3098;333
10;41;3098;333
11;41;3098;333
14;41;1245;333
17;41;2038;333
18;41;3095;333
19;41;391;333
21;41;3101;333
22;41;3095;333
23;41;1276;333
24;41;425;333
24;41;424;333
24;41;415;333
25;41;626;333
26;41;3098;333
27;41;3099;333
28;41;623;333
29;41;426;333
32;41;1266;333
38;41;3093;333
39;41;623;333
40;41;287;333
41;41;287;333
42;41;287;333
43;41;287;333
44;41;287;333
45;41;287;333
46;41;287;333
47;41;287;333
51;41;1245;333
52;41;626;333
53;41;2856;333
55;41;2856;333
56;41;627;333
57;41;287;333
58;41;287;333
59;41;287;333
60;41;287;333
61;41;287;333
62;41;287;333
63;41;287;333
64;41;287;333
65;41;287;333
66;41;287;333
67;41;287;333
68;41;287;333
69;41;287;333
73;41;600;333
74;41;287;333
3;42;287;333
4;42;3098;333
20;42;1273;333
23;42;3101;333
27;42;1273;333
28;42;287;333
28;42;626;333
31;42;627;333
38;42;1266;333
38;42;424;333
39;42;623;333
40;42;287;333
41;42;287;333
42;42;287;333
43;42;287;333
44;42;287;333
45;42;287;333
46;42;287;333
47;42;287;333
50;42;1272;333
52;42;1797;333
54;42;2832;333
56;42;628;333
57;42;287;333
58;42;287;333
59;42;287;333
60;42;287;333
61;42;287;333
62;42;287;333
63;42;287;333
64;42;287;333
65;42;287;333
66;42;287;333
67;42;287;333
68;42;287;333
69;42;287;333
70;42;626;333
71;42;3094;333
72;42;1272;333
72;42;424;333
73;42;629;333
74;42;287;333
3;43;287;333
6;43;627;333
27;43;914;333
28;43;287;333
31;43;622;333
32;43;287;333
33;43;287;333
34;43;287;333
36;43;2038;333
38;43;424;333
39;43;627;333
40;43;287;333
41;43;287;333
42;43;287;333
43;43;287;333
44;43;287;333
45;43;287;333
46;43;287;333
47;43;287;333
50;43;3094;333
52;43;1792;333
56;43;623;333
57;43;287;333
58;43;287;333
58;43;287;333
59;43;287;333
59;43;287;333
60;43;287;333
60;43;287;333
61;43;287;333
61;43;287;333
62;43;287;333
62;43;287;333
63;43;287;333
63;43;287;333
64;43;287;333
64;43;287;333
65;43;287;333
65;43;287;333
66;43;287;333
67;43;287;333
68;43;626;333
68;43;287;333
69;43;626;333
69;43;287;333
70;43;628;333
72;43;424;333
72;43;427;333
73;43;627;333
74;43;287;333
3;44;287;333
5;44;3093;333
6;44;623;333
7;44;287;333
8;44;287;333
9;44;287;333
10;44;287;333
10;44;628;333
11;44;287;333
12;44;287;333
13;44;287;333
14;44;287;333
15;44;287;333
16;44;287;333
17;44;287;333
18;44;287;333
19;44;287;333
20;44;287;333
21;44;287;333
22;44;287;333
23;44;287;333
24;44;287;333
28;44;287;333
29;44;1272;333
31;44;627;333
32;44;287;333
33;44;287;333
34;44;287;333
38;44;66;333
38;44;424;333
38;44;415;333
39;44;628;333
40;44;287;333
41;44;287;333
42;44;287;333
43;44;287;333
44;44;287;333
45;44;287;333
46;44;287;333
47;44;287;333
52;44;1797;333
55;44;627;333
57;44;287;333
58;44;287;333
59;44;287;333
60;44;287;333
61;44;287;333
62;44;287;333
63;44;287;333
64;44;287;333
65;44;287;333
65;44;600;333
66;44;287;333
66;44;425;333
67;44;287;333
69;44;3101;333
71;44;3101;333
72;44;3093;333
72;44;424;333
73;44;600;333
73;44;629;333
74;44;287;333
3;45;287;333
6;45;598;333
7;45;628;333
8;45;600;333
8;45;599;333
9;45;626;333
10;45;628;333
11;45;624;333
13;45;627;333
14;45;622;333
15;45;623;333
16;45;628;333
17;45;629;333
18;45;629;333
19;45;622;333
20;45;599;333
21;45;596;333
22;45;626;333
23;45;626;333
24;45;287;333
26;45;3101;333
27;45;625;333
28;45;287;333
31;45;628;333
32;45;287;333
33;45;287;333
34;45;287;333
38;45;3093;333
39;45;599;333
40;45;287;333
41;45;287;333
42;45;287;333
43;45;287;333
44;45;287;333
45;45;287;333
46;45;287;333
47;45;287;333
50;45;1266;333
51;45;3101;333
52;45;1792;333
55;45;626;333
56;45;287;333
57;45;287;333
58;45;287;333
59;45;287;333
61;45;627;333
62;45;287;333
63;45;622;333
64;45;622;333
64;45;407;333
65;45;628;333
66;45;627;333
67;45;622;333
68;45;628;333
71;45;1266;333
72;45;1257;333
73;45;627;333
74;45;287;333
3;46;287;333
6;46;597;333
8;46;425;333
8;46;418;333
9;46;425;333
10;46;3095;333
11;46;1247;333
12;46;1266;333
13;46;3095;333
15;46;375;333
22;46;3098;333
22;46;3101;333
23;46;3100;333
24;46;287;333
24;46;622;333
27;46;627;333
28;46;287;333
30;46;3101;333
31;46;623;333
32;46;287;333
33;46;287;333
34;46;287;333
36;46;375;333
38;46;424;333
39;46;627;333
40;46;287;333
41;46;287;333
42;46;287;333
43;46;287;333
44;46;287;333
45;46;287;333
46;46;287;333
47;46;287;333
51;46;2038;333
52;46;1797;333
53;46;376;333
55;46;622;333
56;46;287;333
57;46;287;333
58;46;287;333
59;46;287;333
61;46;1273;333
63;46;3095;333
63;46;425;333
64;46;425;333
66;46;3095;333
69;46;1265;333
71;46;1257;333
71;46;422;333
72;46;3097;333
73;46;630;333
74;46;287;333
3;47;287;333
6;47;629;333
17;47;3096;333
22;47;3101;333
23;47;3098;333
23;47;2038;333
24;47;287;333
24;47;622;333
26;47;3101;333
27;47;626;333
28;47;287;333
31;47;629;333
32;47;287;333
33;47;287;333
34;47;287;333
37;47;1266;333
37;47;1272;333
38;47;424;333
39;47;629;333
39;47;625;333
40;47;287;333
41;47;287;333
42;47;287;333
43;47;287;333
44;47;287;333
45;47;287;333
46;47;287;333
47;47;287;333
50;47;391;333
50;47;3101;333
51;47;3100;333
51;47;422;333
52;47;1792;333
56;47;287;333
57;47;287;333
58;47;287;333
59;47;287;333
65;47;375;333
65;47;3101;333
68;47;1266;333
70;47;3097;333
71;47;3097;333
71;47;3101;333
72;47;3097;333
73;47;623;333
74;47;287;333
3;48;287;333
6;48;634;333
6;48;628;333
9;48;1272;333
12;48;232;333
12;48;3101;333
13;48;3099;333
14;48;627;333
23;48;424;333
23;48;410;333
24;48;287;333
24;48;634;333
24;48;628;333
27;48;3100;333
28;48;600;333
28;48;628;333
30;48;914;333
31;48;622;333
32;48;287;333
33;48;287;333
34;48;287;333
37;48;3101;333
38;48;424;333
39;48;627;333
40;48;287;333
41;48;287;333
42;48;287;333
43;48;287;333
44;48;287;333
45;48;287;333
46;48;287;333
47;48;287;333
51;48;627;333
52;48;287;333
53;48;2937;333
53;48;3101;333
55;48;626;333
56;48;287;333
57;48;287;333
58;48;287;333
59;48;287;333
61;48;3094;333
72;48;287;333
73;48;287;333
74;48;287;333
3;49;287;333
6;49;287;333
11;49;3101;333
12;49;3100;333
13;49;1276;333
14;49;623;333
15;49;287;333
16;49;287;333
17;49;287;333
18;49;287;333
19;49;287;333
20;49;287;333
23;49;424;333
24;49;287;333
24;49;634;333
24;49;627;333
27;49;2038;333
28;49;1796;333
29;49;3094;333
31;49;597;333
32;49;287;333
33;49;287;333
34;49;287;333
36;49;66;333
39;49;626;333
40;49;287;333
41;49;287;333
42;49;287;333
43;49;287;333
44;49;287;333
45;49;287;333
46;49;287;333
47;49;287;333
51;49;630;333
52;49;287;333
54;49;391;333
55;49;629;333
56;49;287;333
57;49;287;333
58;49;287;333
59;49;287;333
63;49;287;333
64;49;287;333
65;49;287;333
65;49;627;333
66;49;287;333
66;49;628;333
67;49;287;333
67;49;627;333
68;49;287;333
69;49;287;333
70;49;287;333
71;49;287;333
72;49;287;333
73;49;287;333
74;49;287;333
3;50;287;333
6;50;287;333
9;50;627;333
13;50;287;333
14;50;287;333
15;50;287;333
16;50;287;333
17;50;287;333
18;50;287;333
19;50;287;333
20;50;287;333
23;50;233;333
24;50;287;333
24;50;623;333
28;50;1794;333
28;50;421;333
29;50;1272;333
29;50;1265;333
31;50;598;333
32;50;287;333
33;50;287;333
34;50;287;333
36;50;3101;333
38;50;627;333
40;50;287;333
41;50;287;333
42;50;287;333
43;50;287;333
44;50;287;333
45;50;287;333
46;50;287;333
47;50;287;333
51;50;628;333
52;50;287;333
54;50;1254;333
55;50;627;333
56;50;287;333
57;50;287;333
58;50;287;333
59;50;287;333
63;50;1797;333
64;50;3098;333
65;50;3098;333
65;50;420;333
66;50;3098;333
68;50;3095;333
68;50;633;333
69;50;633;333
69;50;401;333
70;50;633;333
70;50;627;333
71;50;3101;333
71;50;628;333
72;50;627;333
73;50;287;333
74;50;287;333
3;51;287;333
5;51;3101;333
5;51;403;333
6;51;287;333
6;51;634;333
8;51;66;333
9;51;629;333
10;51;287;333
11;51;287;333
12;51;287;333
13;51;287;333
14;51;622;333
15;51;3098;333
16;51;622;333
17;51;627;333
18;51;628;333
19;51;626;333
20;51;287;333
24;51;287;333
24;51;634;333
24;51;627;333
26;51;1265;333
28;51;1792;333
31;51;629;333
32;51;287;333
33;51;287;333
34;51;287;333
38;51;623;333
39;51;287;333
40;51;287;333
41;51;287;333
42;51;287;333
43;51;287;333
44;51;287;333
45;51;287;333
46;51;287;333
47;51;287;333
50;51;3093;333
51;51;287;333
51;51;634;333
52;51;287;333
55;51;600;333
55;51;622;333
56;51;287;333
57;51;287;333
58;51;287;333
59;51;287;333
61;51;3094;333
63;51;1792;333
64;51;3098;333
65;51;3101;333
66;51;3101;333
71;51;1246;333
72;51;635;333
72;51;627;333
73;51;287;333
74;51;287;333
3;52;287;333
4;52;3094;333
6;52;634;333
8;52;3101;333
9;52;628;333
9;52;629;333
10;52;287;333
11;52;287;333
14;52;3101;333
17;52;914;333
18;52;232;333
18;52;424;333
18;52;425;333
18;52;423;333
19;52;627;333
20;52;287;333
24;52;287;333
24;52;634;333
24;52;629;333
27;52;232;333
28;52;1797;333
29;52;3101;333
32;52;287;333
33;52;287;333
34;52;287;333
38;52;627;333
39;52;287;333
40;52;287;333
41;52;287;333
42;52;287;333
43;52;287;333
44;52;287;333
45;52;287;333
46;52;287;333
47;52;287;333
51;52;287;333
51;52;634;333
51;52;632;333
52;52;287;333
55;52;628;333
56;52;287;333
57;52;287;333
58;52;287;333
59;52;287;333
62;52;2038;333
63;52;287;333
66;52;627;333
67;52;627;333
72;52;635;333
72;52;403;333
73;52;287;333
74;52;287;333
3;53;287;333
5;53;2038;333
6;53;287;333
6;53;682;333
6;53;688;333
9;53;628;333
9;53;623;333
10;53;287;333
11;53;287;333
14;53;2038;333
15;53;3101;333
17;53;2856;333
18;53;914;333
18;53;424;333
18;53;427;333
19;53;628;333
20;53;287;333
24;53;287;333
28;53;1792;333
31;53;625;333
32;53;287;333
33;53;287;333
34;53;287;333
37;53;1257;333
38;53;629;333
39;53;628;333
40;53;633;333
41;53;633;333
41;53;401;333
42;53;633;333
43;53;622;333
44;53;633;333
45;53;633;333
45;53;401;333
46;53;626;333
47;53;626;333
48;53;628;333
51;53;689;333
52;53;287;333
52;53;634;333
54;53;1273;333
55;53;627;333
56;53;287;333
57;53;287;333
58;53;287;333
59;53;287;333
62;53;3101;333
63;53;287;333
66;53;627;333
67;53;287;333
68;53;287;333
72;53;635;333
72;53;627;333
73;53;287;333
74;53;287;333
3;54;287;333
4;54;3101;333
6;54;635;333
6;54;689;333
6;54;403;333
9;54;635;333
9;54;628;333
10;54;287;333
11;54;287;333
18;54;424;333
19;54;626;333
20;54;287;333
24;54;287;333
24;54;625;333
28;54;600;333
28;54;627;333
30;54;232;333
31;54;622;333
32;54;287;333
33;54;287;333
34;54;287;333
40;54;1265;333
43;54;1272;333
45;54;1278;333
51;54;3100;333
51;54;689;333
51;54;403;333
52;54;287;333
52;54;634;333
54;54;1273;333
55;54;626;333
56;54;628;333
57;54;629;333
58;54;600;333
59;54;600;333
59;54;622;333
60;54;628;333
63;54;1797;333
64;54;1272;333
65;54;3093;333
66;54;600;333
66;54;627;333
67;54;287;333
68;54;287;333
72;54;626;333
73;54;287;333
74;54;287;333
3;55;287;333
5;55;1276;333
6;55;635;333
6;55;421;333
9;55;635;333
9;55;403;333
10;55;287;333
11;55;287;333
15;55;2832;333
19;55;623;333
20;55;287;333
24;55;287;333
27;55;3093;333
28;55;287;333
28;55;623;333
29;55;287;333
30;55;287;333
31;55;287;333
32;55;287;333
33;55;287;333
34;55;287;333
41;55;1278;333
50;55;3100;333
51;55;232;333
51;55;405;333
52;55;287;333
52;55;634;333
57;55;1266;333
63;55;1792;333
66;55;628;333
67;55;287;333
68;55;287;333
72;55;629;333
73;55;287;333
74;55;287;333
3;56;287;333
6;56;287;333
9;56;635;333
9;56;627;333
10;56;287;333
11;56;287;333
18;56;405;333
19;56;600;333
19;56;623;333
20;56;287;333
22;56;1251;333
23;56;403;333
24;56;287;333
24;56;634;333
24;56;1273;333
27;56;1265;333
28;56;629;333
29;56;633;333
29;56;628;333
30;56;633;333
31;56;633;333
31;56;401;333
32;56;629;333
32;56;628;333
33;56;628;333
34;56;626;333
35;56;287;333
35;56;405;333
36;56;287;333
36;56;632;333
36;56;627;333
36;56;405;333
37;56;287;333
38;56;287;333
38;56;632;333
39;56;287;333
39;56;632;333
40;56;287;333
40;56;632;333
40;56;627;333
41;56;287;333
42;56;287;333
42;56;600;333
43;56;287;333
43;56;600;333
43;56;632;333
44;56;287;333
44;56;632;333
45;56;287;333
45;56;632;333
46;56;287;333
46;56;600;333
47;56;287;333
48;56;287;333
48;56;632;333
49;56;287;333
49;56;632;333
50;56;287;333
51;56;287;333
52;56;287;333
62;56;232;333
63;56;1797;333
64;56;3101;333
66;56;597;333
67;56;287;333
68;56;287;333
72;56;635;333
72;56;403;333
73;56;287;333
74;56;287;333
3;57;287;333
5;57;3093;333
6;57;287;333
9;57;628;333
9;57;424;333
10;57;287;333
11;57;287;333
16;57;627;333
19;57;287;333
20;57;287;333
24;57;287;333
24;57;600;333
24;57;597;333
27;57;1273;333
28;57;1266;333
30;57;2937;333
31;57;2302;333
32;57;3095;333
34;57;1273;333
35;57;425;333
36;57;425;333
36;57;423;333
37;57;425;333
38;57;3101;333
39;57;401;333
42;57;233;333
44;57;1266;333
44;57;401;333
47;57;2856;333
49;57;401;333
50;57;1273;333
51;57;627;333
52;57;287;333
59;57;627;333
65;57;1273;333
65;57;3093;333
66;57;598;333
67;57;287;333
68;57;287;333
70;57;3094;333
72;57;635;333
72;57;627;333
73;57;287;333
74;57;287;333
3;58;287;333
6;58;287;333
6;58;625;333
8;58;424;333
9;58;627;333
9;58;424;333
9;58;407;333
10;58;287;333
11;58;287;333
15;58;3093;333
16;58;626;333
17;58;287;333
18;58;287;333
19;58;287;333
20;58;287;333
24;58;287;333
24;58;600;333
24;58;596;333
39;58;66;333
40;58;3101;333
42;58;2937;333
42;58;917;333
46;58;3096;333
50;58;1273;333
51;58;628;333
52;58;287;333
53;58;287;333
54;58;287;333
55;58;287;333
58;58;1272;333
60;58;287;333
61;58;287;333
62;58;287;333
66;58;600;333
66;58;628;333
67;58;287;333
68;58;287;333
71;58;424;333
71;58;427;333
72;58;626;333
73;58;287;333
74;58;287;333
3;59;287;333
5;59;1250;333
6;59;287;333
8;59;424;333
9;59;628;333
9;59;424;333
9;59;407;333
10;59;287;333
11;59;287;333
16;59;915;333
17;59;629;333
18;59;628;333
19;59;599;333
20;59;622;333
21;59;628;333
24;59;287;333
29;59;627;333
39;59;287;333
40;59;287;333
40;59;627;333
41;59;287;333
41;59;627;333
41;59;626;333
42;59;287;333
42;59;627;333
42;59;626;333
43;59;287;333
49;59;2038;333
51;59;627;333
52;59;287;333
53;59;287;333
54;59;287;333
55;59;287;333
59;59;623;333
60;59;287;333
61;59;287;333
62;59;287;333
65;59;1272;333
66;59;627;333
67;59;287;333
68;59;287;333
71;59;3101;333
71;59;424;333
72;59;622;333
73;59;287;333
74;59;287;333
3;60;287;333
6;60;635;333
6;60;689;333
6;60;403;333
9;60;628;333
9;60;626;333
10;60;287;333
10;60;628;333
11;60;287;333
18;60;2937;333
19;60;1317;333
22;60;1272;333
23;60;3100;333
24;60;287;333
24;60;625;333
26;60;3094;333
28;60;629;333
29;60;287;333
30;60;287;333
31;60;287;333
32;60;287;333
33;60;287;333
34;60;287;333
35;60;287;333
36;60;287;333
37;60;287;333
38;60;287;333
40;60;1273;333
41;60;2927;333
42;60;627;333
43;60;287;333
44;60;287;333
45;60;287;333
46;60;287;333
47;60;287;333
49;60;3099;333
51;60;626;333
52;60;287;333
53;60;287;333
54;60;287;333
55;60;287;333
58;60;232;333
60;60;287;333
61;60;287;333
62;60;287;333
66;60;623;333
67;60;287;333
68;60;287;333
70;60;3094;333
72;60;630;333
73;60;287;333
74;60;287;333
3;61;287;333
6;61;635;333
6;61;3093;333
9;61;627;333
10;61;287;333
11;61;287;333
22;61;3100;333
23;61;3100;333
24;61;287;333
28;61;628;333
29;61;287;333
30;61;287;333
31;61;287;333
32;61;287;333
33;61;287;333
34;61;287;333
35;61;287;333
36;61;287;333
37;61;287;333
38;61;287;333
42;61;623;333
43;61;287;333
44;61;287;333
45;61;287;333
46;61;287;333
47;61;287;333
51;61;597;333
52;61;287;333
53;61;287;333
54;61;287;333
55;61;287;333
59;61;623;333
60;61;287;333
61;61;287;333
62;61;287;333
64;61;1272;333
65;61;2856;333
66;61;600;333
67;61;287;333
68;61;287;333
71;61;424;333
72;61;600;333
72;61;622;333
73;61;287;333
74;61;287;333
3;62;287;333
6;62;635;333
6;62;689;333
6;62;403;333
9;62;630;333
10;62;287;333
11;62;287;333
12;62;287;333
13;62;287;333
14;62;287;333
15;62;287;333
16;62;287;333
17;62;287;333
18;62;287;333
19;62;287;333
20;62;287;333
21;62;287;333
22;62;287;333
23;62;287;333
24;62;287;333
28;62;627;333
29;62;287;333
30;62;287;333
31;62;287;333
32;62;287;333
33;62;287;333
34;62;287;333
35;62;287;333
36;62;287;333
37;62;287;333
38;62;287;333
42;62;628;333
43;62;287;333
44;62;287;333
45;62;287;333
46;62;287;333
47;62;287;333
50;62;375;333
51;62;598;333
52;62;287;333
53;62;287;333
54;62;287;333
55;62;287;333
57;62;3101;333
59;62;407;333
60;62;287;333
61;62;287;333
62;62;287;333
65;62;3098;333
66;62;623;333
67;62;287;333
68;62;287;333
71;62;1246;333
71;62;424;333
71;62;427;333
72;62;600;333
72;62;629;333
73;62;287;333
74;62;287;333
3;63;287;333
4;63;3101;333
6;63;635;333
8;63;1272;333
9;63;629;333
10;63;626;333
11;63;628;333
12;63;622;333
13;63;630;333
14;63;622;333
15;63;630;333
16;63;629;333
17;63;622;333
19;63;622;333
21;63;622;333
22;63;628;333
23;63;627;333
24;63;622;333
25;63;629;333
28;63;622;333
29;63;287;333
30;63;287;333
31;63;287;333
32;63;287;333
33;63;287;333
34;63;287;333
35;63;287;333
36;63;287;333
37;63;287;333
38;63;287;333
41;63;232;333
43;63;287;333
44;63;287;333
45;63;287;333
46;63;287;333
47;63;287;333
51;63;421;333
51;63;600;333
51;63;623;333
52;63;287;333
53;63;287;333
54;63;287;333
55;63;287;333
59;63;627;333
60;63;287;333
61;63;287;333
62;63;287;333
64;63;422;333
65;63;3098;333
66;63;626;333
67;63;287;333
68;63;287;333
71;63;424;333
72;63;623;333
73;63;287;333
74;63;287;333
3;64;287;333
6;64;287;333
7;64;27;333
13;64;3101;333
14;64;3095;333
16;64;1276;333
19;64;3095;333
27;64;3099;333
28;64;626;333
29;64;287;333
30;64;287;333
31;64;627;333
32;64;628;333
33;64;629;333
34;64;628;333
35;64;623;333
36;64;287;333
37;64;287;333
38;64;287;333
42;64;623;333
43;64;287;333
44;64;287;333
45;64;287;333
46;64;287;333
47;64;287;333
49;64;3098;333
51;64;628;333
52;64;287;333
53;64;287;333
54;64;287;333
55;64;287;333
59;64;635;333
59;64;628;333
60;64;287;333
61;64;287;333
62;64;287;333
67;64;287;333
68;64;287;333
71;64;3093;333
72;64;599;333
73;64;287;333
74;64;287;333
3;65;287;333
5;65;3101;333
6;65;287;333
7;65;376;333
7;65;3101;333
7;65;2038;333
20;65;3101;333
24;65;1276;333
26;65;3099;333
27;65;1245;333
28;65;627;333
29;65;287;333
30;65;287;333
31;65;3097;333
32;65;3098;333
32;65;2038;333
35;65;232;333
36;65;628;333
38;65;287;333
40;65;3099;333
42;65;628;333
43;65;287;333
44;65;287;333
45;65;287;333
46;65;287;333
47;65;287;333
49;65;3097;333
51;65;627;333
52;65;287;333
53;65;287;333
54;65;287;333
55;65;287;333
58;65;1257;333
59;65;635;333
59;65;403;333
60;65;287;333
61;65;287;333
62;65;287;333
63;65;287;333
64;65;287;333
65;65;287;333
66;65;287;333
67;65;287;333
68;65;287;333
70;65;3094;333
71;65;424;333
71;65;410;333
72;65;626;333
73;65;287;333
74;65;287;333
3;66;287;333
4;66;3094;333
6;66;629;333
7;66;287;333
8;66;287;333
9;66;287;333
9;66;627;333
10;66;287;333
11;66;287;333
12;66;287;333
13;66;287;333
14;66;287;333
15;66;632;333
15;66;691;333
16;66;632;333
16;66;691;333
17;66;632;333
18;66;287;333
19;66;287;333
20;66;632;333
21;66;632;333
22;66;287;333
23;66;287;333
24;66;287;333
25;66;632;333
26;66;287;333
27;66;287;333
28;66;628;333
29;66;623;333
30;66;628;333
31;66;3097;333
32;66;3101;333
33;66;1265;333
35;66;422;333
36;66;627;333
38;66;287;333
40;66;3099;333
41;66;3093;333
42;66;627;333
43;66;287;333
44;66;287;333
45;66;287;333
46;66;287;333
47;66;287;333
50;66;3101;333
51;66;623;333
52;66;287;333
53;66;287;333
54;66;287;333
55;66;287;333
59;66;635;333
59;66;3101;333
59;66;391;333
60;66;287;333
61;66;287;333
62;66;287;333
63;66;287;333
64;66;287;333
65;66;287;333
66;66;287;333
67;66;287;333
68;66;287;333
71;66;424;333
71;66;427;333
72;66;629;333
73;66;287;333
74;66;287;333
3;67;287;333
5;67;233;333
6;67;626;333
7;67;627;333
8;67;628;333
9;67;626;333
10;67;628;333
11;67;626;333
12;67;627;333
13;67;628;333
14;67;1254;333
16;67;3101;333
17;67;401;333
20;67;2937;333
20;67;3095;333
20;67;689;333
21;67;231;333
21;67;401;333
22;67;3101;333
25;67;66;333
26;67;1265;333
35;67;232;333
36;67;629;333
37;67;628;333
38;67;627;333
39;67;628;333
42;67;626;333
43;67;628;333
44;67;622;333
45;67;627;333
46;67;628;333
47;67;629;333
48;67;628;333
52;67;287;333
53;67;287;333
54;67;287;333
55;67;287;333
59;67;689;333
60;67;633;333
60;67;3095;333
61;67;633;333
61;67;401;333
62;67;633;333
62;67;627;333
63;67;628;333
64;67;630;333
65;67;626;333
66;67;628;333
67;67;623;333
68;67;622;333
69;67;628;333
71;67;424;333
72;67;627;333
73;67;600;333
74;67;287;333
3;68;287;333
5;68;3098;333
6;68;3098;333
7;68;1257;333
7;68;2856;333
8;68;3098;333
9;68;1245;333
12;68;3101;333
18;68;1266;333
21;68;1245;333
22;68;1245;333
25;68;1265;333
26;68;3096;333
28;68;1265;333
28;68;1272;333
32;68;2832;333
33;68;3101;333
44;68;3101;333
46;68;1792;333
50;68;1250;333
51;68;623;333
52;68;287;333
53;68;287;333
54;68;287;333
55;68;287;333
57;68;3094;333
66;68;2937;333
68;68;3101;333
70;68;1266;333
71;68;3100;333
71;68;2038;333
72;68;630;333
73;68;287;333
74;68;287;333
3;69;287;333
7;69;3101;333
12;69;1266;333
12;69;3096;333
15;69;3098;333
16;69;3100;333
33;69;2856;333
35;69;3096;333
37;69;233;333
40;69;1246;333
45;69;3101;333
46;69;1797;333
49;69;3101;333
50;69;3100;333
51;69;623;333
52;69;287;333
53;69;287;333
54;69;287;333
55;69;287;333
64;69;233;333
66;69;3101;333
70;69;3100;333
71;69;3100;333
72;69;628;333
73;69;287;333
74;69;287;333
3;70;287;333
4;70;287;333
5;70;287;333
6;70;287;333
7;70;287;333
8;70;287;333
9;70;287;333
10;70;287;333
11;70;287;333
12;70;287;333
13;70;287;333
14;70;287;333
15;70;287;333
16;70;287;333
17;70;287;333
18;70;287;333
19;70;287;333
20;70;287;333
21;70;287;333
22;70;287;333
23;70;287;333
24;70;287;333
25;70;287;333
26;70;287;333
27;70;287;333
28;70;287;333
29;70;287;333
30;70;287;333
31;70;287;333
32;70;287;333
33;70;287;333
34;70;287;333
35;70;287;333
36;70;287;333
37;70;287;333
38;70;287;333
39;70;287;333
40;70;287;333
41;70;287;333
42;70;287;333
43;70;287;333
44;70;287;333
45;70;287;333
46;70;287;333
47;70;287;333
48;70;287;333
49;70;287;333
50;70;287;333
51;70;287;333
52;70;287;333
53;70;287;333
54;70;287;333
55;70;287;333
56;70;287;333
57;70;287;333
58;70;287;333
59;70;287;333
60;70;287;333
61;70;287;333
62;70;287;333
63;70;287;333
64;70;287;333
65;70;287;333
66;70;287;333
67;70;287;333
68;70;287;333
69;70;287;333
70;70;287;333
71;70;287;333
72;70;287;333
73;70;287;333
74;70;287;333
