17;0;0;287;0;333
18;0;0;287;0;333
19;0;0;632;0;333
20;0;0;632;0;333
21;0;0;632;0;333
22;0;0;680;0;333
22;0;0;690;0;333
22;0;0;1245;0;333
22;0;0;391;0;333
23;0;0;633;0;333
23;0;0;401;0;333
23;0;0;66;0;333
24;0;0;633;0;333
24;0;0;626;0;333
25;0;0;633;0;333
25;0;0;622;0;333
26;0;0;633;0;333
26;0;0;1266;0;333
26;0;0;3101;0;333
26;0;0;2038;0;333
27;0;0;633;0;333
27;0;0;401;0;333
27;0;0;233;0;333
28;0;0;633;0;333
28;0;0;627;0;333
29;0;0;633;0;333
29;0;0;629;0;333
30;0;0;287;0;333
30;0;0;628;0;333
31;0;0;287;0;333
31;0;0;600;0;333
31;0;0;626;0;333
32;0;0;287;0;333
32;0;0;627;0;333
33;0;0;287;0;333
34;0;0;287;0;333
35;0;0;287;0;333
35;0;0;627;0;333
36;0;0;682;0;333
36;0;0;628;0;333
37;0;0;632;0;333
38;0;0;632;0;333
39;0;0;632;0;333
40;0;0;287;0;333
40;0;0;623;0;333
40;0;0;680;0;333
41;0;0;287;0;333
41;0;0;624;0;333
42;0;0;287;0;333
43;0;0;622;0;333
44;0;0;633;0;333
44;0;0;628;0;333
45;0;0;633;0;333
45;0;0;401;0;333
46;0;0;681;0;333
46;0;0;1250;0;333
47;0;0;287;0;333
17;1;0;287;0;333
19;1;0;1266;0;333
20;1;0;401;0;333
20;1;0;3101;0;333
21;1;0;3095;0;333
21;1;0;375;0;333
21;1;0;3101;0;333
23;1;0;1266;0;333
24;1;0;3095;0;333
25;1;0;423;0;333
28;1;0;1272;0;333
28;1;0;3095;0;333
29;1;0;423;0;333
30;1;0;426;0;333
30;1;0;405;0;333
31;1;0;425;0;333
31;1;0;423;0;333
32;1;0;1273;0;333
32;1;0;425;0;333
32;1;0;424;0;333
32;1;0;423;0;333
33;1;0;626;0;333
34;1;0;287;0;333
35;1;0;3101;0;333
35;1;0;425;0;333
36;1;0;1272;0;333
36;1;0;425;0;333
36;1;0;417;0;333
37;1;0;688;0;333
37;1;0;3095;0;333
38;1;0;401;0;333
38;1;0;66;0;333
39;1;0;1265;0;333
40;1;0;688;0;333
40;1;0;3095;0;333
42;1;0;1272;0;333
45;1;0;2038;0;333
46;1;0;635;0;333
46;1;0;403;0;333
46;1;0;391;0;333
47;1;0;287;0;333
53;1;0;287;0;333
54;1;0;287;0;333
55;1;0;287;0;333
56;1;0;287;0;333
57;1;0;287;0;333
58;1;0;287;0;333
59;1;0;287;0;333
60;1;0;287;0;333
61;1;0;287;0;333
62;1;0;287;0;333
63;1;0;287;0;333
64;1;0;287;0;333
17;2;0;287;0;333
21;2;0;1266;0;333
26;2;0;1254;0;333
31;2;0;28;0;333
32;2;0;2856;0;333
33;2;0;627;0;333
34;2;0;287;0;333
37;2;0;691;0;333
38;2;0;1272;0;333
38;2;0;3101;0;333
38;2;0;632;0;333
40;2;0;3101;0;333
46;2;0;635;0;333
46;2;0;1250;0;333
47;2;0;287;0;333
53;2;0;287;0;333
54;2;0;287;0;333
55;2;0;287;0;333
56;2;0;287;0;333
57;2;0;287;0;333
58;2;0;287;0;333
59;2;0;287;0;333
60;2;0;627;0;333
61;2;0;622;0;333
62;2;0;628;0;333
63;2;0;626;0;333
64;2;0;287;0;333
17;3;0;287;0;333
21;3;0;627;0;333
31;3;0;1266;0;333
31;3;0;1265;0;333
32;3;0;1266;0;333
32;3;0;1272;0;333
33;3;0;628;0;333
34;3;0;287;0;333
36;3;0;1266;0;333
37;3;0;683;0;333
37;3;0;690;0;333
37;3;0;1245;0;333
38;3;0;287;0;333
45;3;0;914;0;333
46;3;0;635;0;333
46;3;0;627;0;333
47;3;0;287;0;333
53;3;0;287;0;333
54;3;0;628;0;333
55;3;0;629;0;333
56;3;0;628;0;333
57;3;0;622;0;333
58;3;0;627;0;333
59;3;0;629;0;333
61;3;0;2856;0;333
62;3;0;1276;0;333
63;3;0;627;0;333
64;3;0;287;0;333
17;4;0;287;0;333
19;4;0;1254;0;333
21;4;0;3100;0;333
21;4;0;3093;0;333
22;4;0;287;0;333
23;4;0;287;0;333
24;4;0;287;0;333
25;4;0;287;0;333
26;4;0;287;0;333
27;4;0;287;0;333
28;4;0;287;0;333
29;4;0;287;0;333
30;4;0;287;0;333
33;4;0;287;0;333
34;4;0;287;0;333
36;4;0;1265;0;333
37;4;0;287;0;333
37;4;0;634;0;333
37;4;0;688;0;333
38;4;0;287;0;333
39;4;0;287;0;333
40;4;0;287;0;333
41;4;0;287;0;333
42;4;0;287;0;333
45;4;0;3101;0;333
46;4;0;623;0;333
47;4;0;287;0;333
53;4;0;287;0;333
54;4;0;914;0;333
57;4;0;2937;0;333
61;4;0;914;0;333
61;4;0;3101;0;333
62;4;0;1265;0;333
62;4;0;424;0;333
63;4;0;626;0;333
64;4;0;287;0;333
17;5;0;287;0;333
21;5;0;623;0;333
22;5;0;287;0;333
23;5;0;287;0;333
24;5;0;287;0;333
25;5;0;287;0;333
26;5;0;287;0;333
27;5;0;287;0;333
28;5;0;287;0;333
29;5;0;287;0;333
30;5;0;287;0;333
31;5;0;287;0;333
32;5;0;287;0;333
33;5;0;287;0;333
34;5;0;287;0;333
35;5;0;1266;0;333
35;5;0;3094;0;333
36;5;0;403;0;333
37;5;0;287;0;333
37;5;0;634;0;333
38;5;0;287;0;333
39;5;0;287;0;333
40;5;0;287;0;333
41;5;0;287;0;333
42;5;0;287;0;333
46;5;0;626;0;333
47;5;0;287;0;333
53;5;0;287;0;333
58;5;0;3101;0;333
61;5;0;2832;0;333
62;5;0;1266;0;333
62;5;0;424;0;333
63;5;0;626;0;333
64;5;0;287;0;333
17;6;0;287;0;333
21;6;0;626;0;333
22;6;0;287;0;333
23;6;0;287;0;333
24;6;0;287;0;333
25;6;0;287;0;333
26;6;0;622;0;333
27;6;0;627;0;333
28;6;0;628;0;333
29;6;0;626;0;333
30;6;0;287;0;333
31;6;0;287;0;333
32;6;0;287;0;333
33;6;0;287;0;333
34;6;0;287;0;333
36;6;0;1266;0;333
37;6;0;287;0;333
37;6;0;634;0;333
38;6;0;287;0;333
39;6;0;287;0;333
40;6;0;287;0;333
41;6;0;287;0;333
42;6;0;287;0;333
44;6;0;3094;0;333
45;6;0;424;0;333
46;6;0;627;0;333
47;6;0;287;0;333
53;6;0;287;0;333
55;6;0;1245;0;333
56;6;0;627;0;333
62;6;0;405;0;333
63;6;0;627;0;333
64;6;0;287;0;333
17;7;0;287;0;333
19;7;0;1266;0;333
21;7;0;1265;0;333
22;7;0;597;0;333
22;7;0;1245;0;333
23;7;0;287;0;333
24;7;0;287;0;333
26;7;0;3100;0;333
26;7;0;2038;0;333
27;7;0;1272;0;333
28;7;0;2856;0;333
29;7;0;628;0;333
30;7;0;287;0;333
31;7;0;287;0;333
32;7;0;287;0;333
33;7;0;287;0;333
34;7;0;287;0;333
35;7;0;1266;0;333
36;7;0;914;0;333
37;7;0;287;0;333
37;7;0;682;0;333
37;7;0;688;0;333
38;7;0;287;0;333
39;7;0;287;0;333
40;7;0;287;0;333
41;7;0;287;0;333
42;7;0;287;0;333
44;7;0;3101;0;333
45;7;0;424;0;333
45;7;0;427;0;333
46;7;0;627;0;333
47;7;0;287;0;333
53;7;0;287;0;333
55;7;0;1272;0;333
56;7;0;623;0;333
57;7;0;287;0;333
58;7;0;287;0;333
59;7;0;287;0;333
60;7;0;287;0;333
61;7;0;287;0;333
62;7;0;287;0;333
63;7;0;287;0;333
64;7;0;287;0;333
66;7;0;287;0;333
67;7;0;287;0;333
68;7;0;287;0;333
69;7;0;287;0;333
70;7;0;287;0;333
71;7;0;287;0;333
72;7;0;287;0;333
17;8;0;287;0;333
18;8;0;287;0;333
21;8;0;914;0;333
22;8;0;598;0;333
23;8;0;287;0;333
24;8;0;287;0;333
27;8;0;28;0;333
27;8;0;3101;0;333
28;8;0;1266;0;333
29;8;0;623;0;333
30;8;0;287;0;333
31;8;0;287;0;333
32;8;0;287;0;333
33;8;0;287;0;333
34;8;0;287;0;333
37;8;0;635;0;333
37;8;0;689;0;333
37;8;0;403;0;333
38;8;0;287;0;333
39;8;0;287;0;333
40;8;0;287;0;333
41;8;0;287;0;333
42;8;0;287;0;333
44;8;0;914;0;333
45;8;0;424;0;333
45;8;0;409;0;333
46;8;0;628;0;333
47;8;0;287;0;333
53;8;0;287;0;333
54;8;0;1266;0;333
56;8;0;622;0;333
57;8;0;287;0;333
66;8;0;287;0;333
67;8;0;627;0;333
68;8;0;628;0;333
69;8;0;629;0;333
70;8;0;628;0;333
71;8;0;626;0;333
72;8;0;287;0;333
2;9;0;287;0;333
3;9;0;287;0;333
4;9;0;287;0;333
5;9;0;287;0;333
6;9;0;287;0;333
7;9;0;287;0;333
8;9;0;287;0;333
9;9;0;287;0;333
10;9;0;287;0;333
11;9;0;287;0;333
12;9;0;287;0;333
13;9;0;287;0;333
14;9;0;287;0;333
15;9;0;287;0;333
16;9;0;287;0;333
17;9;0;287;0;333
18;9;0;287;0;333
23;9;0;287;0;333
24;9;0;287;0;333
26;9;0;1272;0;333
28;9;0;1266;0;333
29;9;0;287;0;333
30;9;0;287;0;333
31;9;0;287;0;333
32;9;0;287;0;333
33;9;0;287;0;333
34;9;0;287;0;333
35;9;0;1266;0;333
35;9;0;1272;0;333
36;9;0;3101;0;333
37;9;0;635;0;333
37;9;0;627;0;333
38;9;0;287;0;333
39;9;0;287;0;333
40;9;0;627;0;333
41;9;0;627;0;333
41;9;0;628;0;333
42;9;0;287;0;333
45;9;0;424;0;333
45;9;0;427;0;333
46;9;0;629;0;333
47;9;0;287;0;333
48;9;0;287;0;333
49;9;0;287;0;333
50;9;0;287;0;333
51;9;0;287;0;333
52;9;0;287;0;333
53;9;0;287;0;333
54;9;0;1266;0;333
55;9;0;3093;0;333
56;9;0;627;0;333
57;9;0;287;0;333
66;9;0;287;0;333
67;9;0;3099;0;333
68;9;0;1257;0;333
70;9;0;1265;0;333
71;9;0;628;0;333
72;9;0;287;0;333
2;10;0;287;0;333
4;10;0;628;0;333
5;10;0;627;0;333
6;10;0;629;0;333
7;10;0;628;0;333
8;10;0;597;0;333
8;10;0;3095;0;333
9;10;0;597;0;333
9;10;0;3095;0;333
9;10;0;2038;0;333
10;10;0;622;0;333
10;10;0;627;0;333
11;10;0;597;0;333
11;10;0;3095;0;333
12;10;0;597;0;333
12;10;0;3095;0;333
13;10;0;597;0;333
13;10;0;3095;0;333
14;10;0;630;0;333
15;10;0;628;0;333
16;10;0;626;0;333
17;10;0;287;0;333
18;10;0;287;0;333
20;10;0;1266;0;333
20;10;0;1272;0;333
22;10;0;625;0;333
23;10;0;287;0;333
24;10;0;287;0;333
25;10;0;287;0;333
28;10;0;629;0;333
29;10;0;287;0;333
30;10;0;287;0;333
31;10;0;287;0;333
32;10;0;287;0;333
33;10;0;287;0;333
34;10;0;287;0;333
35;10;0;375;0;333
35;10;0;2038;0;333
37;10;0;628;0;333
38;10;0;287;0;333
39;10;0;287;0;333
40;10;0;2856;0;333
41;10;0;3100;0;333
41;10;0;2038;0;333
42;10;0;626;0;333
43;10;0;628;0;333
45;10;0;3101;0;333
46;10;0;626;0;333
47;10;0;287;0;333
48;10;0;627;0;333
49;10;0;628;0;333
50;10;0;623;0;333
51;10;0;287;0;333
52;10;0;287;0;333
54;10;0;1272;0;333
55;10;0;424;0;333
55;10;0;427;0;333
56;10;0;628;0;333
57;10;0;287;0;333
66;10;0;287;0;333
67;10;0;1254;0;333
67;10;0;3101;0;333
68;10;0;2832;0;333
70;10;0;2856;0;333
71;10;0;599;0;333
72;10;0;287;0;333
2;11;0;287;0;333
5;11;0;1266;0;333
5;11;0;1254;0;333
6;11;0;2856;0;333
7;11;0;1265;0;333
7;11;0;3095;0;333
9;11;0;1257;0;333
10;11;0;1265;0;333
10;11;0;3095;0;333
11;11;0;3101;0;333
13;11;0;1272;0;333
15;11;0;1250;0;333
15;11;0;424;0;333
16;11;0;627;0;333
17;11;0;287;0;333
18;11;0;287;0;333
22;11;0;623;0;333
23;11;0;287;0;333
24;11;0;287;0;333
25;11;0;287;0;333
27;11;0;3101;0;333
28;11;0;628;0;333
29;11;0;287;0;333
30;11;0;287;0;333
31;11;0;287;0;333
32;11;0;287;0;333
33;11;0;287;0;333
34;11;0;287;0;333
35;11;0;1272;0;333
35;11;0;3101;0;333
36;11;0;3101;0;333
37;11;0;626;0;333
38;11;0;287;0;333
39;11;0;628;0;333
44;11;0;1266;0;333
45;11;0;1265;0;333
46;11;0;629;0;333
47;11;0;629;0;333
50;11;0;628;0;333
51;11;0;287;0;333
52;11;0;287;0;333
54;11;0;3094;0;333
55;11;0;1265;0;333
55;11;0;3101;0;333
55;11;0;424;0;333
56;11;0;629;0;333
57;11;0;287;0;333
66;11;0;287;0;333
67;11;0;1272;0;333
70;11;0;1266;0;333
71;11;0;627;0;333
72;11;0;287;0;333
2;12;0;287;0;333
4;12;0;1265;0;333
5;12;0;28;0;333
7;12;0;3101;0;333
12;12;0;3101;0;333
15;12;0;1265;0;333
15;12;0;424;0;333
15;12;0;427;0;333
16;12;0;628;0;333
17;12;0;287;0;333
18;12;0;287;0;333
20;12;0;1265;0;333
20;12;0;3094;0;333
22;12;0;600;0;333
22;12;0;622;0;333
23;12;0;287;0;333
24;12;0;287;0;333
25;12;0;287;0;333
27;12;0;1272;0;333
28;12;0;627;0;333
29;12;0;287;0;333
30;12;0;287;0;333
31;12;0;287;0;333
32;12;0;287;0;333
33;12;0;287;0;333
34;12;0;287;0;333
37;12;0;629;0;333
38;12;0;629;0;333
39;12;0;1265;0;333
42;12;0;1266;0;333
42;12;0;1272;0;333
42;12;0;1276;0;333
46;12;0;375;0;333
49;12;0;1254;0;333
50;12;0;627;0;333
51;12;0;287;0;333
52;12;0;287;0;333
55;12;0;1276;0;333
56;12;0;627;0;333
57;12;0;287;0;333
66;12;0;287;0;333
70;12;0;627;0;333
71;12;0;287;0;333
72;12;0;287;0;333
2;13;0;287;0;333
3;13;0;287;0;333
5;13;0;1266;0;333
7;13;0;627;0;333
13;13;0;1265;0;333
15;13;0;1265;0;333
15;13;0;914;0;333
15;13;0;424;0;333
15;13;0;3093;0;333
16;13;0;623;0;333
17;13;0;287;0;333
18;13;0;287;0;333
21;13;0;1273;0;333
22;13;0;622;0;333
23;13;0;287;0;333
24;13;0;287;0;333
25;13;0;287;0;333
28;13;0;623;0;333
29;13;0;287;0;333
30;13;0;287;0;333
31;13;0;599;0;333
32;13;0;627;0;333
33;13;0;622;0;333
34;13;0;628;0;333
37;13;0;635;0;333
37;13;0;628;0;333
40;13;0;914;0;333
40;13;0;3101;0;333
41;13;0;3100;0;333
48;13;0;3101;0;333
50;13;0;629;0;333
51;13;0;622;0;333
52;13;0;628;0;333
53;13;0;628;0;333
56;13;0;635;0;333
56;13;0;629;0;333
57;13;0;287;0;333
66;13;0;287;0;333
67;13;0;287;0;333
69;13;0;1266;0;333
69;13;0;424;0;333
70;13;0;623;0;333
70;13;0;407;0;333
71;13;0;287;0;333
72;13;0;287;0;333
2;14;0;287;0;333
3;14;0;287;0;333
7;14;0;623;0;333
7;14;0;628;0;333
8;14;0;287;0;333
9;14;0;287;0;333
10;14;0;287;0;333
11;14;0;287;0;333
13;14;0;1266;0;333
13;14;0;1272;0;333
15;14;0;426;0;333
16;14;0;422;0;333
16;14;0;424;0;333
17;14;0;287;0;333
18;14;0;287;0;333
22;14;0;600;0;333
22;14;0;626;0;333
23;14;0;287;0;333
24;14;0;287;0;333
26;14;0;1272;0;333
28;14;0;626;0;333
29;14;0;287;0;333
30;14;0;287;0;333
32;14;0;1266;0;333
32;14;0;1272;0;333
33;14;0;3101;0;333
33;14;0;2937;0;333
33;14;0;916;0;333
34;14;0;3101;0;333
35;14;0;1266;0;333
36;14;0;1266;0;333
37;14;0;635;0;333
37;14;0;403;0;333
37;14;0;391;0;333
38;14;0;1265;0;333
41;14;0;627;0;333
47;14;0;914;0;333
47;14;0;1254;0;333
50;14;0;1266;0;333
51;14;0;3095;0;333
52;14;0;1266;0;333
52;14;0;1272;0;333
54;14;0;1266;0;333
55;14;0;1245;0;333
55;14;0;1276;0;333
56;14;0;635;0;333
56;14;0;403;0;333
57;14;0;287;0;333
66;14;0;287;0;333
67;14;0;287;0;333
68;14;0;1266;0;333
69;14;0;424;0;333
70;14;0;287;0;333
70;14;0;627;0;333
71;14;0;287;0;333
72;14;0;287;0;333
2;15;0;287;0;333
3;15;0;287;0;333
5;15;0;3094;0;333
7;15;0;600;0;333
7;15;0;627;0;333
8;15;0;287;0;333
9;15;0;287;0;333
10;15;0;287;0;333
11;15;0;287;0;333
14;15;0;1272;0;333
15;15;0;424;0;333
15;15;0;427;0;333
15;15;0;426;0;333
15;15;0;3093;0;333
16;15;0;623;0;333
17;15;0;287;0;333
18;15;0;287;0;333
21;15;0;1266;0;333
21;15;0;1272;0;333
22;15;0;600;0;333
22;15;0;629;0;333
23;15;0;287;0;333
24;15;0;287;0;333
28;15;0;3098;0;333
28;15;0;424;0;333
29;15;0;623;0;333
30;15;0;287;0;333
31;15;0;914;0;333
33;15;0;3101;0;333
35;15;0;1266;0;333
37;15;0;635;0;333
41;15;0;623;0;333
42;15;0;287;0;333
43;15;0;287;0;333
44;15;0;287;0;333
45;15;0;287;0;333
46;15;0;287;0;333
47;15;0;915;0;333
50;15;0;2937;0;333
52;15;0;3101;0;333
53;15;0;1272;0;333
54;15;0;1266;0;333
54;15;0;1272;0;333
55;15;0;914;0;333
56;15;0;635;0;333
56;15;0;627;0;333
57;15;0;287;0;333
58;15;0;287;0;333
59;15;0;287;0;333
60;15;0;287;0;333
61;15;0;287;0;333
62;15;0;287;0;333
63;15;0;287;0;333
64;15;0;287;0;333
65;15;0;287;0;333
66;15;0;287;0;333
67;15;0;287;0;333
68;15;0;628;0;333
70;15;0;633;0;333
70;15;0;688;0;333
70;15;0;391;0;333
71;15;0;681;0;333
71;15;0;627;0;333
72;15;0;287;0;333
2;16;0;287;0;333
3;16;0;287;0;333
7;16;0;596;0;333
7;16;0;1273;0;333
7;16;0;424;0;333
7;16;0;3093;0;333
8;16;0;287;0;333
9;16;0;287;0;333
10;16;0;287;0;333
11;16;0;287;0;333
14;16;0;376;0;333
14;16;0;2937;0;333
15;16;0;3101;0;333
16;16;0;627;0;333
17;16;0;287;0;333
18;16;0;287;0;333
20;16;0;1266;0;333
20;16;0;1265;0;333
20;16;0;914;0;333
21;16;0;1266;0;333
21;16;0;3093;0;333
22;16;0;596;0;333
22;16;0;424;0;333
22;16;0;427;0;333
23;16;0;287;0;333
24;16;0;287;0;333
25;16;0;287;0;333
27;16;0;1266;0;333
28;16;0;3098;0;333
29;16;0;626;0;333
29;16;0;625;0;333
30;16;0;287;0;333
36;16;0;3101;0;333
37;16;0;683;0;333
37;16;0;690;0;333
37;16;0;1245;0;333
40;16;0;1266;0;333
40;16;0;1272;0;333
41;16;0;598;0;333
42;16;0;287;0;333
43;16;0;287;0;333
44;16;0;287;0;333
45;16;0;287;0;333
46;16;0;287;0;333
47;16;0;287;0;333
48;16;0;287;0;333
49;16;0;287;0;333
50;16;0;287;0;333
53;16;0;3098;0;333
54;16;0;3098;0;333
54;16;0;420;0;333
55;16;0;3098;0;333
56;16;0;626;0;333
57;16;0;287;0;333
58;16;0;287;0;333
59;16;0;287;0;333
60;16;0;287;0;333
61;16;0;287;0;333
62;16;0;622;0;333
63;16;0;600;0;333
63;16;0;596;0;333
64;16;0;600;0;333
64;16;0;599;0;333
65;16;0;622;0;333
66;16;0;626;0;333
67;16;0;287;0;333
69;16;0;375;0;333
70;16;0;3101;0;333
71;16;0;1272;0;333
71;16;0;1265;0;333
71;16;0;635;0;333
71;16;0;1257;0;333
71;16;0;403;0;333
72;16;0;287;0;333
2;17;0;287;0;333
3;17;0;287;0;333
6;17;0;1272;0;333
7;17;0;596;0;333
7;17;0;424;0;333
7;17;0;3093;0;333
8;17;0;287;0;333
9;17;0;287;0;333
10;17;0;287;0;333
11;17;0;287;0;333
13;17;0;3101;0;333
13;17;0;3093;0;333
15;17;0;391;0;333
16;17;0;622;0;333
17;17;0;287;0;333
18;17;0;287;0;333
20;17;0;1266;0;333
21;17;0;3101;0;333
22;17;0;596;0;333
22;17;0;424;0;333
22;17;0;427;0;333
22;17;0;2038;0;333
23;17;0;287;0;333
24;17;0;287;0;333
25;17;0;287;0;333
26;17;0;3094;0;333
27;17;0;1266;0;333
27;17;0;1272;0;333
28;17;0;1276;0;333
28;17;0;3093;0;333
28;17;0;424;0;333
29;17;0;627;0;333
30;17;0;287;0;333
31;17;0;287;0;333
32;17;0;287;0;333
33;17;0;287;0;333
37;17;0;287;0;333
37;17;0;634;0;333
37;17;0;627;0;333
41;17;0;596;0;333
42;17;0;287;0;333
43;17;0;287;0;333
44;17;0;287;0;333
45;17;0;287;0;333
46;17;0;287;0;333
47;17;0;627;0;333
48;17;0;628;0;333
49;17;0;629;0;333
50;17;0;287;0;333
51;17;0;287;0;333
52;17;0;287;0;333
53;17;0;287;0;333
54;17;0;287;0;333
55;17;0;287;0;333
56;17;0;287;0;333
57;17;0;287;0;333
58;17;0;287;0;333
59;17;0;287;0;333
60;17;0;287;0;333
61;17;0;287;0;333
62;17;0;1265;0;333
62;17;0;3099;0;333
63;17;0;3099;0;333
64;17;0;1265;0;333
64;17;0;1245;0;333
65;17;0;3098;0;333
65;17;0;3101;0;333
65;17;0;424;0;333
65;17;0;427;0;333
66;17;0;627;0;333
67;17;0;287;0;333
68;17;0;3101;0;333
69;17;0;1265;0;333
70;17;0;3100;0;333
71;17;0;635;0;333
71;17;0;691;0;333
71;17;0;3100;0;333
72;17;0;287;0;333
2;18;0;287;0;333
3;18;0;287;0;333
5;18;0;914;0;333
6;18;0;3101;0;333
7;18;0;596;0;333
7;18;0;1245;0;333
7;18;0;424;0;333
7;18;0;3093;0;333
8;18;0;287;0;333
9;18;0;287;0;333
10;18;0;287;0;333
11;18;0;287;0;333
14;18;0;1272;0;333
14;18;0;3101;0;333
15;18;0;1265;0;333
15;18;0;1276;0;333
15;18;0;3093;0;333
16;18;0;627;0;333
17;18;0;287;0;333
18;18;0;626;0;333
19;18;0;628;0;333
21;18;0;3101;0;333
21;18;0;7;0;333
22;18;0;596;0;333
22;18;0;424;0;333
22;18;0;3101;0;333
23;18;0;287;0;333
24;18;0;287;0;333
25;18;0;287;0;333
28;18;0;3098;0;333
29;18;0;597;0;333
29;18;0;426;0;333
29;18;0;405;0;333
30;18;0;287;0;333
31;18;0;287;0;333
32;18;0;287;0;333
33;18;0;287;0;333
35;18;0;914;0;333
37;18;0;287;0;333
38;18;0;287;0;333
39;18;0;3101;0;333
41;18;0;596;0;333
42;18;0;287;0;333
43;18;0;287;0;333
44;18;0;287;0;333
45;18;0;287;0;333
46;18;0;287;0;333
47;18;0;2856;0;333
48;18;0;1265;0;333
48;18;0;425;0;333
49;18;0;425;0;333
49;18;0;424;0;333
49;18;0;410;0;333
50;18;0;914;0;333
50;18;0;629;0;333
51;18;0;628;0;333
52;18;0;599;0;333
53;18;0;622;0;333
53;18;0;623;0;333
54;18;0;596;0;333
55;18;0;622;0;333
56;18;0;622;0;333
57;18;0;633;0;333
57;18;0;628;0;333
58;18;0;633;0;333
58;18;0;3095;0;333
58;18;0;1265;0;333
59;18;0;633;0;333
59;18;0;401;0;333
59;18;0;1247;0;333
60;18;0;633;0;333
60;18;0;627;0;333
61;18;0;629;0;333
62;18;0;1266;0;333
63;18;0;3101;0;333
63;18;0;2663;0;333
64;18;0;1266;0;333
65;18;0;424;0;333
66;18;0;628;0;333
67;18;0;287;0;333
70;18;0;627;0;333
71;18;0;287;0;333
72;18;0;287;0;333
2;19;0;287;0;333
3;19;0;287;0;333
5;19;0;3101;0;333
7;19;0;630;0;333
8;19;0;287;0;333
9;19;0;287;0;333
10;19;0;287;0;333
11;19;0;287;0;333
16;19;0;626;0;333
17;19;0;622;0;333
18;19;0;3098;0;333
18;19;0;3095;0;333
19;19;0;3097;0;333
19;19;0;3095;0;333
21;19;0;3093;0;333
22;19;0;628;0;333
23;19;0;287;0;333
24;19;0;287;0;333
25;19;0;287;0;333
28;19;0;914;0;333
29;19;0;598;0;333
30;19;0;287;0;333
31;19;0;287;0;333
32;19;0;287;0;333
33;19;0;287;0;333
37;19;0;627;0;333
38;19;0;287;0;333
39;19;0;1272;0;333
41;19;0;623;0;333
42;19;0;287;0;333
43;19;0;287;0;333
44;19;0;287;0;333
45;19;0;287;0;333
46;19;0;287;0;333
47;19;0;1276;0;333
48;19;0;2832;0;333
49;19;0;1266;0;333
51;19;0;375;0;333
52;19;0;1266;0;333
53;19;0;1276;0;333
54;19;0;1266;0;333
56;19;0;3101;0;333
57;19;0;1265;0;333
60;19;0;1254;0;333
63;19;0;2937;0;333
64;19;0;3101;0;333
65;19;0;424;0;333
66;19;0;629;0;333
67;19;0;287;0;333
68;19;0;1265;0;333
70;19;0;629;0;333
71;19;0;622;0;333
72;19;0;287;0;333
2;20;0;287;0;333
3;20;0;287;0;333
7;20;0;629;0;333
8;20;0;287;0;333
9;20;0;287;0;333
10;20;0;287;0;333
11;20;0;287;0;333
13;20;0;3100;0;333
14;20;0;1245;0;333
17;20;0;1247;0;333
18;20;0;1266;0;333
22;20;0;627;0;333
22;20;0;628;0;333
23;20;0;287;0;333
24;20;0;287;0;333
25;20;0;287;0;333
26;20;0;1265;0;333
26;20;0;1276;0;333
28;20;0;1266;0;333
29;20;0;627;0;333
30;20;0;287;0;333
31;20;0;287;0;333
32;20;0;287;0;333
33;20;0;287;0;333
34;20;0;287;0;333
36;20;0;1254;0;333
37;20;0;629;0;333
38;20;0;623;0;333
39;20;0;3101;0;333
40;20;0;1276;0;333
41;20;0;596;0;333
42;20;0;287;0;333
43;20;0;287;0;333
44;20;0;287;0;333
45;20;0;287;0;333
46;20;0;287;0;333
47;20;0;3101;0;333
50;20;0;1265;0;333
53;20;0;3096;0;333
56;20;0;2038;0;333
58;20;0;1266;0;333
61;20;0;1272;0;333
62;20;0;1266;0;333
66;20;0;627;0;333
67;20;0;287;0;333
68;20;0;1265;0;333
68;20;0;1254;0;333
69;20;0;1265;0;333
70;20;0;3097;0;333
71;20;0;627;0;333
72;20;0;287;0;333
2;21;0;287;0;333
3;21;0;287;0;333
6;21;0;1266;0;333
6;21;0;3093;0;333
7;21;0;627;0;333
8;21;0;287;0;333
9;21;0;287;0;333
10;21;0;287;0;333
11;21;0;287;0;333
13;21;0;3100;0;333
14;21;0;3100;0;333
15;21;0;1245;0;333
16;21;0;1272;0;333
16;21;0;1265;0;333
19;21;0;1272;0;333
21;21;0;1266;0;333
21;21;0;1272;0;333
21;21;0;1254;0;333
21;21;0;3101;0;333
22;21;0;629;0;333
23;21;0;287;0;333
24;21;0;287;0;333
25;21;0;287;0;333
27;21;0;3094;0;333
28;21;0;3101;0;333
29;21;0;626;0;333
30;21;0;622;0;333
31;21;0;597;0;333
32;21;0;600;0;333
32;21;0;597;0;333
33;21;0;628;0;333
34;21;0;629;0;333
35;21;0;633;0;333
35;21;0;688;0;333
35;21;0;420;0;333
36;21;0;633;0;333
36;21;0;623;0;333
37;21;0;627;0;333
38;21;0;628;0;333
41;21;0;596;0;333
42;21;0;287;0;333
43;21;0;287;0;333
44;21;0;287;0;333
45;21;0;287;0;333
46;21;0;287;0;333
65;21;0;3093;0;333
66;21;0;623;0;333
67;21;0;1266;0;333
67;21;0;287;0;333
72;21;0;287;0;333
2;22;0;287;0;333
3;22;0;287;0;333
6;22;0;3101;0;333
7;22;0;623;0;333
8;22;0;287;0;333
9;22;0;287;0;333
10;22;0;287;0;333
11;22;0;287;0;333
17;22;0;287;0;333
18;22;0;287;0;333
19;22;0;287;0;333
20;22;0;287;0;333
21;22;0;287;0;333
22;22;0;287;0;333
23;22;0;287;0;333
24;22;0;287;0;333
25;22;0;287;0;333
28;22;0;1266;0;333
29;22;0;3095;0;333
30;22;0;2937;0;333
31;22;0;1266;0;333
32;22;0;1272;0;333
33;22;0;3101;0;333
33;22;0;3095;0;333
33;22;0;425;0;333
34;22;0;1266;0;333
34;22;0;425;0;333
34;22;0;426;0;333
36;22;0;426;0;333
37;22;0;2038;0;333
39;22;0;3101;0;333
41;22;0;596;0;333
42;22;0;287;0;333
43;22;0;287;0;333
44;22;0;287;0;333
45;22;0;287;0;333
46;22;0;287;0;333
47;22;0;287;0;333
48;22;0;287;0;333
49;22;0;287;0;333
50;22;0;287;0;333
51;22;0;287;0;333
52;22;0;287;0;333
53;22;0;287;0;333
54;22;0;287;0;333
55;22;0;287;0;333
56;22;0;287;0;333
57;22;0;287;0;333
58;22;0;287;0;333
59;22;0;287;0;333
60;22;0;287;0;333
61;22;0;287;0;333
65;22;0;1272;0;333
65;22;0;1265;0;333
66;22;0;597;0;333
67;22;0;287;0;333
70;22;0;3101;0;333
71;22;0;625;0;333
72;22;0;287;0;333
2;23;0;287;0;333
3;23;0;287;0;333
5;23;0;1265;0;333
7;23;0;623;0;333
8;23;0;287;0;333
9;23;0;287;0;333
10;23;0;287;0;333
11;23;0;287;0;333
12;23;0;287;0;333
13;23;0;287;0;333
14;23;0;287;0;333
15;23;0;287;0;333
16;23;0;287;0;333
17;23;0;287;0;333
18;23;0;287;0;333
19;23;0;627;0;333
20;23;0;628;0;333
21;23;0;627;0;333
22;23;0;287;0;333
23;23;0;287;0;333
24;23;0;287;0;333
25;23;0;287;0;333
27;23;0;1272;0;333
27;23;0;3098;0;333
32;23;0;1265;0;333
32;23;0;914;0;333
33;23;0;1265;0;333
34;23;0;1272;0;333
36;23;0;1265;0;333
38;23;0;1272;0;333
38;23;0;3101;0;333
39;23;0;914;0;333
41;23;0;629;0;333
42;23;0;287;0;333
43;23;0;287;0;333
44;23;0;287;0;333
45;23;0;287;0;333
46;23;0;287;0;333
47;23;0;287;0;333
48;23;0;287;0;333
49;23;0;287;0;333
50;23;0;287;0;333
51;23;0;287;0;333
52;23;0;287;0;333
53;23;0;287;0;333
54;23;0;287;0;333
55;23;0;287;0;333
56;23;0;287;0;333
57;23;0;287;0;333
58;23;0;287;0;333
59;23;0;287;0;333
60;23;0;287;0;333
61;23;0;287;0;333
62;23;0;287;0;333
66;23;0;598;0;333
67;23;0;287;0;333
70;23;0;1254;0;333
72;23;0;287;0;333
2;24;0;287;0;333
3;24;0;287;0;333
5;24;0;3094;0;333
7;24;0;635;0;333
7;24;0;628;0;333
8;24;0;287;0;333
9;24;0;287;0;333
10;24;0;287;0;333
11;24;0;287;0;333
12;24;0;287;0;333
13;24;0;287;0;333
14;24;0;287;0;333
15;24;0;287;0;333
16;24;0;287;0;333
18;24;0;1272;0;333
18;24;0;914;0;333
19;24;0;1266;0;333
19;24;0;3099;0;333
19;24;0;3095;0;333
20;24;0;3099;0;333
21;24;0;629;0;333
22;24;0;622;0;333
23;24;0;628;0;333
24;24;0;599;0;333
25;24;0;629;0;333
25;24;0;2038;0;333
26;24;0;633;0;333
26;24;0;628;0;333
27;24;0;633;0;333
28;24;0;633;0;333
28;24;0;3101;0;333
29;24;0;633;0;333
29;24;0;401;0;333
29;24;0;3095;0;333
30;24;0;633;0;333
31;24;0;633;0;333
31;24;0;3095;0;333
31;24;0;421;0;333
32;24;0;633;0;333
33;24;0;633;0;333
33;24;0;401;0;333
33;24;0;3095;0;333
34;24;0;633;0;333
35;24;0;633;0;333
35;24;0;391;0;333
35;24;0;3101;0;333
36;24;0;681;0;333
36;24;0;691;0;333
36;24;0;914;0;333
37;24;0;287;0;333
38;24;0;287;0;333
38;24;0;622;0;333
39;24;0;630;0;333
40;24;0;600;0;333
40;24;0;628;0;333
41;24;0;623;0;333
42;24;0;596;0;333
42;24;0;422;0;333
42;24;0;421;0;333
43;24;0;633;0;333
43;24;0;628;0;333
44;24;0;633;0;333
44;24;0;1250;0;333
44;24;0;391;0;333
45;24;0;633;0;333
45;24;0;1245;0;333
45;24;0;401;0;333
46;24;0;681;0;333
46;24;0;627;0;333
47;24;0;600;0;333
47;24;0;622;0;333
48;24;0;630;0;333
49;24;0;628;0;333
50;24;0;623;0;333
51;24;0;287;0;333
52;24;0;287;0;333
53;24;0;287;0;333
54;24;0;287;0;333
54;24;0;1245;0;333
55;24;0;287;0;333
56;24;0;287;0;333
57;24;0;287;0;333
58;24;0;287;0;333
59;24;0;287;0;333
60;24;0;287;0;333
61;24;0;287;0;333
62;24;0;287;0;333
63;24;0;287;0;333
64;24;0;914;0;333
64;24;0;1276;0;333
66;24;0;628;0;333
67;24;0;287;0;333
69;24;0;1265;0;333
71;24;0;598;0;333
72;24;0;287;0;333
2;25;0;287;0;333
3;25;0;287;0;333
5;25;0;1266;0;333
6;25;0;1254;0;333
7;25;0;635;0;333
7;25;0;403;0;333
7;25;0;2038;0;333
7;25;0;391;0;333
8;25;0;287;0;333
9;25;0;287;0;333
10;25;0;287;0;333
11;25;0;287;0;333
12;25;0;287;0;333
13;25;0;287;0;333
14;25;0;287;0;333
15;25;0;287;0;333
16;25;0;287;0;333
18;25;0;3099;0;333
19;25;0;2937;0;333
22;25;0;3101;0;333
26;25;0;375;0;333
30;25;0;1265;0;333
31;25;0;3101;0;333
33;25;0;1266;0;333
33;25;0;1265;0;333
36;25;0;629;0;333
37;25;0;287;0;333
42;25;0;1272;0;333
45;25;0;1272;0;333
47;25;0;1266;0;333
47;25;0;425;0;333
48;25;0;425;0;333
48;25;0;426;0;333
49;25;0;3099;0;333
49;25;0;426;0;333
50;25;0;1245;0;333
51;25;0;629;0;333
52;25;0;627;0;333
53;25;0;628;0;333
54;25;0;627;0;333
55;25;0;622;0;333
56;25;0;627;0;333
56;25;0;628;0;333
57;25;0;626;0;333
58;25;0;627;0;333
59;25;0;628;0;333
60;25;0;626;0;333
61;25;0;623;0;333
62;25;0;626;0;333
63;25;0;287;0;333
64;25;0;1266;0;333
66;25;0;629;0;333
67;25;0;287;0;333
71;25;0;597;0;333
72;25;0;287;0;333
2;26;0;287;0;333
3;26;0;287;0;333
7;26;0;635;0;333
7;26;0;1245;0;333
8;26;0;287;0;333
9;26;0;287;0;333
10;26;0;287;0;333
11;26;0;287;0;333
12;26;0;287;0;333
13;26;0;287;0;333
14;26;0;287;0;333
15;26;0;287;0;333
16;26;0;287;0;333
19;26;0;3101;0;333
21;26;0;1266;0;333
21;26;0;2937;0;333
22;26;0;3096;0;333
24;26;0;3101;0;333
24;26;0;3096;0;333
26;26;0;375;0;333
29;26;0;914;0;333
30;26;0;3096;0;333
32;26;0;1266;0;333
33;26;0;421;0;333
34;26;0;1272;0;333
36;26;0;627;0;333
37;26;0;287;0;333
42;26;0;914;0;333
50;26;0;1266;0;333
52;26;0;3095;0;333
53;26;0;1266;0;333
53;26;0;1272;0;333
55;26;0;1272;0;333
56;26;0;1276;0;333
59;26;0;3101;0;333
60;26;0;3099;0;333
61;26;0;3099;0;333
62;26;0;627;0;333
63;26;0;287;0;333
65;26;0;1272;0;333
66;26;0;626;0;333
67;26;0;287;0;333
68;26;0;629;0;333
69;26;0;3094;0;333
70;26;0;3101;0;333
71;26;0;626;0;333
72;26;0;287;0;333
73;26;0;287;0;333
2;27;0;287;0;333
3;27;0;287;0;333
6;27;0;3093;0;333
7;27;0;680;0;333
8;27;0;287;0;333
9;27;0;287;0;333
10;27;0;287;0;333
11;27;0;287;0;333
12;27;0;287;0;333
13;27;0;287;0;333
14;27;0;287;0;333
15;27;0;287;0;333
16;27;0;287;0;333
19;27;0;1266;0;333
19;27;0;3093;0;333
20;27;0;627;0;333
24;27;0;287;0;333
25;27;0;287;0;333
26;27;0;287;0;333
27;27;0;287;0;333
28;27;0;287;0;333
29;27;0;287;0;333
30;27;0;287;0;333
31;27;0;287;0;333
32;27;0;287;0;333
33;27;0;287;0;333
34;27;0;287;0;333
35;27;0;287;0;333
36;27;0;287;0;333
37;27;0;287;0;333
39;27;0;1272;0;333
39;27;0;424;0;333
40;27;0;627;0;333
47;27;0;3099;0;333
49;27;0;3096;0;333
52;27;0;3096;0;333
53;27;0;1266;0;333
55;27;0;2937;0;333
55;27;0;3101;0;333
55;27;0;2673;0;333
56;27;0;1272;0;333
58;27;0;1254;0;333
59;27;0;1265;0;333
62;27;0;600;0;333
62;27;0;598;0;333
63;27;0;287;0;333
65;27;0;3093;0;333
66;27;0;622;0;333
66;27;0;425;0;333
67;27;0;1266;0;333
67;27;0;1276;0;333
67;27;0;425;0;333
67;27;0;421;0;333
70;27;0;1265;0;333
71;27;0;3100;0;333
71;27;0;2038;0;333
71;27;0;425;0;333
71;27;0;423;0;333
72;27;0;626;0;333
72;27;0;424;0;333
73;27;0;287;0;333
2;28;0;287;0;333
3;28;0;287;0;333
7;28;0;682;0;333
8;28;0;683;0;333
9;28;0;633;0;333
9;28;0;401;0;333
9;28;0;1245;0;333
10;28;0;633;0;333
10;28;0;629;0;333
11;28;0;629;0;333
12;28;0;627;0;333
13;28;0;628;0;333
14;28;0;622;0;333
15;28;0;622;0;333
15;28;0;624;0;333
16;28;0;622;0;333
17;28;0;628;0;333
18;28;0;375;0;333
19;28;0;376;0;333
20;28;0;628;0;333
21;28;0;287;0;333
22;28;0;287;0;333
23;28;0;287;0;333
24;28;0;287;0;333
26;28;0;622;0;333
27;28;0;627;0;333
28;28;0;628;0;333
29;28;0;629;0;333
30;28;0;600;0;333
30;28;0;597;0;333
31;28;0;597;0;333
31;28;0;3095;0;333
31;28;0;425;0;333
31;28;0;425;0;333
31;28;0;425;0;333
32;28;0;597;0;333
32;28;0;3095;0;333
32;28;0;425;0;333
33;28;0;597;0;333
33;28;0;3095;0;333
33;28;0;425;0;333
34;28;0;628;0;333
35;28;0;622;0;333
36;28;0;627;0;333
37;28;0;287;0;333
38;28;0;1266;0;333
39;28;0;424;0;333
40;28;0;600;0;333
40;28;0;623;0;333
41;28;0;287;0;333
42;28;0;287;0;333
43;28;0;287;0;333
44;28;0;287;0;333
45;28;0;287;0;333
46;28;0;287;0;333
47;28;0;287;0;333
60;28;0;1265;0;333
60;28;0;914;0;333
62;28;0;596;0;333
63;28;0;287;0;333
64;28;0;1272;0;333
64;28;0;3101;0;333
65;28;0;233;0;333
66;28;0;1245;0;333
66;28;0;425;0;333
67;28;0;1265;0;333
68;28;0;2937;0;333
69;28;0;3101;0;333
71;28;0;3100;0;333
72;28;0;623;0;333
72;28;0;407;0;333
73;28;0;287;0;333
2;29;0;287;0;333
3;29;0;287;0;333
5;29;0;3101;0;333
7;29;0;1272;0;333
7;29;0;3095;0;333
8;29;0;1265;0;333
10;29;0;3095;0;333
11;29;0;1272;0;333
12;29;0;1265;0;333
12;29;0;3101;0;333
13;29;0;1272;0;333
15;29;0;914;0;333
16;29;0;1265;0;333
18;29;0;3101;0;333
19;29;0;3098;0;333
19;29;0;3093;0;333
20;29;0;623;0;333
21;29;0;287;0;333
22;29;0;287;0;333
23;29;0;287;0;333
24;29;0;287;0;333
27;29;0;1266;0;333
30;29;0;3101;0;333
30;29;0;3095;0;333
31;29;0;1272;0;333
32;29;0;2937;0;333
35;29;0;1266;0;333
35;29;0;3100;0;333
36;29;0;1276;0;333
36;29;0;628;0;333
37;29;0;287;0;333
37;29;0;634;0;333
38;29;0;1254;0;333
40;29;0;628;0;333
41;29;0;287;0;333
42;29;0;628;0;333
43;29;0;629;0;333
44;29;0;628;0;333
45;29;0;627;0;333
46;29;0;626;0;333
47;29;0;287;0;333
48;29;0;287;0;333
49;29;0;287;0;333
50;29;0;287;0;333
51;29;0;287;0;333
52;29;0;287;0;333
53;29;0;287;0;333
54;29;0;287;0;333
55;29;0;287;0;333
56;29;0;287;0;333
57;29;0;287;0;333
58;29;0;287;0;333
60;29;0;1272;0;333
61;29;0;1266;0;333
62;29;0;596;0;333
63;29;0;287;0;333
66;29;0;915;0;333
67;29;0;3097;0;333
68;29;0;61;0;333
68;29;0;3101;0;333
71;29;0;1247;0;333
72;29;0;629;0;333
72;29;0;424;0;333
73;29;0;287;0;333
74;29;0;287;0;333
2;30;0;287;0;333
3;30;0;287;0;333
5;30;0;3097;0;333
6;30;0;1265;0;333
6;30;0;3097;0;333
8;30;0;1266;0;333
8;30;0;1265;0;333
9;30;0;3101;0;333
10;30;0;2937;0;333
12;30;0;1254;0;333
14;30;0;3096;0;333
15;30;0;1272;0;333
17;30;0;3101;0;333
18;30;0;1266;0;333
18;30;0;914;0;333
19;30;0;3098;0;333
20;30;0;627;0;333
21;30;0;287;0;333
22;30;0;287;0;333
23;30;0;287;0;333
24;30;0;287;0;333
28;30;0;914;0;333
35;30;0;375;0;333
36;30;0;3095;0;333
37;30;0;682;0;333
37;30;0;691;0;333
39;30;0;375;0;333
39;30;0;2038;0;333
40;30;0;628;0;333
41;30;0;287;0;333
42;30;0;1272;0;333
43;30;0;1254;0;333
44;30;0;425;0;333
44;30;0;3100;0;333
45;30;0;425;0;333
45;30;0;424;0;333
45;30;0;3100;0;333
45;30;0;3093;0;333
46;30;0;627;0;333
47;30;0;287;0;333
47;30;0;287;0;333
48;30;0;287;0;333
48;30;0;287;0;333
49;30;0;287;0;333
49;30;0;287;0;333
50;30;0;287;0;333
50;30;0;287;0;333
51;30;0;287;0;333
51;30;0;287;0;333
52;30;0;287;0;333
53;30;0;287;0;333
54;30;0;287;0;333
55;30;0;287;0;333
56;30;0;287;0;333
57;30;0;287;0;333
58;30;0;287;0;333
61;30;0;1272;0;333
62;30;0;596;0;333
63;30;0;287;0;333
64;30;0;3094;0;333
65;30;0;1265;0;333
66;30;0;1246;0;333
67;30;0;3097;0;333
70;30;0;627;0;333
71;30;0;622;0;333
72;30;0;287;0;333
73;30;0;287;0;333
73;30;0;626;0;333
74;30;0;287;0;333
2;31;0;287;0;333
3;31;0;287;0;333
4;31;0;287;0;333
5;31;0;287;0;333
6;31;0;680;0;333
6;31;0;3097;0;333
7;31;0;633;0;333
7;31;0;1273;0;333
7;31;0;3095;0;333
8;31;0;633;0;333
9;31;0;633;0;333
9;31;0;401;0;333
10;31;0;633;0;333
10;31;0;3095;0;333
11;31;0;633;0;333
12;31;0;633;0;333
12;31;0;401;0;333
12;31;0;3095;0;333
13;31;0;633;0;333
13;31;0;1245;0;333
14;31;0;633;0;333
14;31;0;629;0;333
15;31;0;633;0;333
15;31;0;622;0;333
15;31;0;405;0;333
16;31;0;633;0;333
16;31;0;622;0;333
17;31;0;633;0;333
17;31;0;628;0;333
18;31;0;633;0;333
18;31;0;1246;0;333
19;31;0;633;0;333
19;31;0;401;0;333
19;31;0;3095;0;333
19;31;0;3101;0;333
20;31;0;633;0;333
20;31;0;627;0;333
21;31;0;633;0;333
21;31;0;629;0;333
22;31;0;629;0;333
23;31;0;628;0;333
24;31;0;627;0;333
25;31;0;628;0;333
28;31;0;633;0;333
28;31;0;688;0;333
28;31;0;3095;0;333
29;31;0;633;0;333
30;31;0;633;0;333
31;31;0;633;0;333
31;31;0;401;0;333
31;31;0;3095;0;333
32;31;0;633;0;333
32;31;0;420;0;333
32;31;0;421;0;333
33;31;0;681;0;333
33;31;0;3099;0;333
34;31;0;287;0;333
36;31;0;1265;0;333
36;31;0;424;0;333
36;31;0;3093;0;333
37;31;0;635;0;333
37;31;0;629;0;333
39;31;0;3101;0;333
39;31;0;1317;0;333
40;31;0;627;0;333
41;31;0;287;0;333
44;31;0;2832;0;333
45;31;0;424;0;333
46;31;0;629;0;333
47;31;0;287;0;333
48;31;0;287;0;333
49;31;0;287;0;333
50;31;0;287;0;333
51;31;0;287;0;333
52;31;0;629;0;333
53;31;0;628;0;333
54;31;0;629;0;333
55;31;0;626;0;333
56;31;0;287;0;333
57;31;0;287;0;333
58;31;0;287;0;333
60;31;0;1266;0;333
60;31;0;3101;0;333
62;31;0;287;0;333
63;31;0;287;0;333
65;31;0;3101;0;333
66;31;0;627;0;333
67;31;0;1254;0;333
68;31;0;3101;0;333
69;31;0;3101;0;333
69;31;0;3093;0;333
70;31;0;287;0;333
71;31;0;1254;0;333
71;31;0;3101;0;333
73;31;0;1247;0;333
74;31;0;600;0;333
74;31;0;623;0;333
2;32;0;287;0;333
3;32;0;287;0;333
4;32;0;287;0;333
6;32;0;1266;0;333
9;32;0;1272;0;333
9;32;0;914;0;333
10;32;0;3101;0;333
11;32;0;1272;0;333
13;32;0;1272;0;333
15;32;0;2038;0;333
15;32;0;425;0;333
16;32;0;1266;0;333
16;32;0;425;0;333
19;32;0;1265;0;333
19;32;0;914;0;333
19;32;0;1276;0;333
20;32;0;425;0;333
21;32;0;417;0;333
22;32;0;1272;0;333
23;32;0;425;0;333
24;32;0;1272;0;333
24;32;0;914;0;333
24;32;0;3101;0;333
28;32;0;1265;0;333
28;32;0;3095;0;333
30;32;0;1266;0;333
30;32;0;66;0;333
32;32;0;424;0;333
33;32;0;635;0;333
33;32;0;623;0;333
34;32;0;287;0;333
37;32;0;635;0;333
37;32;0;403;0;333
37;32;0;1276;0;333
38;32;0;1266;0;333
39;32;0;3093;0;333
40;32;0;623;0;333
41;32;0;287;0;333
42;32;0;1265;0;333
46;32;0;628;0;333
47;32;0;287;0;333
48;32;0;287;0;333
49;32;0;287;0;333
50;32;0;287;0;333
52;32;0;2856;0;333
55;32;0;596;0;333
56;32;0;287;0;333
57;32;0;287;0;333
58;32;0;287;0;333
60;32;0;1272;0;333
62;32;0;287;0;333
65;32;0;1272;0;333
65;32;0;914;0;333
65;32;0;1254;0;333
66;32;0;626;0;333
67;32;0;287;0;333
69;32;0;1266;0;333
70;32;0;287;0;333
71;32;0;3098;0;333
72;32;0;1272;0;333
74;32;0;287;0;333
2;33;0;287;0;333
3;33;0;287;0;333
4;33;0;287;0;333
9;33;0;1272;0;333
9;33;0;1265;0;333
12;33;0;1266;0;333
14;33;0;3101;0;333
21;33;0;1272;0;333
21;33;0;1265;0;333
22;33;0;1266;0;333
27;33;0;1265;0;333
29;33;0;337;0;333
30;33;0;2038;0;333
31;33;0;337;0;333
32;33;0;424;0;333
33;33;0;627;0;333
34;33;0;287;0;333
37;33;0;635;0;333
37;33;0;391;0;333
39;33;0;914;0;333
39;33;0;1276;0;333
39;33;0;3101;0;333
40;33;0;623;0;333
40;33;0;625;0;333
41;33;0;287;0;333
44;33;0;1266;0;333
45;33;0;629;0;333
46;33;0;287;0;333
47;33;0;287;0;333
48;33;0;287;0;333
49;33;0;287;0;333
50;33;0;287;0;333
53;33;0;28;0;333
53;33;0;1266;0;333
54;33;0;233;0;333
55;33;0;596;0;333
56;33;0;287;0;333
57;33;0;287;0;333
58;33;0;287;0;333
62;33;0;287;0;333
65;33;0;3100;0;333
66;33;0;627;0;333
67;33;0;1265;0;333
67;33;0;287;0;333
68;33;0;1272;0;333
70;33;0;287;0;333
73;33;0;403;0;333
74;33;0;287;0;333
74;33;0;634;0;333
2;34;0;287;0;333
3;34;0;287;0;333
4;34;0;287;0;333
6;34;0;3094;0;333
6;34;0;3094;0;333
7;34;0;1272;0;333
8;34;0;2937;0;333
16;34;0;1266;0;333
19;34;0;3101;0;333
22;34;0;1266;0;333
25;34;0;1266;0;333
26;34;0;3101;0;333
28;34;0;1266;0;333
28;34;0;1272;0;333
32;34;0;1265;0;333
32;34;0;914;0;333
32;34;0;3093;0;333
33;34;0;628;0;333
34;34;0;287;0;333
37;34;0;635;0;333
37;34;0;1245;0;333
39;34;0;1266;0;333
39;34;0;424;0;333
40;34;0;623;0;333
41;34;0;287;0;333
44;34;0;914;0;333
45;34;0;600;0;333
45;34;0;628;0;333
46;34;0;287;0;333
47;34;0;287;0;333
48;34;0;287;0;333
49;34;0;287;0;333
50;34;0;287;0;333
52;34;0;1266;0;333
55;34;0;596;0;333
56;34;0;287;0;333
57;34;0;287;0;333
58;34;0;287;0;333
61;34;0;1266;0;333
62;34;0;1796;0;333
62;34;0;1257;0;333
65;34;0;629;0;333
66;34;0;287;0;333
67;34;0;287;0;333
68;34;0;1272;0;333
70;34;0;287;0;333
73;34;0;1266;0;333
73;34;0;1272;0;333
74;34;0;287;0;333
2;35;0;287;0;333
3;35;0;287;0;333
4;35;0;287;0;333
9;35;0;1266;0;333
11;35;0;2038;0;333
17;35;0;2937;0;333
20;35;0;1266;0;333
24;35;0;1272;0;333
26;35;0;3101;0;333
27;35;0;2937;0;333
31;35;0;1272;0;333
32;35;0;3093;0;333
33;35;0;600;0;333
33;35;0;598;0;333
34;35;0;287;0;333
37;35;0;623;0;333
37;35;0;3100;0;333
37;35;0;3093;0;333
39;35;0;424;0;333
40;35;0;622;0;333
41;35;0;287;0;333
44;35;0;1266;0;333
45;35;0;600;0;333
45;35;0;627;0;333
46;35;0;287;0;333
47;35;0;287;0;333
48;35;0;287;0;333
49;35;0;287;0;333
50;35;0;287;0;333
53;35;0;1266;0;333
54;35;0;1254;0;333
55;35;0;596;0;333
56;35;0;287;0;333
57;35;0;287;0;333
58;35;0;287;0;333
60;35;0;1272;0;333
62;35;0;1794;0;333
62;35;0;420;0;333
64;35;0;1266;0;333
64;35;0;1265;0;333
65;35;0;627;0;333
66;35;0;287;0;333
67;35;0;287;0;333
70;35;0;287;0;333
74;35;0;597;0;333
2;36;0;287;0;333
3;36;0;287;0;333
4;36;0;287;0;333
6;36;0;421;0;333
7;36;0;3101;0;333
8;36;0;3093;0;333
9;36;0;635;0;333
9;36;0;2805;0;333
11;36;0;1272;0;333
13;36;0;1265;0;333
17;36;0;2038;0;333
20;36;0;1266;0;333
20;36;0;914;0;333
24;36;0;1266;0;333
24;36;0;1272;0;333
25;36;0;3101;0;333
27;36;0;1272;0;333
30;36;0;337;0;333
32;36;0;1250;0;333
33;36;0;629;0;333
34;36;0;287;0;333
37;36;0;635;0;333
37;36;0;403;0;333
37;36;0;1245;0;333
39;36;0;424;0;333
40;36;0;629;0;333
41;36;0;287;0;333
43;36;0;1272;0;333
44;36;0;3093;0;333
45;36;0;596;0;333
45;36;0;424;0;333
46;36;0;287;0;333
47;36;0;287;0;333
48;36;0;287;0;333
49;36;0;287;0;333
50;36;0;287;0;333
51;36;0;287;0;333
54;36;0;1272;0;333
55;36;0;630;0;333
56;36;0;287;0;333
57;36;0;287;0;333
58;36;0;287;0;333
62;36;0;287;0;333
62;36;0;1797;0;333
65;36;0;287;0;333
65;36;0;625;0;333
66;36;0;287;0;333
67;36;0;287;0;333
68;36;0;1254;0;333
70;36;0;287;0;333
74;36;0;623;0;333
2;37;0;287;0;333
3;37;0;287;0;333
4;37;0;287;0;333
6;37;0;1266;0;333
6;37;0;1265;0;333
7;37;0;1265;0;333
9;37;0;635;0;333
9;37;0;403;0;333
9;37;0;3095;0;333
14;37;0;421;0;333
16;37;0;1266;0;333
17;37;0;1266;0;333
18;37;0;1266;0;333
20;37;0;680;0;333
21;37;0;633;0;333
22;37;0;633;0;333
22;37;0;401;0;333
23;37;0;633;0;333
23;37;0;2805;0;333
24;37;0;633;0;333
25;37;0;633;0;333
25;37;0;3095;0;333
26;37;0;633;0;333
26;37;0;401;0;333
27;37;0;633;0;333
27;37;0;3095;0;333
27;37;0;426;0;333
28;37;0;633;0;333
28;37;0;2805;0;333
29;37;0;633;0;333
29;37;0;3094;0;333
30;37;0;633;0;333
30;37;0;401;0;333
30;37;0;3095;0;333
31;37;0;633;0;333
32;37;0;633;0;333
32;37;0;3095;0;333
32;37;0;2038;0;333
33;37;0;681;0;333
33;37;0;3099;0;333
34;37;0;287;0;333
35;37;0;3101;0;333
36;37;0;914;0;333
37;37;0;635;0;333
37;37;0;2038;0;333
38;37;0;3094;0;333
40;37;0;627;0;333
41;37;0;287;0;333
45;37;0;596;0;333
45;37;0;424;0;333
45;37;0;427;0;333
46;37;0;287;0;333
47;37;0;287;0;333
48;37;0;287;0;333
49;37;0;287;0;333
50;37;0;287;0;333
51;37;0;287;0;333
54;37;0;1272;0;333
55;37;0;635;0;333
55;37;0;628;0;333
55;37;0;3099;0;333
56;37;0;287;0;333
57;37;0;287;0;333
58;37;0;287;0;333
60;37;0;3094;0;333
61;37;0;3101;0;333
62;37;0;1792;0;333
64;37;0;914;0;333
65;37;0;287;0;333
65;37;0;623;0;333
66;37;0;287;0;333
67;37;0;287;0;333
70;37;0;287;0;333
73;37;0;1272;0;333
74;37;0;287;0;333
2;38;0;287;0;333
3;38;0;287;0;333
4;38;0;287;0;333
8;38;0;1272;0;333
8;38;0;1254;0;333
8;38;0;2038;0;333
9;38;0;635;0;333
12;38;0;1272;0;333
13;38;0;337;0;333
16;38;0;337;0;333
18;38;0;337;0;333
20;38;0;634;0;333
21;38;0;420;0;333
23;38;0;2038;0;333
23;38;0;3095;0;333
25;38;0;1265;0;333
32;38;0;424;0;333
33;38;0;629;0;333
34;38;0;287;0;333
36;38;0;3101;0;333
36;38;0;2650;0;333
37;38;0;680;0;333
39;38;0;1245;0;333
40;38;0;628;0;333
40;38;0;597;0;333
41;38;0;287;0;333
44;38;0;914;0;333
45;38;0;596;0;333
45;38;0;424;0;333
45;38;0;414;0;333
46;38;0;287;0;333
47;38;0;287;0;333
48;38;0;287;0;333
49;38;0;287;0;333
50;38;0;287;0;333
51;38;0;287;0;333
55;38;0;635;0;333
55;38;0;3099;0;333
55;38;0;391;0;333
56;38;0;287;0;333
57;38;0;287;0;333
58;38;0;287;0;333
61;38;0;1266;0;333
62;38;0;287;0;333
62;38;0;1797;0;333
64;38;0;3101;0;333
65;38;0;287;0;333
66;38;0;287;0;333
67;38;0;287;0;333
70;38;0;287;0;333
73;38;0;403;0;333
74;38;0;634;0;333
2;39;0;287;0;333
3;39;0;287;0;333
4;39;0;287;0;333
7;39;0;1272;0;333
9;39;0;635;0;333
9;39;0;691;0;333
9;39;0;426;0;333
10;39;0;914;0;333
11;39;0;337;0;333
12;39;0;1272;0;333
15;39;0;337;0;333
16;39;0;1266;0;333
16;39;0;1272;0;333
17;39;0;1265;0;333
17;39;0;1254;0;333
18;39;0;3096;0;333
19;39;0;232;0;333
19;39;0;3093;0;333
20;39;0;634;0;333
21;39;0;1266;0;333
21;39;0;3101;0;333
22;39;0;337;0;333
24;39;0;337;0;333
25;39;0;1272;0;333
26;39;0;337;0;333
27;39;0;337;0;333
28;39;0;337;0;333
29;39;0;1266;0;333
30;39;0;337;0;333
31;39;0;337;0;333
32;39;0;414;0;333
33;39;0;627;0;333
34;39;0;287;0;333
36;39;0;403;0;333
37;39;0;634;0;333
39;39;0;1266;0;333
39;39;0;1272;0;333
40;39;0;597;0;333
41;39;0;287;0;333
44;39;0;1266;0;333
45;39;0;629;0;333
46;39;0;287;0;333
46;39;0;624;0;333
47;39;0;287;0;333
47;39;0;624;0;333
48;39;0;630;0;333
49;39;0;628;0;333
50;39;0;629;0;333
51;39;0;622;0;333
52;39;0;628;0;333
53;39;0;3094;0;333
55;39;0;635;0;333
55;39;0;403;0;333
55;39;0;2038;0;333
56;39;0;287;0;333
57;39;0;287;0;333
58;39;0;287;0;333
61;39;0;1254;0;333
62;39;0;1797;0;333
63;39;0;3094;0;333
65;39;0;625;0;333
66;39;0;287;0;333
67;39;0;287;0;333
68;39;0;3101;0;333
70;39;0;287;0;333
72;39;0;1265;0;333
72;39;0;3094;0;333
74;39;0;634;0;333
2;40;0;287;0;333
3;40;0;287;0;333
4;40;0;287;0;333
8;40;0;1272;0;333
8;40;0;1265;0;333
9;40;0;689;0;333
10;40;0;633;0;333
10;40;0;688;0;333
10;40;0;2805;0;333
11;40;0;633;0;333
11;40;0;3094;0;333
12;40;0;633;0;333
13;40;0;633;0;333
13;40;0;401;0;333
13;40;0;3095;0;333
14;40;0;633;0;333
15;40;0;633;0;333
15;40;0;2805;0;333
16;40;0;633;0;333
17;40;0;633;0;333
17;40;0;401;0;333
18;40;0;633;0;333
18;40;0;3093;0;333
18;40;0;426;0;333
18;40;0;405;0;333
19;40;0;633;0;333
19;40;0;2805;0;333
20;40;0;688;0;333
22;40;0;1266;0;333
22;40;0;3101;0;333
25;40;0;2937;0;333
30;40;0;3101;0;333
32;40;0;424;0;333
33;40;0;628;0;333
34;40;0;287;0;333
36;40;0;3093;0;333
37;40;0;634;0;333
40;40;0;597;0;333
41;40;0;287;0;333
44;40;0;2038;0;333
45;40;0;1265;0;333
48;40;0;376;0;333
48;40;0;2937;0;333
49;40;0;3101;0;333
51;40;0;3095;0;333
55;40;0;635;0;333
55;40;0;3101;0;333
55;40;0;426;0;333
55;40;0;405;0;333
56;40;0;287;0;333
57;40;0;287;0;333
58;40;0;287;0;333
61;40;0;1266;0;333
62;40;0;287;0;333
62;40;0;1792;0;333
64;40;0;1272;0;333
65;40;0;626;0;333
66;40;0;287;0;333
67;40;0;287;0;333
69;40;0;1276;0;333
70;40;0;287;0;333
74;40;0;287;0;333
2;41;0;287;0;333
3;41;0;287;0;333
4;41;0;287;0;333
6;41;0;3094;0;333
9;41;0;1266;0;333
9;41;0;1272;0;333
10;41;0;3095;0;333
11;41;0;914;0;333
15;41;0;3095;0;333
16;41;0;1266;0;333
16;41;0;1272;0;333
18;41;0;1266;0;333
19;41;0;3095;0;333
21;41;0;1265;0;333
22;41;0;1266;0;333
28;41;0;2038;0;333
29;41;0;3101;0;333
31;41;0;1272;0;333
32;41;0;1257;0;333
33;41;0;628;0;333
34;41;0;287;0;333
36;41;0;424;0;333
37;41;0;634;0;333
37;41;0;626;0;333
39;41;0;1272;0;333
40;41;0;598;0;333
41;41;0;287;0;333
45;41;0;1272;0;333
46;41;0;3096;0;333
48;41;0;3101;0;333
50;41;0;1254;0;333
51;41;0;1266;0;333
51;41;0;1272;0;333
51;41;0;3101;0;333
52;41;0;1265;0;333
54;41;0;1276;0;333
55;41;0;683;0;333
55;41;0;690;0;333
55;41;0;426;0;333
56;41;0;287;0;333
57;41;0;287;0;333
58;41;0;287;0;333
61;41;0;1266;0;333
62;41;0;1795;0;333
64;41;0;1266;0;333
65;41;0;600;0;333
65;41;0;627;0;333
66;41;0;287;0;333
67;41;0;287;0;333
69;41;0;3101;0;333
70;41;0;287;0;333
74;41;0;635;0;333
2;42;0;287;0;333
3;42;0;287;0;333
4;42;0;287;0;333
12;42;0;1266;0;333
15;42;0;1266;0;333
17;42;0;1266;0;333
17;42;0;1272;0;333
20;42;0;1272;0;333
20;42;0;1265;0;333
23;42;0;2038;0;333
25;42;0;1265;0;333
31;42;0;1272;0;333
32;42;0;1254;0;333
32;42;0;424;0;333
33;42;0;623;0;333
34;42;0;287;0;333
36;42;0;1266;0;333
37;42;0;628;0;333
38;42;0;1266;0;333
39;42;0;3101;0;333
39;42;0;3093;0;333
39;42;0;424;0;333
40;42;0;627;0;333
41;42;0;287;0;333
55;42;0;287;0;333
56;42;0;287;0;333
57;42;0;287;0;333
59;42;0;628;0;333
62;42;0;1796;0;333
65;42;0;626;0;333
66;42;0;287;0;333
66;42;0;629;0;333
67;42;0;287;0;333
70;42;0;287;0;333
73;42;0;1272;0;333
73;42;0;1276;0;333
73;42;0;424;0;333
74;42;0;287;0;333
2;43;0;287;0;333
3;43;0;287;0;333
4;43;0;287;0;333
14;43;0;2937;0;333
19;43;0;1272;0;333
19;43;0;3101;0;333
20;43;0;1266;0;333
25;43;0;1266;0;333
32;43;0;424;0;333
33;43;0;628;0;333
34;43;0;287;0;333
39;43;0;1272;0;333
39;43;0;424;0;333
40;43;0;629;0;333
41;43;0;287;0;333
42;43;0;287;0;333
43;43;0;287;0;333
44;43;0;287;0;333
45;43;0;287;0;333
46;43;0;287;0;333
47;43;0;287;0;333
48;43;0;287;0;333
49;43;0;287;0;333
50;43;0;287;0;333
51;43;0;287;0;333
52;43;0;287;0;333
53;43;0;287;0;333
54;43;0;287;0;333
55;43;0;287;0;333
56;43;0;287;0;333
57;43;0;287;0;333
59;43;0;1272;0;333
59;43;0;914;0;333
61;43;0;1266;0;333
61;43;0;2856;0;333
62;43;0;287;0;333
63;43;0;1266;0;333
63;43;0;914;0;333
65;43;0;1276;0;333
66;43;0;627;0;333
67;43;0;1266;0;333
67;43;0;287;0;333
70;43;0;287;0;333
73;43;0;424;0;333
74;43;0;287;0;333
74;43;0;623;0;333
74;43;0;424;0;333
2;44;0;287;0;333
3;44;0;287;0;333
4;44;0;287;0;333
6;44;0;1266;0;333
8;44;0;1265;0;333
9;44;0;1266;0;333
9;44;0;1254;0;333
14;44;0;1272;0;333
15;44;0;1272;0;333
15;44;0;3096;0;333
16;44;0;426;0;333
18;44;0;3101;0;333
19;44;0;914;0;333
22;44;0;3096;0;333
24;44;0;426;0;333
24;44;0;405;0;333
25;44;0;914;0;333
27;44;0;1266;0;333
28;44;0;1272;0;333
30;44;0;3096;0;333
32;44;0;3100;0;333
32;44;0;3093;0;333
32;44;0;420;0;333
33;44;0;629;0;333
34;44;0;287;0;333
37;44;0;3101;0;333
38;44;0;3100;0;333
39;44;0;3097;0;333
40;44;0;628;0;333
41;44;0;287;0;333
42;44;0;287;0;333
43;44;0;287;0;333
44;44;0;287;0;333
45;44;0;287;0;333
46;44;0;287;0;333
47;44;0;287;0;333
48;44;0;287;0;333
49;44;0;287;0;333
50;44;0;287;0;333
51;44;0;287;0;333
52;44;0;287;0;333
53;44;0;287;0;333
54;44;0;287;0;333
55;44;0;287;0;333
56;44;0;287;0;333
57;44;0;287;0;333
60;44;0;2832;0;333
62;44;0;287;0;333
62;44;0;407;0;333
63;44;0;1265;0;333
65;44;0;1272;0;333
66;44;0;622;0;333
67;44;0;1266;0;333
67;44;0;287;0;333
68;44;0;3094;0;333
70;44;0;287;0;333
73;44;0;424;0;333
74;44;0;287;0;333
74;44;0;622;0;333
2;45;0;287;0;333
3;45;0;287;0;333
5;45;0;633;0;333
5;45;0;688;0;333
5;45;0;1245;0;333
6;45;0;633;0;333
7;45;0;633;0;333
7;45;0;1247;0;333
8;45;0;633;0;333
8;45;0;401;0;333
8;45;0;3095;0;333
9;45;0;633;0;333
9;45;0;233;0;333
9;45;0;3093;0;333
10;45;0;633;0;333
10;45;0;622;0;333
11;45;0;633;0;333
11;45;0;3095;0;333
12;45;0;633;0;333
12;45;0;401;0;333
12;45;0;391;0;333
13;45;0;633;0;333
13;45;0;3095;0;333
13;45;0;2038;0;333
14;45;0;633;0;333
15;45;0;681;0;333
15;45;0;691;0;333
15;45;0;914;0;333
16;45;0;287;0;333
28;45;0;627;0;333
33;45;0;627;0;333
34;45;0;287;0;333
35;45;0;3094;0;333
36;45;0;1266;0;333
36;45;0;3101;0;333
37;45;0;627;0;333
39;45;0;287;0;333
40;45;0;287;0;333
41;45;0;287;0;333
41;45;0;287;0;333
42;45;0;287;0;333
42;45;0;287;0;333
43;45;0;287;0;333
43;45;0;287;0;333
44;45;0;287;0;333
44;45;0;287;0;333
45;45;0;287;0;333
45;45;0;287;0;333
46;45;0;287;0;333
46;45;0;287;0;333
47;45;0;287;0;333
47;45;0;287;0;333
48;45;0;287;0;333
48;45;0;287;0;333
49;45;0;287;0;333
49;45;0;287;0;333
50;45;0;287;0;333
50;45;0;287;0;333
51;45;0;287;0;333
52;45;0;628;0;333
53;45;0;622;0;333
54;45;0;622;0;333
55;45;0;626;0;333
56;45;0;287;0;333
57;45;0;287;0;333
59;45;0;1265;0;333
61;45;0;1272;0;333
62;45;0;287;0;333
66;45;0;627;0;333
67;45;0;287;0;333
70;45;0;287;0;333
73;45;0;1247;0;333
74;45;0;287;0;333
2;46;0;287;0;333
3;46;0;287;0;333
5;46;0;1266;0;333
7;46;0;1266;0;333
10;46;0;2937;0;333
10;46;0;425;0;333
12;46;0;1266;0;333
13;46;0;1266;0;333
14;46;0;424;0;333
15;46;0;629;0;333
16;46;0;600;0;333
17;46;0;287;0;333
18;46;0;287;0;333
19;46;0;287;0;333
20;46;0;287;0;333
21;46;0;287;0;333
22;46;0;287;0;333
23;46;0;287;0;333
24;46;0;287;0;333
27;46;0;1276;0;333
28;46;0;629;0;333
29;46;0;287;0;333
30;46;0;287;0;333
31;46;0;287;0;333
32;46;0;287;0;333
33;46;0;287;0;333
34;46;0;287;0;333
36;46;0;1272;0;333
37;46;0;628;0;333
38;46;0;287;0;333
39;46;0;287;0;333
40;46;0;287;0;333
41;46;0;287;0;333
42;46;0;287;0;333
43;46;0;287;0;333
44;46;0;287;0;333
45;46;0;287;0;333
46;46;0;287;0;333
47;46;0;287;0;333
48;46;0;287;0;333
49;46;0;287;0;333
50;46;0;287;0;333
52;46;0;1265;0;333
53;46;0;425;0;333
54;46;0;2856;0;333
54;46;0;424;0;333
54;46;0;425;0;333
54;46;0;427;0;333
55;46;0;627;0;333
56;46;0;287;0;333
57;46;0;287;0;333
61;46;0;623;0;333
62;46;0;287;0;333
63;46;0;1265;0;333
63;46;0;1276;0;333
63;46;0;1254;0;333
65;46;0;1266;0;333
65;46;0;3093;0;333
66;46;0;626;0;333
67;46;0;287;0;333
70;46;0;287;0;333
73;46;0;3101;0;333
74;46;0;287;0;333
74;46;0;634;0;333
2;47;0;287;0;333
3;47;0;287;0;333
7;47;0;1265;0;333
8;47;0;1272;0;333
10;47;0;1266;0;333
12;47;0;3101;0;333
13;47;0;1272;0;333
14;47;0;3093;0;333
15;47;0;627;0;333
16;47;0;600;0;333
17;47;0;600;0;333
18;47;0;287;0;333
19;47;0;287;0;333
20;47;0;287;0;333
21;47;0;287;0;333
22;47;0;287;0;333
23;47;0;287;0;333
24;47;0;287;0;333
25;47;0;287;0;333
26;47;0;3101;0;333
27;47;0;424;0;333
28;47;0;626;0;333
29;47;0;627;0;333
30;47;0;287;0;333
31;47;0;287;0;333
32;47;0;287;0;333
33;47;0;287;0;333
35;47;0;1266;0;333
35;47;0;2038;0;333
35;47;0;3094;0;333
37;47;0;627;0;333
38;47;0;287;0;333
39;47;0;287;0;333
40;47;0;629;0;333
41;47;0;633;0;333
41;47;0;628;0;333
42;47;0;633;0;333
42;47;0;3100;0;333
42;47;0;401;0;333
43;47;0;682;0;333
44;47;0;683;0;333
45;47;0;633;0;333
45;47;0;1250;0;333
45;47;0;3095;0;333
45;47;0;401;0;333
46;47;0;633;0;333
46;47;0;627;0;333
47;47;0;628;0;333
48;47;0;622;0;333
49;47;0;627;0;333
50;47;0;628;0;333
51;47;0;628;0;333
53;47;0;2832;0;333
53;47;0;1266;0;333
54;47;0;1254;0;333
54;47;0;424;0;333
55;47;0;629;0;333
56;47;0;287;0;333
57;47;0;287;0;333
58;47;0;287;0;333
59;47;0;287;0;333
60;47;0;287;0;333
61;47;0;287;0;333
64;47;0;3101;0;333
65;47;0;1272;0;333
66;47;0;623;0;333
67;47;0;287;0;333
68;47;0;1276;0;333
70;47;0;287;0;333
71;47;0;287;0;333
73;47;0;1272;0;333
74;47;0;287;0;333
74;47;0;682;0;333
74;47;0;688;0;333
2;48;0;287;0;333
3;48;0;287;0;333
6;48;0;1266;0;333
6;48;0;914;0;333
7;48;0;627;0;333
15;48;0;627;0;333
16;48;0;287;0;333
17;48;0;628;0;333
18;48;0;622;0;333
19;48;0;622;0;333
20;48;0;629;0;333
21;48;0;597;0;333
21;48;0;1245;0;333
22;48;0;597;0;333
22;48;0;1257;0;333
23;48;0;627;0;333
24;48;0;628;0;333
25;48;0;635;0;333
25;48;0;629;0;333
28;48;0;424;0;333
28;48;0;425;0;333
28;48;0;3100;0;333
28;48;0;2038;0;333
28;48;0;3093;0;333
29;48;0;628;0;333
30;48;0;287;0;333
31;48;0;287;0;333
32;48;0;287;0;333
33;48;0;287;0;333
36;48;0;1276;0;333
36;48;0;3101;0;333
37;48;0;626;0;333
38;48;0;287;0;333
39;48;0;287;0;333
40;48;0;1266;0;333
40;48;0;3097;0;333
42;48;0;3101;0;333
43;48;0;1276;0;333
43;48;0;3095;0;333
44;48;0;3101;0;333
45;48;0;1265;0;333
45;48;0;391;0;333
46;48;0;3095;0;333
48;48;0;2937;0;333
48;48;0;3095;0;333
52;48;0;3101;0;333
54;48;0;1265;0;333
54;48;0;424;0;333
55;48;0;627;0;333
55;48;0;407;0;333
56;48;0;287;0;333
57;48;0;287;0;333
58;48;0;287;0;333
59;48;0;287;0;333
60;48;0;287;0;333
61;48;0;287;0;333
65;48;0;3093;0;333
66;48;0;635;0;333
66;48;0;628;0;333
67;48;0;287;0;333
70;48;0;622;0;333
71;48;0;287;0;333
72;48;0;3094;0;333
74;48;0;635;0;333
74;48;0;689;0;333
74;48;0;1245;0;333
2;49;0;287;0;333
3;49;0;287;0;333
7;49;0;623;0;333
8;49;0;287;0;333
9;49;0;287;0;333
10;49;0;287;0;333
11;49;0;287;0;333
13;49;0;1265;0;333
14;49;0;3093;0;333
15;49;0;628;0;333
16;49;0;287;0;333
17;49;0;3100;0;333
17;49;0;3095;0;333
19;49;0;2937;0;333
19;49;0;3095;0;333
22;49;0;1266;0;333
24;49;0;66;0;333
25;49;0;635;0;333
25;49;0;391;0;333
25;49;0;2038;0;333
26;49;0;1265;0;333
27;49;0;28;0;333
27;49;0;1265;0;333
28;49;0;1266;0;333
28;49;0;1272;0;333
28;49;0;914;0;333
28;49;0;424;0;333
28;49;0;2856;0;333
29;49;0;623;0;333
30;49;0;287;0;333
31;49;0;287;0;333
32;49;0;287;0;333
33;49;0;287;0;333
35;49;0;1272;0;333
37;49;0;629;0;333
38;49;0;287;0;333
39;49;0;628;0;333
41;49;0;1266;0;333
46;49;0;1272;0;333
47;49;0;1266;0;333
48;49;0;1276;0;333
52;49;0;3096;0;333
53;49;0;1272;0;333
53;49;0;1276;0;333
54;49;0;1266;0;333
54;49;0;3100;0;333
55;49;0;623;0;333
56;49;0;287;0;333
57;49;0;287;0;333
58;49;0;287;0;333
59;49;0;287;0;333
60;49;0;287;0;333
61;49;0;287;0;333
63;49;0;3101;0;333
66;49;0;635;0;333
66;49;0;403;0;333
67;49;0;287;0;333
68;49;0;1272;0;333
68;49;0;1265;0;333
71;49;0;287;0;333
74;49;0;635;0;333
74;49;0;403;0;333
74;49;0;1273;0;333
74;49;0;405;0;333
2;50;0;287;0;333
3;50;0;287;0;333
7;50;0;629;0;333
7;50;0;628;0;333
8;50;0;287;0;333
9;50;0;287;0;333
10;50;0;287;0;333
11;50;0;287;0;333
14;50;0;3099;0;333
15;50;0;623;0;333
16;50;0;287;0;333
17;50;0;1278;0;333
19;50;0;1272;0;333
21;50;0;1272;0;333
21;50;0;3096;0;333
25;50;0;635;0;333
25;50;0;403;0;333
25;50;0;1245;0;333
25;50;0;3093;0;333
28;50;0;1266;0;333
29;50;0;623;0;333
30;50;0;287;0;333
31;50;0;287;0;333
32;50;0;287;0;333
33;50;0;287;0;333
37;50;0;623;0;333
38;50;0;287;0;333
39;50;0;1254;0;333
40;50;0;1272;0;333
41;50;0;914;0;333
42;50;0;3097;0;333
43;50;0;3097;0;333
43;50;0;2038;0;333
55;50;0;287;0;333
56;50;0;287;0;333
57;50;0;287;0;333
58;50;0;287;0;333
59;50;0;287;0;333
60;50;0;287;0;333
61;50;0;287;0;333
63;50;0;914;0;333
64;50;0;1265;0;333
66;50;0;635;0;333
67;50;0;287;0;333
69;50;0;28;0;333
71;50;0;287;0;333
74;50;0;635;0;333
74;50;0;632;0;333
74;50;0;690;0;333
74;50;0;232;0;333
2;51;0;287;0;333
3;51;0;287;0;333
6;51;0;3093;0;333
7;51;0;629;0;333
8;51;0;287;0;333
9;51;0;287;0;333
10;51;0;287;0;333
11;51;0;287;0;333
14;51;0;3099;0;333
15;51;0;623;0;333
16;51;0;287;0;333
18;51;0;3101;0;333
19;51;0;1266;0;333
19;51;0;1272;0;333
19;51;0;1276;0;333
20;51;0;627;0;333
23;51;0;1272;0;333
25;51;0;635;0;333
25;51;0;3093;0;333
29;51;0;287;0;333
30;51;0;287;0;333
31;51;0;287;0;333
32;51;0;287;0;333
33;51;0;287;0;333
35;51;0;3101;0;333
37;51;0;627;0;333
38;51;0;287;0;333
39;51;0;1272;0;333
41;51;0;627;0;333
42;51;0;3100;0;333
44;51;0;287;0;333
45;51;0;287;0;333
46;51;0;287;0;333
47;51;0;287;0;333
48;51;0;287;0;333
49;51;0;287;0;333
50;51;0;287;0;333
51;51;0;287;0;333
52;51;0;287;0;333
53;51;0;287;0;333
54;51;0;287;0;333
55;51;0;287;0;333
56;51;0;287;0;333
57;51;0;287;0;333
58;51;0;287;0;333
59;51;0;287;0;333
60;51;0;287;0;333
61;51;0;287;0;333
64;51;0;1266;0;333
65;51;0;1266;0;333
66;51;0;680;0;333
67;51;0;287;0;333
71;51;0;287;0;333
73;51;0;1266;0;333
74;51;0;287;0;333
74;51;0;634;0;333
74;51;0;627;0;333
2;52;0;287;0;333
3;52;0;287;0;333
6;52;0;1273;0;333
7;52;0;600;0;333
7;52;0;623;0;333
8;52;0;287;0;333
9;52;0;287;0;333
10;52;0;287;0;333
11;52;0;287;0;333
14;52;0;1254;0;333
14;52;0;2038;0;333
14;52;0;3093;0;333
15;52;0;627;0;333
16;52;0;287;0;333
17;52;0;1266;0;333
18;52;0;1272;0;333
20;52;0;623;0;333
21;52;0;287;0;333
23;52;0;3101;0;333
24;52;0;3093;0;333
25;52;0;635;0;333
25;52;0;627;0;333
26;52;0;287;0;333
27;52;0;287;0;333
28;52;0;287;0;333
29;52;0;287;0;333
30;52;0;287;0;333
31;52;0;287;0;333
32;52;0;287;0;333
33;52;0;287;0;333
35;52;0;1272;0;333
36;52;0;3093;0;333
37;52;0;629;0;333
38;52;0;287;0;333
39;52;0;1266;0;333
40;52;0;3093;0;333
41;52;0;623;0;333
42;52;0;287;0;333
43;52;0;287;0;333
44;52;0;287;0;333
45;52;0;287;0;333
46;52;0;287;0;333
47;52;0;287;0;333
48;52;0;287;0;333
49;52;0;287;0;333
50;52;0;287;0;333
51;52;0;287;0;333
52;52;0;287;0;333
53;52;0;287;0;333
54;52;0;287;0;333
55;52;0;287;0;333
56;52;0;287;0;333
57;52;0;627;0;333
58;52;0;629;0;333
59;52;0;628;0;333
60;52;0;629;0;333
61;52;0;287;0;333
64;52;0;1266;0;333
64;52;0;1272;0;333
65;52;0;403;0;333
66;52;0;634;0;333
67;52;0;287;0;333
68;52;0;287;0;333
69;52;0;287;0;333
70;52;0;622;0;333
71;52;0;287;0;333
73;52;0;1272;0;333
74;52;0;287;0;333
74;52;0;623;0;333
2;53;0;287;0;333
3;53;0;287;0;333
6;53;0;3101;0;333
7;53;0;628;0;333
8;53;0;287;0;333
9;53;0;287;0;333
10;53;0;287;0;333
11;53;0;287;0;333
15;53;0;629;0;333
16;53;0;287;0;333
18;53;0;424;0;333
18;53;0;410;0;333
19;53;0;627;0;333
20;53;0;287;0;333
21;53;0;287;0;333
23;53;0;1257;0;333
24;53;0;1266;0;333
25;53;0;623;0;333
26;53;0;287;0;333
27;53;0;287;0;333
28;53;0;287;0;333
29;53;0;287;0;333
30;53;0;287;0;333
31;53;0;287;0;333
32;53;0;287;0;333
33;53;0;287;0;333
34;53;0;287;0;333
35;53;0;914;0;333
35;53;0;3094;0;333
36;53;0;1272;0;333
37;53;0;628;0;333
38;53;0;287;0;333
40;53;0;914;0;333
41;53;0;628;0;333
42;53;0;287;0;333
43;53;0;287;0;333
44;53;0;287;0;333
45;53;0;287;0;333
46;53;0;287;0;333
47;53;0;287;0;333
48;53;0;287;0;333
49;53;0;628;0;333
50;53;0;622;0;333
50;53;0;624;0;333
51;53;0;622;0;333
52;53;0;622;0;333
53;53;0;622;0;333
53;53;0;624;0;333
54;53;0;629;0;333
55;53;0;627;0;333
56;53;0;628;0;333
58;53;0;1266;0;333
58;53;0;425;0;333
59;53;0;1272;0;333
59;53;0;424;0;333
59;53;0;425;0;333
60;53;0;627;0;333
61;53;0;287;0;333
64;53;0;1276;0;333
65;53;0;1272;0;333
66;53;0;634;0;333
67;53;0;287;0;333
68;53;0;287;0;333
69;53;0;287;0;333
70;53;0;622;0;333
71;53;0;622;0;333
72;53;0;1266;0;333
73;53;0;3098;0;333
74;53;0;287;0;333
74;53;0;628;0;333
2;54;0;287;0;333
3;54;0;287;0;333
7;54;0;635;0;333
7;54;0;628;0;333
8;54;0;287;0;333
9;54;0;287;0;333
10;54;0;287;0;333
11;54;0;287;0;333
13;54;0;391;0;333
13;54;0;3094;0;333
14;54;0;1272;0;333
14;54;0;3101;0;333
15;54;0;597;0;333
15;54;0;426;0;333
15;54;0;405;0;333
16;54;0;287;0;333
17;54;0;1254;0;333
17;54;0;3094;0;333
18;54;0;424;0;333
19;54;0;628;0;333
20;54;0;287;0;333
21;54;0;287;0;333
24;54;0;2038;0;333
24;54;0;3093;0;333
25;54;0;629;0;333
26;54;0;622;0;333
27;54;0;622;0;333
28;54;0;628;0;333
29;54;0;623;0;333
30;54;0;628;0;333
31;54;0;627;0;333
32;54;0;628;0;333
33;54;0;629;0;333
34;54;0;287;0;333
37;54;0;627;0;333
38;54;0;287;0;333
39;54;0;1266;0;333
40;54;0;1265;0;333
40;54;0;1276;0;333
40;54;0;3093;0;333
41;54;0;627;0;333
42;54;0;287;0;333
43;54;0;287;0;333
44;54;0;287;0;333
45;54;0;287;0;333
46;54;0;287;0;333
47;54;0;287;0;333
51;54;0;3095;0;333
52;54;0;423;0;333
55;54;0;3095;0;333
56;54;0;1272;0;333
56;54;0;1276;0;333
57;54;0;1266;0;333
58;54;0;2832;0;333
59;54;0;1272;0;333
59;54;0;424;0;333
60;54;0;628;0;333
61;54;0;287;0;333
64;54;0;3101;0;333
66;54;0;634;0;333
67;54;0;287;0;333
68;54;0;287;0;333
69;54;0;287;0;333
70;54;0;622;0;333
73;54;0;3097;0;333
74;54;0;287;0;333
74;54;0;629;0;333
2;55;0;287;0;333
3;55;0;287;0;333
5;55;0;3094;0;333
5;55;0;2937;0;333
6;55;0;231;0;333
7;55;0;635;0;333
7;55;0;1245;0;333
7;55;0;403;0;333
8;55;0;287;0;333
9;55;0;287;0;333
10;55;0;287;0;333
11;55;0;287;0;333
15;55;0;598;0;333
16;55;0;287;0;333
19;55;0;623;0;333
20;55;0;287;0;333
21;55;0;287;0;333
24;55;0;1265;0;333
25;55;0;1254;0;333
26;55;0;425;0;333
27;55;0;3095;0;333
27;55;0;425;0;333
28;55;0;2038;0;333
28;55;0;3093;0;333
29;55;0;629;0;333
31;55;0;1265;0;333
31;55;0;914;0;333
31;55;0;3101;0;333
31;55;0;425;0;333
32;55;0;424;0;333
32;55;0;425;0;333
33;55;0;623;0;333
34;55;0;287;0;333
37;55;0;623;0;333
37;55;0;625;0;333
38;55;0;287;0;333
39;55;0;1265;0;333
40;55;0;2038;0;333
41;55;0;628;0;333
42;55;0;287;0;333
43;55;0;287;0;333
44;55;0;287;0;333
45;55;0;287;0;333
46;55;0;287;0;333
47;55;0;287;0;333
49;55;0;914;0;333
52;55;0;1266;0;333
53;55;0;3096;0;333
54;55;0;1276;0;333
55;55;0;1266;0;333
56;55;0;375;0;333
56;55;0;3101;0;333
58;55;0;1272;0;333
59;55;0;1254;0;333
60;55;0;623;0;333
61;55;0;287;0;333
64;55;0;1266;0;333
65;55;0;424;0;333
66;55;0;634;0;333
66;55;0;629;0;333
66;55;0;628;0;333
67;55;0;287;0;333
68;55;0;287;0;333
69;55;0;287;0;333
70;55;0;622;0;333
72;55;0;1265;0;333
73;55;0;627;0;333
74;55;0;287;0;333
2;56;0;287;0;333
3;56;0;287;0;333
5;56;0;1266;0;333
5;56;0;375;0;333
6;56;0;1251;0;333
7;56;0;635;0;333
7;56;0;391;0;333
8;56;0;287;0;333
9;56;0;287;0;333
10;56;0;287;0;333
11;56;0;287;0;333
13;56;0;1266;0;333
13;56;0;3097;0;333
14;56;0;1272;0;333
15;56;0;623;0;333
16;56;0;287;0;333
17;56;0;1266;0;333
17;56;0;1272;0;333
18;56;0;375;0;333
19;56;0;623;0;333
19;56;0;625;0;333
20;56;0;287;0;333
21;56;0;287;0;333
23;56;0;1266;0;333
26;56;0;3101;0;333
27;56;0;1266;0;333
28;56;0;3096;0;333
30;56;0;1266;0;333
31;56;0;28;0;333
32;56;0;2856;0;333
32;56;0;424;0;333
33;56;0;623;0;333
34;56;0;287;0;333
35;56;0;3101;0;333
36;56;0;375;0;333
36;56;0;3093;0;333
37;56;0;623;0;333
38;56;0;287;0;333
41;56;0;596;0;333
41;56;0;625;0;333
41;56;0;914;0;333
42;56;0;287;0;333
43;56;0;287;0;333
44;56;0;287;0;333
45;56;0;287;0;333
46;56;0;287;0;333
47;56;0;287;0;333
51;56;0;627;0;333
58;56;0;3098;0;333
59;56;0;3098;0;333
59;56;0;414;0;333
60;56;0;628;0;333
61;56;0;287;0;333
64;56;0;1272;0;333
65;56;0;3093;0;333
65;56;0;424;0;333
66;56;0;627;0;333
66;56;0;424;0;333
67;56;0;287;0;333
68;56;0;287;0;333
69;56;0;287;0;333
70;56;0;622;0;333
72;56;0;1266;0;333
73;56;0;600;0;333
73;56;0;596;0;333
74;56;0;287;0;333
2;57;0;287;0;333
3;57;0;287;0;333
5;57;0;3101;0;333
6;57;0;375;0;333
7;57;0;680;0;333
8;57;0;287;0;333
9;57;0;287;0;333
10;57;0;287;0;333
11;57;0;287;0;333
13;57;0;914;0;333
13;57;0;2856;0;333
14;57;0;3097;0;333
15;57;0;628;0;333
16;57;0;287;0;333
18;57;0;3101;0;333
19;57;0;623;0;333
20;57;0;287;0;333
21;57;0;287;0;333
23;57;0;3100;0;333
24;57;0;1272;0;333
24;57;0;3101;0;333
24;57;0;3100;0;333
25;57;0;3100;0;333
32;57;0;3101;0;333
33;57;0;627;0;333
34;57;0;287;0;333
35;57;0;1265;0;333
36;57;0;1266;0;333
36;57;0;1272;0;333
36;57;0;2038;0;333
37;57;0;623;0;333
37;57;0;625;0;333
38;57;0;287;0;333
39;57;0;3094;0;333
41;57;0;596;0;333
41;57;0;914;0;333
42;57;0;287;0;333
43;57;0;287;0;333
44;57;0;287;0;333
45;57;0;287;0;333
46;57;0;287;0;333
47;57;0;287;0;333
51;57;0;635;0;333
51;57;0;628;0;333
52;57;0;287;0;333
53;57;0;287;0;333
54;57;0;287;0;333
55;57;0;287;0;333
56;57;0;287;0;333
58;57;0;1273;0;333
59;57;0;3098;0;333
60;57;0;627;0;333
61;57;0;287;0;333
65;57;0;1254;0;333
65;57;0;3101;0;333
65;57;0;427;0;333
66;57;0;628;0;333
67;57;0;287;0;333
68;57;0;287;0;333
69;57;0;287;0;333
70;57;0;622;0;333
71;57;0;1266;0;333
72;57;0;3101;0;333
73;57;0;622;0;333
74;57;0;287;0;333
2;58;0;287;0;333
3;58;0;287;0;333
6;58;0;3101;0;333
7;58;0;634;0;333
8;58;0;287;0;333
9;58;0;287;0;333
10;58;0;287;0;333
11;58;0;287;0;333
12;58;0;287;0;333
13;58;0;287;0;333
14;58;0;287;0;333
15;58;0;287;0;333
16;58;0;287;0;333
18;58;0;3093;0;333
18;58;0;424;0;333
19;58;0;628;0;333
20;58;0;287;0;333
21;58;0;287;0;333
22;58;0;287;0;333
25;58;0;287;0;333
26;58;0;287;0;333
27;58;0;287;0;333
28;58;0;287;0;333
29;58;0;287;0;333
30;58;0;287;0;333
33;58;0;287;0;333
34;58;0;287;0;333
36;58;0;1246;0;333
37;58;0;628;0;333
38;58;0;287;0;333
40;58;0;3101;0;333
41;58;0;596;0;333
41;58;0;1247;0;333
42;58;0;287;0;333
43;58;0;287;0;333
44;58;0;287;0;333
45;58;0;287;0;333
46;58;0;287;0;333
47;58;0;287;0;333
49;58;0;1266;0;333
49;58;0;3094;0;333
51;58;0;635;0;333
51;58;0;66;0;333
52;58;0;287;0;333
53;58;0;287;0;333
54;58;0;287;0;333
55;58;0;287;0;333
56;58;0;287;0;333
58;58;0;1266;0;333
59;58;0;1276;0;333
60;58;0;629;0;333
61;58;0;287;0;333
65;58;0;424;0;333
66;58;0;629;0;333
67;58;0;287;0;333
68;58;0;287;0;333
69;58;0;287;0;333
70;58;0;622;0;333
72;58;0;1272;0;333
72;58;0;3093;0;333
73;58;0;627;0;333
74;58;0;287;0;333
2;59;0;287;0;333
3;59;0;287;0;333
5;59;0;1272;0;333
6;59;0;3093;0;333
7;59;0;682;0;333
7;59;0;691;0;333
8;59;0;287;0;333
9;59;0;287;0;333
10;59;0;287;0;333
11;59;0;287;0;333
12;59;0;287;0;333
13;59;0;287;0;333
14;59;0;287;0;333
15;59;0;287;0;333
16;59;0;287;0;333
17;59;0;1272;0;333
18;59;0;1266;0;333
19;59;0;627;0;333
20;59;0;287;0;333
21;59;0;287;0;333
22;59;0;287;0;333
22;59;0;287;0;333
23;59;0;287;0;333
24;59;0;287;0;333
25;59;0;287;0;333
26;59;0;287;0;333
27;59;0;287;0;333
28;59;0;287;0;333
29;59;0;287;0;333
30;59;0;287;0;333
31;59;0;287;0;333
32;59;0;287;0;333
32;59;0;287;0;333
33;59;0;287;0;333
34;59;0;287;0;333
35;59;0;1266;0;333
35;59;0;3101;0;333
36;59;0;1266;0;333
37;59;0;627;0;333
38;59;0;287;0;333
41;59;0;596;0;333
41;59;0;627;0;333
42;59;0;287;0;333
43;59;0;287;0;333
44;59;0;287;0;333
45;59;0;287;0;333
46;59;0;287;0;333
47;59;0;287;0;333
50;59;0;1265;0;333
50;59;0;3093;0;333
50;59;0;424;0;333
51;59;0;635;0;333
51;59;0;623;0;333
52;59;0;287;0;333
53;59;0;287;0;333
54;59;0;287;0;333
55;59;0;287;0;333
56;59;0;287;0;333
59;59;0;1266;0;333
59;59;0;1272;0;333
60;59;0;623;0;333
60;59;0;625;0;333
61;59;0;287;0;333
64;59;0;1272;0;333
65;59;0;691;0;333
66;59;0;634;0;333
66;59;0;628;0;333
67;59;0;287;0;333
68;59;0;287;0;333
69;59;0;287;0;333
70;59;0;622;0;333
71;59;0;1272;0;333
73;59;0;628;0;333
74;59;0;287;0;333
2;60;0;287;0;333
3;60;0;287;0;333
6;60;0;2038;0;333
7;60;0;635;0;333
7;60;0;403;0;333
8;60;0;287;0;333
9;60;0;287;0;333
10;60;0;287;0;333
11;60;0;287;0;333
12;60;0;287;0;333
13;60;0;287;0;333
14;60;0;287;0;333
15;60;0;287;0;333
16;60;0;287;0;333
17;60;0;1265;0;333
17;60;0;3101;0;333
19;60;0;623;0;333
20;60;0;287;0;333
21;60;0;287;0;333
22;60;0;287;0;333
23;60;0;287;0;333
24;60;0;287;0;333
25;60;0;287;0;333
26;60;0;287;0;333
27;60;0;287;0;333
28;60;0;287;0;333
29;60;0;287;0;333
30;60;0;287;0;333
31;60;0;287;0;333
32;60;0;287;0;333
33;60;0;287;0;333
37;60;0;623;0;333
38;60;0;287;0;333
39;60;0;1272;0;333
40;60;0;1254;0;333
41;60;0;1266;0;333
41;60;0;1272;0;333
41;60;0;627;0;333
42;60;0;287;0;333
43;60;0;287;0;333
44;60;0;287;0;333
45;60;0;287;0;333
46;60;0;287;0;333
47;60;0;287;0;333
49;60;0;1265;0;333
50;60;0;424;0;333
51;60;0;628;0;333
52;60;0;287;0;333
53;60;0;287;0;333
54;60;0;287;0;333
55;60;0;287;0;333
56;60;0;287;0;333
59;60;0;3093;0;333
60;60;0;623;0;333
61;60;0;287;0;333
65;60;0;680;0;333
66;60;0;688;0;333
67;60;0;287;0;333
68;60;0;287;0;333
69;60;0;287;0;333
70;60;0;622;0;333
71;60;0;1272;0;333
71;60;0;1254;0;333
72;60;0;1265;0;333
73;60;0;627;0;333
74;60;0;287;0;333
2;61;0;287;0;333
3;61;0;287;0;333
5;61;0;3101;0;333
7;61;0;635;0;333
7;61;0;627;0;333
8;61;0;287;0;333
9;61;0;622;0;333
10;61;0;622;0;333
10;61;0;624;0;333
11;61;0;622;0;333
12;61;0;627;0;333
13;61;0;287;0;333
14;61;0;287;0;333
15;61;0;287;0;333
16;61;0;287;0;333
19;61;0;626;0;333
20;61;0;287;0;333
21;61;0;287;0;333
22;61;0;287;0;333
23;61;0;287;0;333
24;61;0;287;0;333
25;61;0;287;0;333
26;61;0;287;0;333
27;61;0;287;0;333
28;61;0;287;0;333
29;61;0;287;0;333
30;61;0;287;0;333
31;61;0;287;0;333
32;61;0;287;0;333
33;61;0;287;0;333
35;61;0;232;0;333
37;61;0;628;0;333
38;61;0;287;0;333
39;61;0;3101;0;333
41;61;0;629;0;333
42;61;0;622;0;333
43;61;0;3099;0;333
43;61;0;426;0;333
43;61;0;405;0;333
44;61;0;626;0;333
45;61;0;287;0;333
46;61;0;287;0;333
47;61;0;287;0;333
50;61;0;1266;0;333
50;61;0;914;0;333
50;61;0;1254;0;333
50;61;0;424;0;333
51;61;0;623;0;333
52;61;0;287;0;333
53;61;0;287;0;333
54;61;0;287;0;333
55;61;0;287;0;333
56;61;0;287;0;333
59;61;0;2038;0;333
60;61;0;626;0;333
61;61;0;287;0;333
64;61;0;1266;0;333
64;61;0;3093;0;333
65;61;0;682;0;333
66;61;0;690;0;333
67;61;0;287;0;333
68;61;0;287;0;333
69;61;0;287;0;333
70;61;0;622;0;333
73;61;0;629;0;333
74;61;0;287;0;333
2;62;0;287;0;333
3;62;0;287;0;333
6;62;0;1276;0;333
7;62;0;629;0;333
8;62;0;287;0;333
9;62;0;2038;0;333
10;62;0;1266;0;333
10;62;0;3099;0;333
11;62;0;1245;0;333
11;62;0;425;0;333
12;62;0;629;0;333
13;62;0;628;0;333
14;62;0;628;0;333
15;62;0;627;0;333
16;62;0;629;0;333
17;62;0;3101;0;333
18;62;0;1266;0;333
18;62;0;3100;0;333
19;62;0;627;0;333
20;62;0;287;0;333
21;62;0;287;0;333
22;62;0;287;0;333
23;62;0;287;0;333
24;62;0;287;0;333
25;62;0;287;0;333
26;62;0;287;0;333
27;62;0;287;0;333
28;62;0;287;0;333
29;62;0;287;0;333
30;62;0;287;0;333
31;62;0;287;0;333
32;62;0;287;0;333
33;62;0;287;0;333
35;62;0;3094;0;333
36;62;0;3093;0;333
37;62;0;623;0;333
38;62;0;287;0;333
39;62;0;914;0;333
40;62;0;1266;0;333
42;62;0;1272;0;333
42;62;0;1254;0;333
43;62;0;1266;0;333
44;62;0;623;0;333
45;62;0;287;0;333
46;62;0;287;0;333
47;62;0;287;0;333
49;62;0;3094;0;333
50;62;0;1266;0;333
50;62;0;424;0;333
51;62;0;623;0;333
52;62;0;287;0;333
53;62;0;287;0;333
54;62;0;287;0;333
55;62;0;287;0;333
56;62;0;287;0;333
58;62;0;1266;0;333
60;62;0;628;0;333
61;62;0;287;0;333
63;62;0;1266;0;333
63;62;0;1272;0;333
63;62;0;3101;0;333
64;62;0;375;0;333
64;62;0;3101;0;333
65;62;0;689;0;333
65;62;0;403;0;333
65;62;0;391;0;333
66;62;0;634;0;333
67;62;0;287;0;333
68;62;0;287;0;333
69;62;0;287;0;333
70;62;0;622;0;333
71;62;0;1266;0;333
72;62;0;1266;0;333
72;62;0;3093;0;333
73;62;0;626;0;333
74;62;0;287;0;333
2;63;0;287;0;333
3;63;0;287;0;333
5;63;0;375;0;333
6;63;0;3101;0;333
7;63;0;597;0;333
8;63;0;287;0;333
9;63;0;1266;0;333
9;63;0;3099;0;333
10;63;0;3101;0;333
10;63;0;28;0;333
12;63;0;425;0;333
13;63;0;425;0;333
14;63;0;3095;0;333
14;63;0;3101;0;333
15;63;0;425;0;333
16;63;0;1266;0;333
17;63;0;1266;0;333
18;63;0;3100;0;333
18;63;0;2038;0;333
19;63;0;287;0;333
20;63;0;287;0;333
21;63;0;628;0;333
22;63;0;627;0;333
23;63;0;628;0;333
24;63;0;626;0;333
25;63;0;629;0;333
26;63;0;628;0;333
27;63;0;629;0;333
28;63;0;622;0;333
28;63;0;624;0;333
29;63;0;622;0;333
30;63;0;597;0;333
30;63;0;3095;0;333
31;63;0;597;0;333
31;63;0;425;0;333
31;63;0;426;0;333
31;63;0;405;0;333
31;63;0;3095;0;333
32;63;0;597;0;333
32;63;0;425;0;333
32;63;0;3095;0;333
33;63;0;622;0;333
34;63;0;628;0;333
36;63;0;66;0;333
37;63;0;628;0;333
38;63;0;287;0;333
39;63;0;3098;0;333
40;63;0;1265;0;333
41;63;0;1272;0;333
42;63;0;1266;0;333
42;63;0;3101;0;333
44;63;0;629;0;333
45;63;0;287;0;333
46;63;0;287;0;333
47;63;0;287;0;333
51;63;0;635;0;333
51;63;0;628;0;333
52;63;0;287;0;333
53;63;0;287;0;333
54;63;0;287;0;333
55;63;0;287;0;333
56;63;0;287;0;333
58;63;0;3094;0;333
59;63;0;3101;0;333
60;63;0;629;0;333
61;63;0;287;0;333
63;63;0;405;0;333
64;63;0;1272;0;333
64;63;0;3101;0;333
65;63;0;1251;0;333
65;63;0;691;0;333
66;63;0;634;0;333
67;63;0;287;0;333
68;63;0;287;0;333
69;63;0;287;0;333
70;63;0;622;0;333
71;63;0;1272;0;333
73;63;0;623;0;333
74;63;0;287;0;333
2;64;0;287;0;333
3;64;0;287;0;333
5;64;0;1266;0;333
5;64;0;3094;0;333
6;64;0;1265;0;333
7;64;0;598;0;333
8;64;0;287;0;333
10;64;0;1272;0;333
11;64;0;1265;0;333
19;64;0;287;0;333
20;64;0;287;0;333
21;64;0;3100;0;333
22;64;0;3100;0;333
22;64;0;3095;0;333
24;64;0;3095;0;333
27;64;0;1276;0;333
28;64;0;914;0;333
31;64;0;3101;0;333
32;64;0;375;0;333
32;64;0;3095;0;333
35;64;0;1272;0;333
36;64;0;3097;0;333
37;64;0;623;0;333
38;64;0;287;0;333
39;64;0;1272;0;333
39;64;0;3098;0;333
40;64;0;1266;0;333
43;64;0;3100;0;333
44;64;0;628;0;333
45;64;0;287;0;333
46;64;0;287;0;333
47;64;0;287;0;333
51;64;0;635;0;333
52;64;0;287;0;333
53;64;0;287;0;333
54;64;0;287;0;333
55;64;0;287;0;333
56;64;0;287;0;333
58;64;0;1272;0;333
59;64;0;1266;0;333
60;64;0;623;0;333
61;64;0;287;0;333
65;64;0;680;0;333
66;64;0;688;0;333
67;64;0;287;0;333
68;64;0;287;0;333
69;64;0;287;0;333
70;64;0;628;0;333
73;64;0;422;0;333
74;64;0;287;0;333
2;65;0;287;0;333
3;65;0;287;0;333
7;65;0;627;0;333
8;65;0;287;0;333
13;65;0;287;0;333
14;65;0;287;0;333
15;65;0;287;0;333
16;65;0;287;0;333
17;65;0;287;0;333
18;65;0;287;0;333
18;65;0;287;0;333
19;65;0;287;0;333
20;65;0;287;0;333
24;65;0;1272;0;333
24;65;0;3101;0;333
27;65;0;2937;0;333
29;65;0;3096;0;333
31;65;0;1266;0;333
32;65;0;1272;0;333
32;65;0;3096;0;333
34;65;0;375;0;333
36;65;0;1272;0;333
36;65;0;3097;0;333
36;65;0;2038;0;333
37;65;0;627;0;333
38;65;0;287;0;333
41;65;0;2937;0;333
43;65;0;3093;0;333
43;65;0;3100;0;333
44;65;0;627;0;333
45;65;0;287;0;333
46;65;0;287;0;333
47;65;0;287;0;333
50;65;0;1254;0;333
50;65;0;427;0;333
50;65;0;424;0;333
51;65;0;629;0;333
52;65;0;287;0;333
53;65;0;287;0;333
54;65;0;287;0;333
55;65;0;287;0;333
56;65;0;287;0;333
59;65;0;1272;0;333
60;65;0;628;0;333
61;65;0;287;0;333
63;65;0;1272;0;333
64;65;0;1266;0;333
64;65;0;3093;0;333
65;65;0;682;0;333
66;65;0;690;0;333
67;65;0;287;0;333
68;65;0;287;0;333
69;65;0;287;0;333
71;65;0;1266;0;333
73;65;0;623;0;333
74;65;0;287;0;333
2;66;0;287;0;333
3;66;0;287;0;333
4;66;0;1266;0;333
4;66;0;1246;0;333
6;66;0;3093;0;333
7;66;0;629;0;333
8;66;0;287;0;333
9;66;0;287;0;333
10;66;0;287;0;333
11;66;0;287;0;333
11;66;0;287;0;333
12;66;0;287;0;333
13;66;0;287;0;333
14;66;0;287;0;333
15;66;0;287;0;333
16;66;0;287;0;333
17;66;0;287;0;333
18;66;0;287;0;333
19;66;0;287;0;333
20;66;0;287;0;333
21;66;0;1266;0;333
23;66;0;627;0;333
37;66;0;287;0;333
38;66;0;287;0;333
39;66;0;287;0;333
41;66;0;95;0;333
41;66;0;3101;0;333
42;66;0;1266;0;333
44;66;0;629;0;333
45;66;0;622;0;333
46;66;0;628;0;333
47;66;0;629;0;333
48;66;0;628;0;333
50;66;0;1266;0;333
50;66;0;3101;0;333
50;66;0;424;0;333
50;66;0;391;0;333
51;66;0;627;0;333
52;66;0;287;0;333
53;66;0;287;0;333
54;66;0;287;0;333
55;66;0;287;0;333
56;66;0;287;0;333
59;66;0;1266;0;333
60;66;0;627;0;333
61;66;0;287;0;333
63;66;0;1265;0;333
63;66;0;1250;0;333
65;66;0;1266;0;333
65;66;0;689;0;333
66;66;0;634;0;333
66;66;0;627;0;333
67;66;0;287;0;333
68;66;0;287;0;333
69;66;0;287;0;333
71;66;0;3101;0;333
71;66;0;16;0;333
72;66;0;3101;0;333
73;66;0;627;0;333
74;66;0;287;0;333
2;67;0;287;0;333
3;67;0;287;0;333
4;67;0;3100;0;333
7;67;0;628;0;333
8;67;0;287;0;333
9;67;0;287;0;333
10;67;0;287;0;333
11;67;0;287;0;333
12;67;0;287;0;333
13;67;0;287;0;333
14;67;0;287;0;333
15;67;0;287;0;333
16;67;0;287;0;333
17;67;0;287;0;333
18;67;0;287;0;333
19;67;0;287;0;333
20;67;0;287;0;333
22;67;0;3093;0;333
23;67;0;628;0;333
24;67;0;287;0;333
25;67;0;287;0;333
26;67;0;287;0;333
27;67;0;287;0;333
28;67;0;287;0;333
29;67;0;287;0;333
30;67;0;287;0;333
31;67;0;287;0;333
32;67;0;287;0;333
33;67;0;287;0;333
34;67;0;287;0;333
35;67;0;287;0;333
36;67;0;287;0;333
37;67;0;287;0;333
38;67;0;287;0;333
39;67;0;287;0;333
40;67;0;3098;0;333
40;67;0;3094;0;333
41;67;0;1254;0;333
44;67;0;1272;0;333
45;67;0;3101;0;333
46;67;0;1272;0;333
46;67;0;3095;0;333
48;67;0;1273;0;333
49;67;0;375;0;333
49;67;0;3101;0;333
50;67;0;375;0;333
50;67;0;2038;0;333
51;67;0;628;0;333
52;67;0;287;0;333
53;67;0;287;0;333
54;67;0;287;0;333
55;67;0;287;0;333
56;67;0;287;0;333
58;67;0;3094;0;333
59;67;0;1254;0;333
60;67;0;626;0;333
61;67;0;287;0;333
66;67;0;287;0;333
67;67;0;287;0;333
68;67;0;287;0;333
69;67;0;287;0;333
71;67;0;3101;0;333
72;67;0;2038;0;333
72;67;0;424;0;333
73;67;0;628;0;333
74;67;0;287;0;333
2;68;0;287;0;333
3;68;0;287;0;333
4;68;0;3100;0;333
6;68;0;1266;0;333
6;68;0;3101;0;333
7;68;0;629;0;333
8;68;0;627;0;333
9;68;0;629;0;333
10;68;0;627;0;333
11;68;0;600;0;333
11;68;0;628;0;333
12;68;0;628;0;333
13;68;0;629;0;333
14;68;0;622;0;333
15;68;0;622;0;333
15;68;0;624;0;333
16;68;0;622;0;333
17;68;0;622;0;333
18;68;0;628;0;333
19;68;0;626;0;333
20;68;0;629;0;333
21;68;0;1272;0;333
22;68;0;66;0;333
23;68;0;627;0;333
24;68;0;287;0;333
38;68;0;287;0;333
39;68;0;287;0;333
41;68;0;3098;0;333
41;68;0;3096;0;333
42;68;0;3098;0;333
42;68;0;3096;0;333
43;68;0;1265;0;333
45;68;0;914;0;333
48;68;0;1265;0;333
49;68;0;1266;0;333
50;68;0;1272;0;333
51;68;0;598;0;333
52;68;0;287;0;333
53;68;0;287;0;333
54;68;0;287;0;333
55;68;0;287;0;333
56;68;0;287;0;333
58;68;0;1272;0;333
59;68;0;3093;0;333
60;68;0;635;0;333
60;68;0;628;0;333
61;68;0;287;0;333
64;68;0;3093;0;333
65;68;0;626;0;333
66;68;0;622;0;333
67;68;0;628;0;333
68;68;0;627;0;333
69;68;0;629;0;333
72;68;0;424;0;333
73;68;0;629;0;333
74;68;0;287;0;333
2;69;0;287;0;333
3;69;0;287;0;333
4;69;0;3100;0;333
7;69;0;1272;0;333
9;69;0;1272;0;333
10;69;0;1266;0;333
11;69;0;3095;0;333
13;69;0;1266;0;333
16;69;0;3095;0;333
19;69;0;2038;0;333
22;69;0;3100;0;333
23;69;0;623;0;333
24;69;0;287;0;333
38;69;0;287;0;333
50;69;0;627;0;333
51;69;0;287;0;333
52;69;0;287;0;333
53;69;0;287;0;333
54;69;0;287;0;333
55;69;0;287;0;333
56;69;0;287;0;333
58;69;0;1254;0;333
59;69;0;3101;0;333
60;69;0;635;0;333
60;69;0;1246;0;333
61;69;0;287;0;333
63;69;0;3101;0;333
68;69;0;3101;0;333
71;69;0;28;0;333
72;69;0;2856;0;333
72;69;0;424;0;333
72;69;0;427;0;333
73;69;0;629;0;333
74;69;0;287;0;333
2;70;0;287;0;333
3;70;0;287;0;333
4;70;0;1266;0;333
6;70;0;3101;0;333
7;70;0;1272;0;333
7;70;0;1265;0;333
13;70;0;3096;0;333
14;70;0;914;0;333
18;70;0;1266;0;333
18;70;0;1272;0;333
19;70;0;3096;0;333
21;70;0;1266;0;333
21;70;0;3101;0;333
22;70;0;233;0;333
23;70;0;628;0;333
24;70;0;287;0;333
38;70;0;287;0;333
39;70;0;287;0;333
40;70;0;287;0;333
41;70;0;287;0;333
42;70;0;287;0;333
43;70;0;287;0;333
50;70;0;629;0;333
51;70;0;628;0;333
52;70;0;626;0;333
53;70;0;627;0;333
54;70;0;629;0;333
55;70;0;628;0;333
56;70;0;627;0;333
57;70;0;628;0;333
59;70;0;375;0;333
60;70;0;635;0;333
60;70;0;403;0;333
60;70;0;3093;0;333
61;70;0;287;0;333
63;70;0;3100;0;333
64;70;0;1272;0;333
64;70;0;3101;0;333
64;70;0;3100;0;333
67;70;0;1266;0;333
68;70;0;1266;0;333
71;70;0;1272;0;333
72;70;0;424;0;333
73;70;0;627;0;333
74;70;0;287;0;333
2;71;0;287;0;333
3;71;0;287;0;333
4;71;0;287;0;333
4;71;0;287;0;333
5;71;0;287;0;333
6;71;0;287;0;333
7;71;0;287;0;333
8;71;0;287;0;333
9;71;0;287;0;333
10;71;0;287;0;333
11;71;0;287;0;333
12;71;0;287;0;333
13;71;0;287;0;333
14;71;0;287;0;333
15;71;0;287;0;333
16;71;0;287;0;333
17;71;0;287;0;333
18;71;0;287;0;333
19;71;0;287;0;333
20;71;0;287;0;333
21;71;0;287;0;333
22;71;0;287;0;333
23;71;0;287;0;333
24;71;0;287;0;333
43;71;0;287;0;333
45;71;0;3100;0;333
49;71;0;1272;0;333
50;71;0;1272;0;333
52;71;0;1254;0;333
54;71;0;2937;0;333
54;71;0;18;0;333
57;71;0;3095;0;333
58;71;0;1272;0;333
58;71;0;3101;0;333
60;71;0;635;0;333
60;71;0;914;0;333
61;71;0;287;0;333
70;71;0;1266;0;333
72;71;0;3099;0;333
72;71;0;424;0;333
73;71;0;623;0;333
74;71;0;287;0;333
43;72;0;287;0;333
45;72;0;3100;0;333
46;72;0;1254;0;333
47;72;0;2038;0;333
48;72;0;232;0;333
52;72;0;1272;0;333
53;72;0;3096;0;333
55;72;0;1266;0;333
55;72;0;1272;0;333
59;72;0;1276;0;333
59;72;0;3096;0;333
60;72;0;691;0;333
60;72;0;635;0;333
60;72;0;627;0;333
61;72;0;287;0;333
62;72;0;287;0;333
70;72;0;1254;0;333
72;72;0;1265;0;333
72;72;0;3099;0;333
73;72;0;627;0;333
74;72;0;287;0;333
43;73;0;287;0;333
44;73;0;287;0;333
45;73;0;287;0;333
46;73;0;287;0;333
47;73;0;287;0;333
48;73;0;287;0;333
49;73;0;287;0;333
50;73;0;287;0;333
51;73;0;287;0;333
52;73;0;287;0;333
53;73;0;287;0;333
54;73;0;287;0;333
55;73;0;287;0;333
56;73;0;287;0;333
57;73;0;287;0;333
58;73;0;287;0;333
59;73;0;287;0;333
60;73;0;683;0;333
60;73;0;690;0;333
60;73;0;287;0;333
61;73;0;287;0;333
62;73;0;287;0;333
63;73;0;287;0;333
64;73;0;287;0;333
65;73;0;287;0;333
66;73;0;287;0;333
67;73;0;287;0;333
68;73;0;287;0;333
69;73;0;287;0;333
70;73;0;287;0;333
71;73;0;287;0;333
72;73;0;287;0;333
73;73;0;287;0;333
74;73;0;287;0;333
43;74;0;287;0;333
44;74;0;287;0;333
45;74;0;287;0;333
46;74;0;287;0;333
47;74;0;287;0;333
48;74;0;287;0;333
49;74;0;287;0;333
50;74;0;287;0;333
51;74;0;287;0;333
52;74;0;287;0;333
53;74;0;287;0;333
54;74;0;287;0;333
55;74;0;287;0;333
56;74;0;287;0;333
57;74;0;287;0;333
58;74;0;287;0;333
59;74;0;287;0;333
60;74;0;287;0;333
61;74;0;287;0;333
62;74;0;287;0;333
63;74;0;287;0;333
64;74;0;287;0;333
65;74;0;287;0;333
66;74;0;287;0;333
67;74;0;287;0;333
68;74;0;287;0;333
69;74;0;287;0;333
70;74;0;287;0;333
71;74;0;287;0;333
72;74;0;287;0;333
73;74;0;287;0;333
74;74;0;287;0;333
