0;0;3087;333
1;0;3085;333
2;0;3085;333
3;0;3085;333
4;0;3085;333
5;0;3085;333
6;0;3085;333
7;0;3085;333
8;0;3085;333
9;0;3085;333
10;0;3085;333
11;0;3085;333
12;0;3085;333
13;0;3085;333
14;0;3085;333
15;0;3085;333
16;0;3085;333
17;0;3085;333
18;0;3085;333
19;0;3085;333
20;0;3085;333
21;0;3085;333
22;0;3085;333
23;0;3085;333
24;0;3085;333
25;0;3085;333
26;0;3085;333
27;0;3085;333
28;0;3085;333
29;0;3085;333
30;0;3085;333
31;0;3085;333
32;0;3085;333
33;0;3085;333
34;0;3085;333
35;0;3085;333
36;0;3085;333
37;0;3085;333
38;0;3092;333
0;1;3087;333
4;1;292;333
5;1;75;333
6;1;3095;333
7;1;3095;333
8;1;3095;333
9;1;292;333
10;1;3095;333
11;1;3095;333
14;1;401;333
16;1;3095;333
17;1;3095;333
20;1;75;333
21;1;401;333
22;1;3095;333
24;1;292;333
27;1;3095;333
29;1;401;333
30;1;3095;333
31;1;3095;333
32;1;321;333;data=36
33;1;292;333
34;1;3095;333
35;1;401;333
36;1;2038;333
37;1;3095;333
37;1;3101;333
38;1;3092;333
39;1;3085;333
40;1;3085;333
41;1;3085;333
42;1;3085;333
43;1;3085;333
44;1;3085;333
45;1;3085;333
46;1;3085;333
47;1;3085;333
48;1;3085;333
49;1;3085;333
50;1;3085;333
51;1;3085;333
52;1;3092;333
52;1;3085;333
53;1;3085;333
54;1;3085;333
55;1;3085;333
56;1;3085;333
57;1;3085;333
58;1;3085;333
59;1;3085;333
60;1;3085;333
61;1;3085;333
62;1;3085;333
63;1;3085;333
64;1;3085;333
65;1;3085;333
66;1;3085;333
67;1;3085;333
68;1;3085;333
69;1;3085;333
70;1;3085;333
71;1;3085;333
72;1;3085;333
73;1;3085;333
74;1;3085;333
75;1;3085;333
76;1;3085;333
77;1;3085;333
78;1;3085;333
79;1;3085;333
80;1;3085;333
81;1;3085;333
82;1;3085;333
83;1;3085;333
84;1;3085;333
85;1;3085;333
86;1;3085;333
87;1;3085;333
88;1;3085;333
89;1;3085;333
90;1;3085;333
91;1;3085;333
92;1;3085;333
93;1;3085;333
94;1;3085;333
95;1;3085;333
96;1;3085;333
97;1;3085;333
98;1;3085;333
0;2;3087;333
34;2;506;333
35;2;3094;333
37;2;75;333
38;2;3088;333
44;2;2905;333
49;2;2905;333
50;2;3095;333
51;2;3093;333
52;2;3088;333
55;2;3095;333
56;2;3095;333
57;2;3095;333
61;2;2927;333
89;2;3092;333
90;2;624;333
92;2;3092;333
93;2;3090;333
96;2;3088;333
97;2;3092;333
98;2;3088;333
0;3;3087;333
11;3;3093;333
12;3;3088;333
32;3;3096;333
34;3;3095;333
37;3;292;333
38;3;3088;333
41;3;337;333
42;3;337;333
43;3;337;333
44;3;337;333
45;3;337;333
46;3;337;333
47;3;337;333
48;3;337;333
49;3;337;333
50;3;337;333
51;3;3093;333
52;3;3088;333
55;3;3094;333
56;3;3093;333
57;3;3096;333
89;3;295;333
92;3;295;333
93;3;3092;333
94;3;624;333
96;3;3092;333
97;3;3092;333
98;3;3088;333
0;4;3087;333
11;4;3093;333
12;4;3088;333
31;4;3093;333
32;4;250;333
33;4;3094;333
35;4;298;333
35;4;1008;333
38;4;3088;333
38;4;304;333
50;4;395;333
51;4;3093;333
52;4;3088;333
54;4;3094;333
55;4;3094;333
56;4;3093;333
57;4;3088;333
62;4;301;333
63;4;301;333
64;4;301;333
65;4;301;333
66;4;301;333
67;4;301;333
68;4;301;333
69;4;301;333
70;4;301;333
71;4;301;333
72;4;301;333
73;4;301;333
74;4;301;333
75;4;301;333
76;4;301;333
77;4;301;333
78;4;301;333
79;4;301;333
80;4;301;333
81;4;301;333
82;4;301;333
83;4;301;333
84;4;301;333
85;4;301;333
86;4;301;333
87;4;301;333
87;4;1783;333
93;4;295;333
96;4;221;333
96;4;295;333
97;4;3088;333
98;4;3088;333
0;5;3087;333
1;5;3085;333
2;5;3085;333
3;5;3085;333
4;5;3085;333
5;5;3085;333
6;5;3085;333
7;5;3085;333
8;5;3085;333
9;5;3085;333
11;5;3093;333
12;5;3092;333
13;5;3085;333
14;5;3085;333
15;5;3085;333
16;5;3092;333
17;5;3085;333
18;5;3085;333
19;5;3085;333
20;5;3085;333
21;5;3085;333
22;5;3085;333
23;5;3085;333
24;5;3085;333
25;5;3092;333
32;5;3095;333
37;5;3093;333
38;5;3092;333
39;5;3085;333
40;5;3085;333
45;5;677;333
46;5;672;333
47;5;676;333
51;5;2906;333
51;5;361;333
52;5;3088;333
56;5;3093;333
56;5;3093;333
57;5;3088;333
62;5;1783;333
64;5;301;333
66;5;1783;333
68;5;301;333
70;5;301;333
71;5;301;333
87;5;301;333
88;5;1783;333
96;5;221;333
97;5;3088;333
98;5;3088;333
0;6;3087;333
4;6;3095;333
5;6;3095;333
6;6;3095;333
6;6;2907;333
7;6;3095;333
8;6;3095;333
9;6;3095;333
9;6;401;333
12;6;3095;333
12;6;401;333
13;6;3095;333
14;6;3095;333
14;6;2907;333
15;6;3095;333
16;6;3088;333
20;6;3095;333
21;6;3095;333
21;6;2937;333
21;6;3101;333
22;6;3095;333
23;6;2836;333
24;6;3095;333
25;6;3088;333
36;6;3096;333
37;6;3095;333
38;6;3095;333
39;6;3095;333
40;6;3095;333
45;6;674;333
46;6;172;333
47;6;675;333
51;6;3093;333
52;6;3088;333
56;6;3093;333
57;6;3088;333
62;6;301;333
64;6;301;333
66;6;301;333
68;6;301;333
71;6;301;333
72;6;1783;333
73;6;301;333
74;6;301;333
75;6;301;333
76;6;301;333
77;6;301;333
78;6;301;333
79;6;301;333
80;6;301;333
81;6;301;333
82;6;301;333
83;6;301;333
84;6;301;333
84;6;203;333
85;6;301;333
86;6;301;333
87;6;301;333
96;6;221;333
97;6;3088;333
98;6;3088;333
0;7;3087;333
4;7;513;333
9;7;3096;333
15;7;75;333
16;7;3088;333
21;7;75;333
22;7;172;333
23;7;3095;333
24;7;3093;333
25;7;3088;333
35;7;3096;333
36;7;3096;333
37;7;3094;333
38;7;3096;333
39;7;3096;333
45;7;678;333
46;7;673;333
47;7;679;333
50;7;395;333
51;7;3093;333
52;7;3092;333
53;7;3085;333
54;7;3085;333
55;7;3094;333
56;7;3093;333
57;7;3088;333
62;7;301;333
64;7;301;333
65;7;1783;333
66;7;301;333
68;7;301;333
69;7;301;333
71;7;1783;333
71;7;301;333
73;7;301;333
75;7;1783;333
87;7;301;333
96;7;221;333
97;7;3088;333
98;7;3088;333
0;8;3087;333
5;8;3096;333
8;8;1360;333
9;8;2915;333
10;8;1360;333
12;8;3096;333
15;8;3093;333
16;8;3088;333
24;8;292;333
25;8;3088;333
34;8;3093;333
35;8;3088;333
36;8;3094;333
51;8;3093;333
52;8;3095;333
53;8;2038;333
54;8;3095;333
56;8;3093;333
57;8;3088;333
62;8;301;333
66;8;301;333
67;8;1783;333
68;8;301;333
70;8;1783;333
71;8;301;333
72;8;1783;333
73;8;301;333
75;8;301;333
76;8;301;333
77;8;301;333
78;8;301;333
79;8;301;333
80;8;301;333
81;8;301;333
82;8;301;333
83;8;301;333
84;8;301;333
84;8;203;333
85;8;301;333
87;8;301;333
96;8;221;333
97;8;3088;333
98;8;3088;333
0;9;3087;333
4;9;3093;333
5;9;613;333
6;9;3094;333
10;9;3095;333
11;9;2038;333
11;9;3093;333
12;9;613;333
13;9;3094;333
15;9;3093;333
16;9;3088;333
20;9;3093;333
21;9;270;333
22;9;2850;333
24;9;3093;333
25;9;3088;333
34;9;3093;333
35;9;3088;333
50;9;3096;333
56;9;3093;333
57;9;3088;333
62;9;301;333
63;9;301;333
64;9;301;333
65;9;301;333
66;9;301;333
67;9;1783;333
68;9;301;333
70;9;301;333
71;9;301;333
73;9;301;333
75;9;301;333
77;9;1783;333
82;9;1783;333
83;9;1783;333
85;9;301;333
87;9;301;333
96;9;221;333
97;9;3088;333
98;9;3088;333
0;10;3087;333
5;10;3095;333
6;10;2038;333
12;10;2937;333
12;10;3095;333
15;10;3093;333
16;10;3088;333
24;10;3093;333
24;10;403;333
25;10;3092;333
26;10;3085;333
27;10;3085;333
28;10;3085;333
29;10;3085;333
30;10;3085;333
31;10;3085;333
32;10;3085;333
34;10;3093;333
35;10;3092;333
36;10;3085;333
37;10;3085;333
38;10;3092;333
51;10;3094;333
56;10;3093;333
57;10;3088;333
62;10;301;333
63;10;1783;333
64;10;1783;333
68;10;301;333
71;10;301;333
73;10;301;333
75;10;301;333
77;10;301;333
78;10;301;333
79;10;301;333
80;10;301;333
81;10;301;333
82;10;301;333
83;10;301;333
85;10;301;333
87;10;301;333
96;10;221;333
97;10;3088;333
98;10;3088;333
0;11;3087;333
6;11;75;333
16;11;3088;333
25;11;3095;333
26;11;3095;333
27;11;292;333
28;11;3095;333
29;11;292;333
30;11;292;333
31;11;3095;333
32;11;3095;333
35;11;3095;333
36;11;3095;333
37;11;75;333
38;11;3088;333
51;11;3094;333
56;11;403;333
57;11;3088;333
62;11;301;333
64;11;301;333
65;11;301;333
66;11;301;333
67;11;301;333
68;11;301;333
69;11;301;333
69;11;203;333
70;11;1783;333
71;11;301;333
73;11;301;333
75;11;301;333
77;11;301;333
79;11;1783;333
83;11;301;333
85;11;301;333
87;11;301;333
96;11;221;333
97;11;3088;333
98;11;3088;333
0;12;3087;333
7;12;2937;333
15;12;3093;333
16;12;3088;333
37;12;403;333
38;12;3092;333
39;12;3085;333
40;12;3085;333
41;12;3085;333
42;12;3085;333
43;12;3085;333
44;12;3085;333
45;12;3085;333
46;12;3085;333
47;12;3085;333
48;12;3092;333
51;12;3094;333
52;12;337;333
53;12;337;333
54;12;337;333
55;12;337;333
56;12;3093;333
57;12;3088;333
62;12;301;333
64;12;301;333
66;12;1783;333
68;12;301;333
70;12;1783;333
71;12;301;333
73;12;301;333
75;12;301;333
77;12;301;333
79;12;301;333
80;12;301;333
81;12;301;333
83;12;301;333
85;12;301;333
87;12;301;333
96;12;221;333
97;12;3088;333
98;12;3088;333
0;13;3087;333
5;13;3096;333
12;13;3096;333
15;13;3093;333
16;13;3088;333
38;13;3095;333
39;13;3095;333
40;13;3095;333
43;13;3095;333
44;13;3095;333
45;13;2907;333
46;13;3095;333
48;13;3088;333
51;13;3094;333
56;13;3093;333
57;13;3088;333
62;13;301;333
64;13;301;333
66;13;301;333
68;13;301;333
70;13;301;333
71;13;301;333
73;13;301;333
75;13;301;333
75;13;203;333
77;13;301;333
79;13;301;333
80;13;1783;333
80;13;2862;333
81;13;301;333
83;13;301;333
85;13;301;333
87;13;301;333
96;13;221;333
97;13;3088;333
98;13;3088;333
0;14;3087;333
4;14;3093;333
5;14;613;333
6;14;3094;333
10;14;2937;333
11;14;3093;333
11;14;403;333
12;14;613;333
13;14;3094;333
15;14;75;333
16;14;3088;333
47;14;292;333
48;14;3088;333
51;14;3094;333
52;14;337;333
53;14;337;333
54;14;337;333
55;14;337;333
56;14;403;333
57;14;3088;333
62;14;301;333
63;14;1783;333
64;14;301;333
65;14;1783;333
66;14;301;333
71;14;301;333
73;14;301;333
75;14;301;333
75;14;203;333
77;14;301;333
79;14;1783;333
80;14;1783;333
81;14;301;333
83;14;301;333
85;14;301;333
87;14;301;333
96;14;221;333
97;14;3092;333
98;14;3088;333
0;15;3087;333
5;15;3095;333
5;15;401;333
7;15;2038;333
12;15;3095;333
15;15;3093;333
16;15;3088;333
27;15;3096;333
48;15;3088;333
51;15;3094;333
56;15;3093;333
57;15;3088;333
62;15;301;333
66;15;301;333
68;15;301;333
69;15;301;333
71;15;301;333
73;15;301;333
75;15;301;333
77;15;301;333
81;15;301;333
83;15;301;333
85;15;301;333
87;15;301;333
95;15;221;333
96;15;3092;333
97;15;3085;333
98;15;3085;333
0;16;3087;333
16;16;3088;333
26;16;3093;333
27;16;3088;333
42;16;3096;333
47;16;3093;333
48;16;3088;333
51;16;3094;333
52;16;337;333
53;16;337;333
54;16;337;333
55;16;337;333
57;16;3088;333
62;16;301;333
63;16;301;333
64;16;301;333
65;16;301;333
65;16;203;333
66;16;301;333
67;16;1813;333
68;16;301;333
69;16;1783;333
71;16;301;333
73;16;301;333
75;16;301;333
77;16;301;333
79;16;29;333
81;16;301;333
83;16;301;333
83;16;203;333
85;16;301;333
87;16;301;333
0;17;3087;333
11;17;2937;333
12;17;215;333
15;17;3093;333
16;17;3092;333
17;17;3088;333
18;17;3085;333
19;17;3085;333
20;17;3085;333
21;17;3085;333
22;17;3085;333
23;17;3085;333
26;17;3093;333
27;17;3092;333
28;17;3085;333
29;17;3085;333
30;17;3085;333
31;17;3085;333
32;17;3092;333
33;17;3085;333
34;17;3085;333
35;17;3085;333
36;17;3085;333
37;17;3085;333
38;17;3085;333
39;17;3085;333
40;17;3085;333
41;17;3085;333
42;17;3085;333
48;17;3088;333
57;17;3088;333
62;17;301;333
63;17;1783;333
68;17;301;333
70;17;301;333
71;17;301;333
73;17;301;333
75;17;301;333
77;17;301;333
81;17;301;333
83;17;301;333
85;17;301;333
86;17;1783;333
87;17;301;333
96;17;625;333
0;18;3087;333
5;18;3096;333
8;18;525;333
10;18;3094;333
12;18;2937;333
12;18;3096;333
16;18;3095;333
17;18;3088;333
21;18;3095;333
22;18;292;333
23;18;3095;333
27;18;3095;333
28;18;525;333
30;18;3095;333
32;18;3088;333
36;18;3095;333
37;18;220;333
37;18;2038;333
37;18;3101;333
38;18;3095;333
40;18;524;333
40;18;2038;333
42;18;3095;333
47;18;75;333
48;18;3088;333
57;18;3088;333
62;18;301;333
64;18;301;333
65;18;301;333
66;18;301;333
67;18;301;333
68;18;301;333
71;18;301;333
73;18;301;333
75;18;301;333
77;18;301;333
81;18;301;333
83;18;301;333
85;18;1783;333
85;18;301;333
87;18;301;333
95;18;221;333
96;18;3092;333
97;18;3086;333
98;18;3086;333
0;19;3087;333
4;19;3093;333
5;19;613;333
6;19;2937;333
6;19;3094;333
11;19;3093;333
12;19;613;333
13;19;3094;333
15;19;3093;333
16;19;523;333
17;19;3088;333
31;19;522;333
31;19;292;333
32;19;3088;333
36;19;3101;333
37;19;3101;333
38;19;3101;333
40;19;3101;333
47;19;3093;333
48;19;3092;333
49;19;3085;333
50;19;3085;333
51;19;3085;333
52;19;3085;333
53;19;3085;333
54;19;3085;333
55;19;3085;333
56;19;3085;333
57;19;3092;333
62;19;301;333
64;19;301;333
65;19;1783;333
66;19;1783;333
68;19;301;333
69;19;301;333
71;19;301;333
73;19;301;333
75;19;301;333
77;19;301;333
78;19;301;333
79;19;301;333
80;19;301;333
81;19;301;333
82;19;1783;333
83;19;301;333
85;19;301;333
87;19;301;333
96;19;221;333
97;19;3088;333
98;19;3088;333
0;20;3087;333
4;20;513;333
5;20;3095;333
6;20;213;333
11;20;515;333
12;20;3095;333
13;20;2038;333
16;20;3093;333
17;20;3088;333
28;20;51;333
32;20;3088;333
36;20;3101;333
37;20;3101;333
38;20;2038;333
38;20;3101;333
39;20;3101;333
41;20;3101;333
42;20;3096;333
47;20;2038;333
48;20;3095;333
50;20;525;333
52;20;3095;333
53;20;524;333
55;20;3095;333
56;20;3093;333
57;20;3088;333
62;20;301;333
64;20;301;333
66;20;301;333
68;20;301;333
70;20;1783;333
71;20;301;333
73;20;301;333
75;20;301;333
83;20;301;333
85;20;301;333
86;20;338;333
87;20;301;333
96;20;221;333
97;20;3092;333
98;20;3088;333
0;21;3087;333
12;21;215;333
16;21;3093;333
17;21;3088;333
31;21;3093;333
32;21;3088;333
36;21;2038;333
36;21;3101;333
37;21;3101;333
38;21;2937;333
38;21;3101;333
40;21;3101;333
41;21;3101;333
42;21;3088;333
47;21;3101;333
50;21;3095;333
53;21;3095;333
56;21;172;333
56;21;3093;333
57;21;3088;333
62;21;301;333
64;21;301;333
65;21;1783;333
66;21;301;333
68;21;301;333
70;21;301;333
71;21;301;333
73;21;301;333
75;21;301;333
75;21;203;333
76;21;301;333
76;21;203;333
77;21;301;333
78;21;301;333
79;21;301;333
80;21;301;333
81;21;301;333
82;21;301;333
83;21;301;333
85;21;301;333
86;21;338;333
87;21;301;333
98;21;3088;333
0;22;3087;333
16;22;3093;333
17;22;3088;333
23;22;3096;333
28;22;631;333
31;22;403;333
32;22;3088;333
36;22;3101;333
37;22;3101;333
37;22;333;333
38;22;613;333
39;22;3101;333
40;22;3101;333
41;22;522;333
41;22;2038;333
41;22;3101;333
42;22;3088;333
56;22;2906;333
56;22;361;333
57;22;3088;333
62;22;301;333
66;22;301;333
68;22;301;333
71;22;301;333
73;22;301;333
81;22;1783;333
85;22;301;333
87;22;301;333
97;22;625;333
98;22;3088;333
0;23;3087;333
5;23;3096;333
8;23;2038;333
10;23;2038;333
12;23;3096;333
16;23;3093;333
17;23;3088;333
22;23;3093;333
23;23;3088;333
31;23;3093;333
32;23;3088;333
36;23;3101;333
37;23;2937;333
37;23;3101;333
38;23;3101;333
39;23;2937;333
39;23;3101;333
40;23;3101;333
42;23;3088;333
56;23;3093;333
56;23;172;333
57;23;3088;333
62;23;301;333
63;23;301;333
64;23;301;333
65;23;301;333
66;23;301;333
68;23;301;333
69;23;301;333
70;23;1783;333
71;23;301;333
73;23;301;333
74;23;301;333
75;23;301;333
76;23;301;333
77;23;301;333
78;23;301;333
79;23;301;333
80;23;301;333
81;23;301;333
82;23;301;333
82;23;203;333
83;23;301;333
84;23;301;333
85;23;301;333
86;23;1783;333
87;23;301;333
88;23;301;333
89;23;301;333
90;23;301;333
91;23;301;333
92;23;301;333
93;23;301;333
94;23;301;333
95;23;301;333
96;23;221;333
96;23;301;333
97;23;3092;333
98;23;3088;333
0;24;3087;333
4;24;3093;333
5;24;613;333
6;24;3094;333
11;24;3093;333
11;24;403;333
12;24;613;333
13;24;3094;333
16;24;3093;333
17;24;3088;333
22;24;292;333
23;24;3088;333
32;24;3088;333
36;24;3101;333
38;24;3101;333
39;24;3101;333
40;24;3101;333
42;24;3088;333
57;24;3088;333
62;24;301;333
64;24;1783;333
68;24;301;333
71;24;301;333
88;24;1783;333
98;24;3088;333
0;25;3087;333
5;25;3095;333
6;25;220;333
11;25;292;333
12;25;2937;333
12;25;3095;333
16;25;292;333
17;25;3088;333
22;25;3093;333
23;25;3088;333
32;25;3088;333
37;25;3101;333
38;25;2038;333
42;25;3088;333
57;25;3088;333
62;25;301;333
64;25;301;333
65;25;301;333
66;25;301;333
67;25;301;333
68;25;301;333
70;25;301;333
71;25;301;333
72;25;301;333
73;25;301;333
74;25;301;333
75;25;301;333
76;25;301;333
77;25;301;333
78;25;301;333
79;25;301;333
80;25;301;333
81;25;301;333
82;25;301;333
82;25;203;333
83;25;301;333
84;25;301;333
85;25;301;333
86;25;301;333
87;25;301;333
88;25;301;333
89;25;301;333
90;25;301;333
91;25;301;333
92;25;301;333
93;25;301;333
93;25;203;333
94;25;301;333
95;25;301;333
96;25;301;333
98;25;3088;333
0;26;3087;333
5;26;213;333
16;26;3093;333
17;26;3088;333
22;26;292;333
23;26;3088;333
32;26;3088;333
37;26;3096;333
42;26;3088;333
57;26;3088;333
62;26;301;333
64;26;301;333
68;26;301;333
71;26;301;333
72;26;1783;333
73;26;1783;333
75;26;301;333
76;26;1783;333
78;26;1783;333
79;26;301;333
80;26;1783;333
81;26;1783;333
83;26;301;333
84;26;1783;333
85;26;1783;333
87;26;301;333
88;26;1783;333
89;26;1783;333
91;26;301;333
92;26;1783;333
93;26;1783;333
95;26;301;333
96;26;301;333
98;26;3088;333
0;27;3087;333
16;27;3093;333
17;27;3088;333
22;27;3093;333
23;27;3092;333
24;27;3085;333
25;27;3085;333
26;27;3085;333
27;27;3085;333
28;27;3085;333
29;27;3085;333
30;27;3085;333
31;27;3085;333
32;27;3092;333
36;27;3093;333
37;27;3092;333
38;27;3085;333
39;27;3085;333
40;27;3085;333
41;27;3085;333
42;27;3085;333
43;27;3085;333
44;27;3085;333
45;27;3085;333
46;27;3085;333
47;27;3085;333
48;27;3085;333
49;27;3085;333
50;27;3085;333
51;27;3085;333
52;27;3085;333
53;27;3085;333
54;27;3085;333
55;27;3085;333
56;27;3085;333
57;27;3092;333
62;27;301;333
64;27;301;333
66;27;301;333
68;27;301;333
68;27;203;333
69;27;301;333
73;27;301;333
77;27;301;333
81;27;301;333
85;27;301;333
89;27;301;333
93;27;301;333
95;27;1783;333
96;27;301;333
98;27;3088;333
0;28;3087;333
5;28;3096;333
11;28;2937;333
12;28;3096;333
17;28;3088;333
23;28;3095;333
26;28;3095;333
28;28;3095;333
30;28;3095;333
31;28;292;333
32;28;3088;333
37;28;3095;333
38;28;3095;333
40;28;75;333
41;28;3095;333
42;28;3095;333
43;28;292;333
44;28;3088;333
48;28;3095;333
49;28;525;333
51;28;3095;333
54;28;3095;333
55;28;2937;333
55;28;3101;333
56;28;3093;333
57;28;3088;333
62;28;301;333
64;28;301;333
65;28;1783;333
66;28;301;333
68;28;301;333
69;28;301;333
70;28;301;333
71;28;301;333
72;28;301;333
73;28;301;333
74;28;301;333
75;28;301;333
75;28;301;333
76;28;301;333
77;28;301;333
78;28;301;333
79;28;301;333
80;28;301;333
81;28;301;333
82;28;301;333
83;28;301;333
84;28;301;333
85;28;301;333
86;28;301;333
87;28;301;333
88;28;301;333
89;28;301;333
90;28;301;333
91;28;301;333
92;28;301;333
93;28;301;333
94;28;1783;333
95;28;301;333
96;28;301;333
98;28;3088;333
0;29;3087;333
4;29;3093;333
5;29;613;333
6;29;2937;333
6;29;3094;333
11;29;3093;333
12;29;613;333
13;29;3094;333
16;29;523;333
17;29;3088;333
22;29;3096;333
31;29;3093;333
32;29;3088;333
44;29;3088;333
56;29;3093;333
57;29;3088;333
62;29;301;333
66;29;301;333
68;29;301;333
69;29;1783;333
69;29;1783;333
70;29;1783;333
75;29;301;333
76;29;1783;333
77;29;1783;333
82;29;301;333
83;29;1783;333
84;29;1783;333
89;29;301;333
90;29;1783;333
91;29;1783;333
96;29;301;333
98;29;3088;333
0;30;3087;333
5;30;3095;333
5;30;401;333
6;30;2038;333
7;30;292;333
10;30;525;333
12;30;2038;333
12;30;3095;333
16;30;3093;333
17;30;3088;333
21;30;3093;333
22;30;3088;333
31;30;292;333
31;30;2906;333
32;30;3088;333
43;30;2906;333
44;30;3088;333
50;30;3096;333
57;30;3088;333
62;30;301;333
63;30;301;333
64;30;301;333
65;30;301;333
66;30;301;333
68;30;301;333
70;30;301;333
71;30;301;333
72;30;301;333
73;30;301;333
74;30;1783;333
75;30;301;333
77;30;301;333
78;30;301;333
79;30;301;333
80;30;301;333
82;30;301;333
84;30;301;333
85;30;301;333
86;30;301;333
87;30;301;333
88;30;1783;333
89;30;301;333
91;30;301;333
92;30;301;333
93;30;301;333
94;30;301;333
95;30;1783;333
96;30;301;333
98;30;3088;333
0;31;3087;333
16;31;3093;333
17;31;3088;333
21;31;3093;333
21;31;292;333
22;31;3088;333
31;31;3093;333
32;31;3088;333
39;31;3096;333
44;31;3088;333
49;31;3093;333
50;31;3088;333
51;31;3094;333
57;31;3088;333
64;31;1783;333
68;31;301;333
70;31;301;333
72;31;1783;333
75;31;301;333
77;31;301;333
82;31;301;333
84;31;301;333
86;31;1783;333
89;31;301;333
91;31;301;333
93;31;1783;333
96;31;301;333
98;31;3088;333
0;32;3087;333
9;32;214;333
16;32;3093;333
17;32;3088;333
21;32;3093;333
22;32;3092;333
23;32;3085;333
24;32;3085;333
25;32;3092;333
31;32;75;333
32;32;3088;333
38;32;3093;333
39;32;3088;333
43;32;3093;333
44;32;3088;333
49;32;3093;333
50;32;3088;333
56;32;3093;333
57;32;3088;333
62;32;301;333
64;32;301;333
65;32;301;333
66;32;301;333
67;32;301;333
68;32;301;333
69;32;1783;333
70;32;301;333
72;32;301;333
72;32;203;333
73;32;301;333
74;32;301;333
75;32;301;333
76;32;1783;333
77;32;301;333
77;32;203;333
79;32;301;333
80;32;301;333
81;32;301;333
82;32;301;333
83;32;1783;333
84;32;301;333
86;32;301;333
87;32;301;333
88;32;301;333
89;32;301;333
90;32;1783;333
91;32;301;333
93;32;301;333
94;32;301;333
95;32;301;333
96;32;301;333
98;32;3088;333
0;33;3087;333
5;33;3096;333
11;33;2937;333
12;33;3096;333
16;33;3093;333
17;33;3088;333
22;33;3095;333
23;33;75;333
24;33;3095;333
25;33;3088;333
32;33;3092;333
33;33;3085;333
34;33;3085;333
35;33;3094;333
39;33;3088;333
41;33;3094;333
43;33;3093;333
44;33;3092;333
45;33;3085;333
46;33;3085;333
47;33;3094;333
49;33;3093;333
50;33;3092;333
51;33;3085;333
52;33;3092;333
57;33;3088;333
62;33;301;333
62;33;203;333
70;33;301;333
77;33;301;333
84;33;301;333
84;33;203;333
90;33;1783;333
91;33;301;333
98;33;3088;333
0;34;3087;333
4;34;3093;333
5;34;613;333
6;34;3094;333
8;34;2038;333
11;34;3093;333
11;34;403;333
12;34;613;333
13;34;3094;333
16;34;3093;333
17;34;3088;333
25;34;3088;333
32;34;3095;333
34;34;3095;333
38;34;292;333
39;34;3088;333
44;34;3095;333
44;34;3101;333
45;34;3095;333
45;34;2937;333
46;34;3095;333
46;34;3101;333
51;34;3093;333
52;34;3088;333
53;34;3094;333
57;34;3088;333
62;34;301;333
63;34;301;333
64;34;301;333
65;34;301;333
66;34;301;333
67;34;301;333
68;34;301;333
69;34;301;333
70;34;301;333
71;34;301;333
72;34;301;333
73;34;301;333
74;34;301;333
75;34;301;333
76;34;301;333
77;34;301;333
78;34;301;333
79;34;301;333
80;34;301;333
81;34;301;333
82;34;301;333
83;34;301;333
84;34;301;333
85;34;301;333
86;34;301;333
87;34;301;333
88;34;301;333
89;34;301;333
90;34;301;333
91;34;301;333
92;34;301;333
93;34;301;333
93;34;203;333
94;34;301;333
95;34;301;333
96;34;301;333
97;34;301;333
98;34;3088;333
0;35;3087;333
5;35;3095;333
12;35;3095;333
16;35;3093;333
17;35;3092;333
24;35;292;333
25;35;3088;333
38;35;2906;333
39;35;3088;333
45;35;3101;333
51;35;3093;333
52;35;3088;333
56;35;3093;333
57;35;3088;333
98;35;3088;333
0;36;3087;333
17;36;3095;333
25;36;3088;333
39;36;3088;333
52;36;3088;333
57;36;3088;333
98;36;3088;333
0;37;3087;333
25;37;3088;333
39;37;3088;333
52;37;3088;333
57;37;3088;333
98;37;3088;333
0;38;3087;333
25;38;3088;333
39;38;3088;333
52;38;3088;333
57;38;3088;333
87;38;607;333
98;38;3088;333
0;39;3087;333
1;39;3085;333
2;39;3085;333
3;39;3085;333
4;39;3085;333
5;39;3085;333
6;39;3085;333
7;39;3085;333
8;39;3085;333
9;39;3085;333
10;39;3085;333
11;39;3085;333
12;39;3085;333
13;39;3085;333
14;39;3085;333
15;39;3085;333
16;39;3085;333
17;39;3085;333
18;39;3085;333
19;39;3085;333
20;39;3085;333
21;39;3085;333
22;39;3085;333
23;39;3085;333
24;39;3085;333
25;39;3085;333
26;39;3085;333
27;39;3085;333
28;39;3085;333
29;39;3085;333
30;39;3085;333
31;39;3085;333
32;39;3085;333
33;39;3085;333
34;39;3085;333
35;39;3085;333
36;39;3085;333
37;39;3085;333
38;39;3085;333
39;39;3085;333
40;39;3085;333
41;39;3085;333
42;39;3085;333
43;39;3085;333
44;39;3085;333
45;39;3085;333
46;39;3085;333
47;39;3085;333
48;39;3085;333
49;39;3085;333
50;39;3085;333
51;39;3085;333
52;39;3085;333
53;39;3085;333
54;39;3085;333
55;39;3094;333
55;39;3094;333
56;39;3093;333
57;39;3088;333
58;39;3085;333
59;39;3085;333
60;39;3085;333
61;39;3085;333
62;39;3085;333
63;39;3085;333
64;39;3085;333
65;39;3085;333
66;39;3085;333
67;39;3085;333
68;39;3085;333
69;39;3085;333
70;39;3085;333
71;39;3085;333
72;39;3085;333
73;39;3085;333
74;39;3085;333
75;39;3085;333
76;39;3085;333
77;39;3085;333
78;39;3085;333
79;39;3085;333
80;39;3085;333
81;39;3085;333
82;39;3085;333
83;39;3085;333
84;39;3085;333
85;39;3085;333
86;39;3092;333
87;39;610;333
88;39;3092;333
89;39;3085;333
90;39;3085;333
91;39;3085;333
92;39;3085;333
93;39;3085;333
94;39;3085;333
95;39;3085;333
96;39;3085;333
97;39;3085;333
98;39;3085;333
99;39;3092;333
2;40;3098;333
4;40;3099;333
7;40;3098;333
8;40;3100;333
11;40;3100;333
12;40;3098;333
14;40;3099;333
15;40;3098;333
16;40;3100;333
23;40;3099;333
24;40;3098;333
27;40;3098;333
28;40;3100;333
29;40;3099;333
30;40;3098;333
31;40;3100;333
52;40;2937;333
52;40;2907;333
53;40;3093;333
54;40;3092;333
55;40;3094;333
56;40;3093;333
57;40;3092;333
58;40;3094;333
59;40;2038;333
60;40;2907;333
86;40;3092;333
88;40;3092;333
98;40;3100;333
99;40;3088;333
2;41;3097;333
3;41;3098;333
49;41;509;333
53;41;2927;333
54;41;3095;333
54;41;2905;333
55;41;607;333
56;41;607;333
57;41;3095;333
57;41;2905;333
58;41;2927;333
63;41;509;333
87;41;611;333
98;41;3098;333
99;41;3088;333
1;42;3100;333
2;42;3098;333
3;42;3100;333
55;42;609;333
56;42;609;333
87;42;609;333
98;42;3097;333
99;42;3088;333
8;43;3097;333
23;43;3100;333
24;43;3098;333
30;43;3100;333
31;43;3098;333
32;43;3098;333
40;43;314;333
55;43;608;333
56;43;608;333
87;43;610;333
98;43;3100;333
99;43;3088;333
2;44;3100;333
7;44;3098;333
8;44;3098;333
22;44;3100;333
23;44;3097;333
24;44;3098;333
26;44;3100;333
28;44;3097;333
30;44;3098;333
31;44;3097;333
39;44;2937;333
54;44;2927;333
55;44;612;333
56;44;612;333
57;44;2927;333
87;44;611;333
98;44;3099;333
99;44;3088;333
1;45;3100;333
3;45;3100;333
7;45;3098;333
8;45;3098;333
9;45;3088;333
10;45;3087;333
23;45;3100;333
27;45;3098;333
28;45;3098;333
29;45;3100;333
39;45;314;333
54;45;2038;333
57;45;3095;333
87;45;608;333
98;45;3097;333
99;45;3088;333
1;46;3098;333
2;46;3097;333
7;46;3097;333
9;46;3088;333
10;46;3087;333
11;46;3085;333
12;46;3085;333
13;46;3085;333
14;46;3085;333
15;46;3085;333
16;46;3085;333
17;46;3085;333
18;46;3092;333
87;46;612;333
98;46;3100;333
99;46;3088;333
2;47;3098;333
8;47;3100;333
9;47;3088;333
10;47;3087;333
14;47;3097;333
15;47;3098;333
18;47;3088;333
44;47;606;333
45;47;605;333
51;47;604;333
52;47;605;333
55;47;604;333
56;47;601;333
89;47;607;333
98;47;3100;333
99;47;3088;333
9;48;3088;333
10;48;3087;333
13;48;3098;333
18;48;3088;333
44;48;606;333
45;48;605;333
51;48;604;333
52;48;603;333
53;48;603;333
54;48;603;333
55;48;602;333
56;48;601;333
58;48;606;333
59;48;602;333
60;48;605;333
62;48;604;333
63;48;601;333
65;48;314;333
66;48;2038;333
69;48;2038;333
70;48;314;333
89;48;608;333
98;48;3097;333
99;48;3088;333
5;49;607;333
9;49;3088;333
10;49;3087;333
18;49;3088;333
63;49;607;333
65;49;314;333
74;49;606;333
75;49;602;333
76;49;603;333
77;49;603;333
78;49;603;333
79;49;603;333
80;49;602;333
81;49;602;333
82;49;605;333
85;49;604;333
86;49;601;333
89;49;610;333
95;49;3099;333
96;49;3097;333
97;49;3098;333
98;49;3100;333
99;49;3088;333
5;50;610;333
9;50;3088;333
10;50;3087;333
14;50;3098;333
18;50;3088;333
55;50;607;333
56;50;607;333
63;50;608;333
73;50;314;333
74;50;606;333
75;50;602;333
76;50;603;333
77;50;603;333
78;50;603;333
79;50;602;333
80;50;602;333
81;50;605;333
84;50;604;333
85;50;602;333
86;50;601;333
89;50;611;333
96;50;3098;333
97;50;3099;333
98;50;3097;333
99;50;3088;333
9;51;3088;333
10;51;3087;333
14;51;3098;333
15;51;3097;333
18;51;3088;333
55;51;608;333
56;51;608;333
63;51;609;333
89;51;610;333
96;51;3099;333
97;51;3097;333
98;51;3098;333
99;51;3088;333
2;52;3098;333
7;52;3100;333
9;52;3088;333
10;52;3087;333
18;52;3088;333
37;52;607;333
55;52;609;333
56;52;609;333
63;52;609;333
89;52;611;333
98;52;3097;333
99;52;3088;333
1;53;3100;333
2;53;3100;333
3;53;3097;333
5;53;611;333
7;53;3098;333
8;53;3097;333
9;53;3088;333
10;53;3087;333
18;53;3088;333
37;53;608;333
38;53;607;333
45;53;607;333
55;53;609;333
56;53;609;333
63;53;609;333
75;53;314;333
89;53;609;333
98;53;3099;333
99;53;3088;333
1;54;3100;333
2;54;3098;333
5;54;609;333
7;54;3098;333
8;54;3100;333
9;54;3088;333
10;54;3087;333
18;54;3088;333
37;54;609;333
38;54;608;333
45;54;609;333
55;54;609;333
56;54;609;333
63;54;609;333
89;54;608;333
98;54;3097;333
99;54;3088;333
5;55;609;333
9;55;3088;333
10;55;3087;333
18;55;3088;333
37;55;609;333
38;55;609;333
45;55;609;333
55;55;609;333
56;55;609;333
63;55;609;333
89;55;612;333
91;55;314;333
91;55;2038;333
98;55;3100;333
99;55;3088;333
5;56;608;333
9;56;3088;333
10;56;3087;333
18;56;3088;333
37;56;609;333
38;56;610;333
45;56;609;333
55;56;608;333
56;56;608;333
63;56;609;333
79;56;314;333
79;56;2038;333
98;56;3099;333
99;56;3088;333
5;57;609;333
9;57;3088;333
10;57;3087;333
17;57;3098;333
18;57;3088;333
37;57;610;333
45;57;608;333
55;57;612;333
56;57;612;333
63;57;608;333
82;57;606;333
83;57;602;333
84;57;603;333
85;57;603;333
86;57;603;333
87;57;603;333
88;57;602;333
89;57;601;333
97;57;3097;333
98;57;3100;333
99;57;3088;333
2;58;3098;333
3;58;3100;333
5;58;609;333
9;58;3088;333
10;58;3087;333
17;58;3097;333
18;58;3088;333
45;58;608;333
63;58;612;333
76;58;2038;333
77;58;314;333
88;58;607;333
99;58;3088;333
1;59;3100;333
2;59;3098;333
3;59;3100;333
5;59;608;333
8;59;3098;333
9;59;3088;333
10;59;3087;333
18;59;3088;333
38;59;611;333
45;59;608;333
57;59;606;333
58;59;603;333
59;59;603;333
60;59;603;333
61;59;601;333
88;59;610;333
99;59;3088;333
2;60;3098;333
3;60;3097;333
5;60;609;333
7;60;3098;333
8;60;3100;333
9;60;3088;333
10;60;3087;333
18;60;3088;333
37;60;611;333
38;60;608;333
45;60;609;333
57;60;606;333
58;60;602;333
59;60;603;333
60;60;603;333
61;60;601;333
63;60;606;333
64;60;602;333
65;60;603;333
66;60;603;333
67;60;603;333
68;60;605;333
70;60;604;333
71;60;603;333
72;60;603;333
73;60;603;333
74;60;602;333
75;60;601;333
83;60;314;333
83;60;2937;333
99;60;3088;333
2;61;3100;333
5;61;609;333
8;61;3100;333
9;61;3088;333
10;61;3087;333
15;61;3098;333
16;61;3098;333
17;61;3097;333
18;61;3088;333
37;61;612;333
38;61;612;333
45;61;609;333
62;61;607;333
63;61;607;333
74;61;607;333
88;61;611;333
99;61;3088;333
5;62;612;333
7;62;3098;333
8;62;3100;333
9;62;3088;333
10;62;3087;333
16;62;3098;333
18;62;3092;333
23;62;606;333
24;62;602;333
25;62;602;333
26;62;603;333
27;62;603;333
28;62;603;333
29;62;603;333
30;62;603;333
31;62;603;333
32;62;603;333
33;62;603;333
34;62;603;333
35;62;602;333
36;62;601;333
45;62;608;333
62;62;608;333
63;62;608;333
71;62;611;333
74;62;610;333
77;62;607;333
88;62;609;333
97;62;3099;333
98;62;3098;333
99;62;3088;333
7;63;3100;333
8;63;3098;333
9;63;3088;333
10;63;3087;333
23;63;606;333
24;63;602;333
25;63;602;333
26;63;603;333
27;63;603;333
28;63;603;333
29;63;603;333
30;63;603;333
31;63;603;333
32;63;603;333
33;63;603;333
34;63;603;333
35;63;602;333
36;63;601;333
37;63;607;333
38;63;607;333
45;63;608;333
62;63;609;333
63;63;609;333
71;63;608;333
77;63;610;333
88;63;609;333
98;63;3097;333
99;63;3088;333
1;64;3097;333
7;64;3098;333
8;64;3098;333
9;64;3088;333
10;64;3087;333
37;64;608;333
38;64;610;333
45;64;608;333
62;64;609;333
63;64;609;333
71;64;609;333
85;64;314;333
88;64;609;333
98;64;3100;333
99;64;3088;333
1;65;3097;333
7;65;3097;333
9;65;3088;333
10;65;3087;333
37;65;609;333
45;65;609;333
62;65;609;333
63;65;610;333
71;65;609;333
74;65;611;333
88;65;609;333
98;65;3097;333
99;65;3088;333
9;66;3088;333
10;66;3087;333
18;66;3092;333
37;66;609;333
45;66;609;333
62;66;609;333
71;66;609;333
74;66;609;333
77;66;611;333
79;66;606;333
80;66;602;333
81;66;603;333
82;66;603;333
83;66;603;333
84;66;603;333
85;66;602;333
86;66;601;333
88;66;609;333
98;66;3098;333
99;66;3088;333
1;67;3097;333
9;67;3088;333
10;67;3087;333
13;67;3098;333
14;67;3097;333
15;67;3098;333
17;67;3098;333
18;67;3088;333
37;67;609;333
45;67;609;333
62;67;609;333
71;67;609;333
74;67;609;333
77;67;608;333
88;67;609;333
96;67;3098;333
97;67;3099;333
98;67;3099;333
99;67;3088;333
1;68;3098;333
2;68;3098;333
9;68;3088;333
10;68;3087;333
14;68;3098;333
17;68;3098;333
18;68;3088;333
37;68;609;333
45;68;612;333
62;68;608;333
63;68;611;333
71;68;609;333
74;68;609;333
77;68;608;333
85;68;314;333
85;68;2937;333
88;68;608;333
96;68;3098;333
97;68;3099;333
98;68;3098;333
99;68;3088;333
1;69;3100;333
2;69;3098;333
9;69;3088;333
10;69;3087;333
17;69;3097;333
18;69;3088;333
37;69;608;333
38;69;611;333
62;69;612;333
63;69;612;333
71;69;609;333
72;69;611;333
74;69;609;333
77;69;609;333
88;69;612;333
96;69;3097;333
97;69;3099;333
98;69;3097;333
99;69;3088;333
9;70;3088;333
10;70;3087;333
18;70;3088;333
37;70;612;333
38;70;612;333
71;70;608;333
72;70;608;333
74;70;608;333
77;70;609;333
86;70;607;333
90;70;607;333
95;70;3099;333
96;70;3097;333
97;70;3100;333
98;70;3099;333
99;70;3088;333
7;71;3097;333
9;71;3088;333
10;71;3087;333
18;71;3088;333
59;71;314;333
71;71;612;333
72;71;612;333
74;71;608;333
77;71;608;333
86;71;608;333
88;71;314;333
88;71;2937;333
90;71;610;333
92;71;314;333
96;71;3097;333
97;71;3097;333
98;71;3099;333
99;71;3088;333
7;72;3098;333
8;72;3100;333
9;72;3088;333
10;72;3087;333
18;72;3088;333
74;72;608;333
77;72;608;333
86;72;609;333
91;72;2038;333
98;72;3098;333
99;72;3088;333
1;73;3098;333
7;73;3097;333
8;73;3098;333
9;73;3088;333
10;73;3087;333
18;73;3088;333
49;73;606;333
49;73;3101;333
50;73;605;333
52;73;604;333
53;73;605;333
56;73;604;333
57;73;601;333
62;73;606;333
63;73;603;333
64;73;603;333
65;73;601;333
74;73;608;333
77;73;609;333
86;73;609;333
98;73;3097;333
99;73;3088;333
1;74;3097;333
2;74;3098;333
7;74;3100;333
9;74;3088;333
10;74;3087;333
18;74;3088;333
26;74;606;333
27;74;603;333
28;74;603;333
29;74;603;333
30;74;603;333
31;74;601;333
40;74;606;333
41;74;602;333
42;74;603;333
43;74;603;333
44;74;603;333
45;74;602;333
46;74;601;333
49;74;606;333
49;74;3101;333
50;74;603;333
50;74;2937;333
50;74;3101;333
50;74;314;333
51;74;603;333
51;74;3101;333
52;74;603;333
52;74;3101;333
53;74;605;333
56;74;604;333
57;74;601;333
62;74;606;333
63;74;603;333
64;74;603;333
65;74;601;333
74;74;609;333
77;74;609;333
86;74;609;333
89;74;2038;333
90;74;611;333
98;74;3099;333
99;74;3088;333
7;75;3097;333
8;75;3098;333
9;75;3088;333
10;75;3087;333
18;75;3088;333
40;75;606;333
41;75;602;333
42;75;603;333
43;75;603;333
44;75;603;333
45;75;602;333
46;75;601;333
47;75;3101;333
74;75;609;333
77;75;608;333
86;75;609;333
89;75;314;333
90;75;608;333
98;75;3097;333
99;75;3088;333
1;76;3098;333
2;76;3098;333
9;76;3088;333
10;76;3087;333
18;76;3088;333
46;76;3101;333
47;76;2038;333
48;76;3101;333
74;76;609;333
77;76;612;333
86;76;609;333
90;76;609;333
98;76;3100;333
99;76;3088;333
9;77;3088;333
10;77;3087;333
18;77;3088;333
46;77;314;333
47;77;3101;333
56;77;314;333
74;77;608;333
86;77;609;333
90;77;609;333
98;77;3099;333
99;77;3088;333
6;78;3097;333
7;78;3097;333
9;78;3088;333
10;78;3087;333
18;78;3088;333
74;78;612;333
86;78;608;333
90;78;609;333
98;78;3097;333
99;78;3088;333
1;79;3100;333
2;79;3097;333
9;79;3088;333
10;79;3087;333
18;79;3088;333
65;79;607;333
86;79;612;333
90;79;608;333
98;79;3099;333
99;79;3088;333
2;80;3098;333
9;80;3088;333
10;80;3087;333
18;80;3088;333
45;80;607;333
65;80;608;333
67;80;606;333
68;80;602;333
69;80;603;333
70;80;603;333
71;80;603;333
72;80;605;333
74;80;604;333
75;80;601;333
90;80;608;333
95;80;3100;333
96;80;3098;333
97;80;3100;333
98;80;3099;333
99;80;3088;333
1;81;3098;333
9;81;3088;333
10;81;3087;333
18;81;3088;333
45;81;609;333
65;81;609;333
83;81;607;333
84;81;607;333
90;81;609;333
95;81;3099;333
96;81;3100;333
97;81;3097;333
98;81;3097;333
99;81;3088;333
9;82;3088;333
10;82;3087;333
18;82;3088;333
45;82;609;333
65;82;609;333
83;82;608;333
84;82;610;333
90;82;609;333
96;82;3097;333
97;82;3098;333
98;82;3098;333
99;82;3088;333
6;83;3098;333
7;83;3098;333
9;83;3088;333
10;83;3087;333
18;83;3092;333
19;83;3085;333
20;83;3085;333
21;83;3085;333
22;83;3085;333
23;83;3085;333
24;83;3085;333
25;83;3085;333
26;83;3085;333
27;83;3085;333
28;83;3085;333
29;83;3092;333
45;83;609;333
65;83;609;333
75;83;314;333
75;83;2038;333
83;83;610;333
90;83;609;333
98;83;3097;333
99;83;3088;333
6;84;3097;333
8;84;3100;333
9;84;3088;333
10;84;3087;333
14;84;3100;333
23;84;3100;333
24;84;3097;333
25;84;3098;333
29;84;3088;333
45;84;612;333
65;84;609;333
84;84;611;333
90;84;609;333
98;84;3099;333
99;84;3088;333
9;85;3088;333
10;85;3087;333
14;85;3098;333
28;85;3098;333
29;85;3088;333
65;85;608;333
84;85;609;333
90;85;609;333
98;85;3097;333
99;85;3088;333
6;86;3097;333
9;86;3088;333
10;86;3087;333
28;86;3097;333
29;86;3088;333
45;86;607;333
65;86;612;333
84;86;609;333
90;86;609;333
98;86;3100;333
99;86;3088;333
9;87;3088;333
10;87;3087;333
17;87;3100;333
18;87;3098;333
28;87;3100;333
29;87;3088;333
45;87;609;333
68;87;314;333
83;87;611;333
84;87;608;333
90;87;608;333
96;87;3099;333
97;87;3097;333
98;87;3100;333
99;87;3088;333
9;88;3088;333
10;88;3087;333
29;88;3088;333
45;88;609;333
57;88;606;333
58;88;603;333
59;88;603;333
60;88;603;333
61;88;603;333
62;88;603;333
63;88;601;333
68;88;2038;333
81;88;314;333
81;88;2937;333
83;88;612;333
84;88;612;333
90;88;612;333
95;88;3100;333
96;88;3100;333
97;88;3100;333
98;88;3097;333
99;88;3088;333
0;89;613;333
1;89;613;333
2;89;613;333
3;89;12;333
6;89;613;333
7;89;613;333
8;89;613;333
9;89;613;333
10;89;3087;333
29;89;3088;333
45;89;609;333
57;89;606;333
58;89;602;333
59;89;603;333
60;89;605;333
62;89;604;333
63;89;601;333
94;89;3099;333
95;89;3100;333
97;89;3098;333
98;89;3097;333
99;89;3088;333
1;90;3094;333
6;90;12;333
7;90;3098;333
8;90;3097;333
9;90;613;333
10;90;3087;333
29;90;3088;333
45;90;609;333
68;90;606;333
69;90;605;333
74;90;604;333
75;90;603;333
76;90;603;333
77;90;603;333
78;90;602;333
79;90;602;333
80;90;601;333
98;90;3098;333
99;90;3088;333
1;91;3097;333
5;91;3101;333
9;91;613;333
10;91;3085;333
11;91;3085;333
12;91;3085;333
13;91;3085;333
14;91;3085;333
15;91;3085;333
16;91;3085;333
17;91;3085;333
18;91;3085;333
19;91;3085;333
20;91;3085;333
21;91;3085;333
22;91;3085;333
23;91;3085;333
24;91;3085;333
25;91;3092;333
29;91;3088;333
45;91;612;333
62;91;314;333
62;91;2937;333
66;91;606;333
67;91;602;333
68;91;603;333
69;91;603;333
70;91;603;333
71;91;603;333
72;91;603;333
73;91;605;333
78;91;604;333
79;91;601;333
81;91;606;333
82;91;602;333
83;91;603;333
84;91;603;333
85;91;603;333
86;91;603;333
87;91;603;333
88;91;603;333
89;91;602;333
90;91;601;333
98;91;3097;333
99;91;3088;333
3;92;314;333
4;92;2038;333
5;92;314;333
6;92;3101;333
6;92;2937;333
8;92;2926;333
9;92;613;333
11;92;12;333
13;92;3098;333
29;92;3088;333
81;92;314;333
81;92;2038;333
98;92;3098;333
99;92;3088;333
3;93;3101;333
4;93;314;333
7;93;3101;333
9;93;3095;333
13;93;3100;333
14;93;3097;333
29;93;3088;333
97;93;3098;333
98;93;3100;333
99;93;3088;333
4;94;3093;333
5;94;35;333
6;94;3094;333
13;94;3098;333
21;94;3098;333
22;94;3100;333
26;94;3098;333
29;94;3088;333
96;94;3098;333
97;94;3099;333
98;94;3097;333
99;94;3088;333
21;95;3098;333
22;95;3097;333
25;95;3100;333
26;95;3098;333
27;95;3097;333
29;95;3088;333
98;95;3099;333
99;95;3088;333
1;96;3101;333
3;96;314;333
4;96;3101;333
4;96;2937;333
5;96;3101;333
7;96;3101;333
8;96;2926;333
9;96;613;333
29;96;3088;333
99;96;3088;333
6;97;3101;333
7;97;314;333
8;97;2038;333
9;97;613;333
29;97;3088;333
99;97;3088;333
5;98;3100;333
6;98;3098;333
7;98;3099;333
9;98;613;333
29;98;3088;333
99;98;3088;333
9;99;613;333
10;99;3085;333
11;99;3085;333
12;99;3085;333
13;99;3085;333
14;99;3085;333
15;99;3085;333
16;99;3085;333
17;99;3085;333
18;99;3085;333
19;99;3085;333
20;99;3085;333
21;99;3085;333
22;99;3085;333
23;99;3085;333
24;99;3085;333
25;99;3085;333
26;99;3085;333
27;99;3092;333
28;99;3089;333
29;99;3086;333
30;99;3086;333
31;99;3086;333
32;99;3086;333
33;99;3086;333
34;99;3086;333
35;99;3086;333
36;99;3086;333
37;99;3086;333
38;99;3086;333
39;99;3086;333
40;99;3086;333
41;99;3086;333
42;99;3086;333
43;99;3086;333
44;99;3086;333
45;99;3086;333
46;99;3086;333
47;99;3086;333
48;99;3086;333
49;99;3086;333
50;99;3086;333
51;99;3086;333
52;99;3086;333
53;99;3086;333
54;99;3086;333
55;99;3086;333
56;99;3086;333
57;99;3086;333
58;99;3086;333
59;99;3086;333
60;99;3086;333
61;99;3086;333
62;99;3086;333
63;99;3086;333
64;99;3086;333
65;99;3086;333
66;99;3086;333
67;99;3086;333
68;99;3086;333
69;99;3086;333
70;99;3086;333
71;99;3086;333
72;99;3086;333
73;99;3086;333
74;99;3086;333
75;99;3086;333
76;99;3086;333
77;99;3086;333
78;99;3086;333
79;99;3086;333
80;99;3086;333
81;99;3086;333
82;99;3086;333
83;99;3086;333
84;99;3086;333
85;99;3086;333
86;99;3086;333
87;99;3086;333
88;99;3086;333
89;99;3086;333
90;99;3086;333
91;99;3086;333
92;99;3086;333
93;99;3086;333
94;99;3086;333
95;99;3086;333
96;99;3086;333
97;99;3086;333
98;99;3086;333
99;99;3089;333
