L: -10
X: 353
Y: 122
W: 60
H: 60
0;0;42;0;0
1;0;42;0;0
2;0;42;0;0
3;0;42;0;0
4;0;42;0;0
5;0;42;0;0
6;0;42;0;0
7;0;42;0;0
8;0;42;0;0
9;0;42;0;0
10;0;42;0;0
11;0;42;0;0
12;0;42;0;0
13;0;42;0;0
14;0;42;0;0
15;0;42;0;0
16;0;42;0;0
17;0;42;0;0
18;0;42;0;0
19;0;42;0;0
20;0;42;0;0
21;0;42;0;0
22;0;42;0;0
23;0;42;0;0
24;0;42;0;0
25;0;42;0;0
26;0;42;0;0
27;0;42;0;0
28;0;42;0;0
29;0;42;0;0
30;0;42;0;0
31;0;42;0;0
32;0;42;0;0
33;0;42;0;0
34;0;42;0;0
35;0;42;0;0
36;0;42;0;0
37;0;42;0;0
38;0;42;0;0
39;0;42;0;0
40;0;42;0;0
41;0;42;0;0
42;0;42;0;0
43;0;42;0;0
44;0;42;0;0
45;0;42;0;0
46;0;42;0;0
47;0;42;0;0
48;0;42;0;0
49;0;42;0;0
50;0;42;0;0
51;0;42;0;0
52;0;42;0;0
53;0;42;0;0
54;0;42;0;0
55;0;42;0;0
56;0;42;0;0
57;0;42;0;0
58;0;42;0;0
59;0;42;0;0
0;1;42;0;0
1;1;6;0;0
2;1;6;0;0
3;1;6630;0;0
4;1;42;0;0
5;1;42;0;0
6;1;42;0;0
7;1;42;0;0
8;1;42;0;0
9;1;42;0;0
10;1;42;0;0
11;1;42;0;0
12;1;42;0;0
13;1;42;0;0
14;1;42;0;0
15;1;42;0;0
16;1;42;0;0
17;1;42;0;0
18;1;42;0;0
19;1;42;0;0
20;1;42;0;0
21;1;42;0;0
22;1;42;0;0
23;1;42;0;0
24;1;42;0;0
25;1;42;0;0
26;1;42;0;0
27;1;42;0;0
28;1;42;0;0
29;1;42;0;0
30;1;42;0;0
31;1;42;0;0
32;1;42;0;0
33;1;42;0;0
34;1;42;0;0
35;1;42;0;0
36;1;42;0;0
37;1;42;0;0
38;1;42;0;0
39;1;42;0;0
40;1;42;0;0
41;1;42;0;0
42;1;42;0;0
43;1;42;0;0
44;1;42;0;0
45;1;42;0;0
46;1;42;0;0
47;1;42;0;0
48;1;42;0;0
49;1;42;0;0
50;1;42;0;0
51;1;42;0;0
52;1;55;0;0
53;1;55;0;0
54;1;55;0;0
55;1;55;0;0
56;1;55;0;0
57;1;55;0;0
58;1;55;0;0
59;1;42;0;0
0;2;42;0;0
1;2;6;0;0
2;2;6;0;0
3;2;15;0;0
4;2;15;0;0
5;2;15;0;0
6;2;15;0;0
7;2;15;0;0
8;2;15;0;0
9;2;15;0;0
10;2;15;0;0
11;2;15;0;0
12;2;15;0;0
13;2;15;0;0
14;2;15;0;0
15;2;15;0;0
16;2;15;0;0
17;2;15;0;0
18;2;15;0;0
19;2;2;0;0
20;2;2;0;0
21;2;2;0;0
22;2;2;0;0
23;2;2;0;0
24;2;2;0;0
25;2;2;0;0
26;2;2;0;0
27;2;2;0;0
28;2;2;0;0
29;2;2;0;0
30;2;7;0;0
31;2;7;0;0
32;2;7;0;0
33;2;7;0;0
34;2;7;0;0
35;2;7;0;0
36;2;7;0;0
37;2;7;0;0
38;2;40;0;0
39;2;40;0;0
40;2;40;0;0
41;2;40;0;0
42;2;40;0;0
43;2;40;0;0
44;2;40;0;0
45;2;40;0;0
46;2;40;0;0
47;2;40;0;0
48;2;40;0;0
49;2;42;0;0
50;2;42;0;0
51;2;55;0;0
52;2;55;0;0
53;2;55;0;0
54;2;55;0;0
55;2;55;0;0
56;2;55;0;0
57;2;55;0;0
58;2;55;0;0
59;2;42;0;0
0;3;42;0;0
1;3;6;0;0
2;3;6;0;0
3;3;2534;0;0
4;3;9702;0;0
5;3;9702;0;0
6;3;9702;0;0
7;3;9702;0;0
8;3;9702;0;0
9;3;9702;0;0
10;3;9702;0;0
11;3;9702;0;0
12;3;9702;0;0
13;3;9702;0;0
14;3;9702;0;0
15;3;9702;0;0
16;3;9702;0;0
17;3;9702;0;0
18;3;1510;0;0
19;3;23622;0;0
20;3;2;0;0
21;3;2;0;0
22;3;2;0;0
23;3;2;0;0
24;3;17479;0;0
25;3;9287;0;0
26;3;9287;0;0
27;3;9287;0;0
28;3;9287;0;0
29;3;1095;0;0
30;3;7;0;0
31;3;7;0;0
32;3;7;0;0
33;3;7;0;0
34;3;7;0;0
35;3;7;0;0
36;3;7;0;0
37;3;7;0;0
38;3;40;0;0
39;3;40;0;0
40;3;40;0;0
41;3;40;0;0
42;3;40;0;0
43;3;40;0;0
44;3;40;0;0
45;3;40;0;0
46;3;40;0;0
47;3;40;0;0
48;3;40;0;0
49;3;42;0;0
50;3;42;0;0
51;3;55;0;0
52;3;55;0;0
53;3;55;0;0
54;3;55;0;0
55;3;55;0;0
56;3;55;0;0
57;3;55;0;0
58;3;55;0;0
59;3;42;0;0
0;4;42;0;0
1;4;6;0;0
2;4;6;0;0
3;4;6;0;0
4;4;6;0;0
5;4;6;0;0
6;4;6;0;0
7;4;6;0;0
8;4;6;0;0
9;4;6;0;0
10;4;6;0;0
11;4;6630;0;0
12;4;11750;0;0
13;4;11750;0;0
14;4;5606;0;0
15;4;6;0;0
16;4;6;0;0
17;4;6;0;0
18;4;6;0;0
19;4;7238;0;0
20;4;2;0;0
21;4;2;0;0
22;4;25671;0;0
23;4;1095;0;0
24;4;7;0;0
25;4;7;0;0
26;4;7;0;0
27;4;7;0;0
28;4;7;0;0
29;4;7;0;0
30;4;7;0;0
31;4;7;0;0
32;4;7;0;0
33;4;7;0;0
34;4;7;0;0
35;4;7;0;0
36;4;7;0;0
37;4;7;0;0
38;4;40;0;0
39;4;40;0;0
40;4;40;0;0
41;4;40;0;0
42;4;40;0;0
43;4;45;0;0
44;4;46;0;0
45;4;46;0;0
46;4;47;0;0
47;4;40;0;0
48;4;40;0;0
49;4;42;0;0
50;4;42;0;0
51;4;55;0;0
52;4;55;0;0
53;4;55;0;0
54;4;55;0;0
55;4;55;0;0
56;4;55;0;0
57;4;55;0;0
58;4;55;0;0
59;4;42;0;0
0;5;42;0;0
1;5;6;0;0
2;5;6;0;0
3;5;6;0;0
4;5;6;0;0
5;5;6;0;0
6;5;6;0;0
7;5;6;0;0
8;5;6;0;0
9;5;6;0;0
10;5;8678;0;0
11;5;15;0;0
12;5;15;0;0
13;5;15;0;0
14;5;15;0;0
15;5;4582;0;0
16;5;6;0;0
17;5;6;0;0
18;5;6;0;0
19;5;6;0;0
20;5;23622;0;0
21;5;2;0;0
22;5;10311;0;0
23;5;7;0;0
24;5;7;0;0
25;5;7;0;0
26;5;7;0;0
27;5;7;0;0
28;5;7;0;0
29;5;7;0;0
30;5;7;0;0
31;5;7;0;0
32;5;7;0;0
33;5;7;0;0
34;5;7;0;0
35;5;7;0;0
36;5;7;0;0
37;5;7;0;0
38;5;40;0;0
39;5;40;0;0
40;5;40;0;0
41;5;40;0;0
42;5;40;0;0
43;5;51;0;0
44;5;52;0;0
45;5;45;0;0
46;5;46;0;0
47;5;47;0;0
48;5;40;0;0
49;5;42;0;0
50;5;42;0;0
51;5;55;0;0
52;5;45;0;0
53;5;46;0;0
54;5;46;0;0
55;5;47;0;0
56;5;55;0;0
57;5;55;0;0
58;5;55;0;0
59;5;42;0;0
0;6;42;0;0
1;6;6;0;0
2;6;6;0;0
3;6;6;0;0
4;6;6;0;0
5;6;6;0;0
6;6;6;0;0
7;6;6;0;0
8;6;6;0;0
9;6;6;0;0
10;6;12774;0;0
11;6;15;0;0
12;6;26082;0;0
13;6;27106;0;0
14;6;15;0;0
15;6;10726;0;0
16;6;6;0;0
17;6;6;0;0
18;6;6;0;0
19;6;6;0;0
20;6;12358;0;0
21;6;2;0;0
22;6;27719;0;0
23;6;11335;0;0
24;6;11335;0;0
25;6;11335;0;0
26;6;11335;0;0
27;6;11335;0;0
28;6;11335;0;0
29;6;5191;0;0
30;6;7;0;0
31;6;42;0;0
32;6;7;0;0
33;6;7;0;0
34;6;7;0;0
35;6;7;0;0
36;6;7;0;0
37;6;7;0;0
38;6;40;0;0
39;6;40;0;0
40;6;40;0;0
41;6;40;0;0
42;6;40;0;0
43;6;40;0;0
44;6;45;0;0
45;6;46;0;0
46;6;46;0;0
47;6;47;0;0
48;6;40;0;0
49;6;42;0;0
50;6;42;0;0
51;6;55;0;0
52;6;48;0;0
53;6;49;0;0
54;6;49;0;0
55;6;50;0;0
56;6;55;0;0
57;6;55;0;0
58;6;55;0;0
59;6;42;0;0
0;7;42;0;0
1;7;6;0;0
2;7;6;0;0
3;7;6;0;0
4;7;6;0;0
5;7;6;0;0
6;7;6;0;0
7;7;6;0;0
8;7;6;0;0
9;7;6;0;0
10;7;12774;0;0
11;7;15;0;0
12;7;28130;0;0
13;7;29154;0;0
14;7;15;0;0
15;7;10726;0;0
16;7;6;0;0
17;7;6;0;0
18;7;6;0;0
19;7;6;0;0
20;7;7238;0;0
21;7;6626;0;0
22;7;11746;0;0
23;7;11746;0;0
24;7;11746;0;0
25;7;11746;0;0
26;7;11746;0;0
27;7;11746;0;0
28;7;5602;0;0
29;7;2;0;0
30;7;42;0;0
31;7;42;0;0
32;7;7;0;0
33;7;7;0;0
34;7;7;0;0
35;7;7;0;0
36;7;7;0;0
37;7;7;0;0
38;7;40;0;0
39;7;40;0;0
40;7;40;0;0
41;7;40;0;0
42;7;40;0;0
43;7;40;0;0
44;7;51;0;0
45;7;52;0;0
46;7;52;0;0
47;7;53;0;0
48;7;40;0;0
49;7;55;0;0
50;7;55;0;0
51;7;55;0;0
52;7;51;0;0
53;7;52;0;0
54;7;52;0;0
55;7;53;0;0
56;7;55;0;0
57;7;55;0;0
58;7;55;0;0
59;7;42;0;0
0;8;42;0;0
1;8;6;0;0
2;8;6;0;0
3;8;6;0;0
4;8;6;0;0
5;8;6;0;0
6;8;6;0;0
7;8;6;0;0
8;8;6;0;0
9;8;6;0;0
10;8;7654;0;0
11;8;15;0;0
12;8;15;0;0
13;8;15;0;0
14;8;15;0;0
15;8;3558;0;0
16;8;6;0;0
17;8;6;0;0
18;8;6;0;0
19;8;6;0;0
20;8;8678;0;0
21;8;15;0;0
22;8;15;0;0
23;8;15;0;0
24;8;15;0;0
25;8;15;0;0
26;8;15;0;0
27;8;15;0;0
28;8;15;0;0
29;8;4578;0;0
30;8;42;0;0
31;8;42;0;0
32;8;7;0;0
33;8;7;0;0
34;8;7;0;0
35;8;7;0;0
36;8;7;0;0
37;8;7;0;0
38;8;40;0;0
39;8;45;0;0
40;8;46;0;0
41;8;46;0;0
42;8;46;0;0
43;8;46;0;0
44;8;46;0;0
45;8;51;0;0
46;8;52;0;0
47;8;53;0;0
48;8;40;0;0
49;8;42;0;0
50;8;42;0;0
51;8;55;0;0
52;8;55;0;0
53;8;55;0;0
54;8;55;0;0
55;8;55;0;0
56;8;55;0;0
57;8;55;0;0
58;8;55;0;0
59;8;42;0;0
0;9;42;0;0
1;9;6;0;0
2;9;6;0;0
3;9;6;0;0
4;9;6;0;0
5;9;6;0;0
6;9;6;0;0
7;9;6;0;0
8;9;6;0;0
9;9;6;0;0
10;9;6;0;0
11;9;2534;0;0
12;9;9702;0;0
13;9;9702;0;0
14;9;1510;0;0
15;9;6;0;0
16;9;6;0;0
17;9;6;0;0
18;9;6;0;0
19;9;6;0;0
20;9;7654;0;0
21;9;15;0;0
22;9;15;0;0
23;9;15;0;0
24;9;15;0;0
25;9;17894;0;0
26;9;9702;0;0
27;9;27110;0;0
28;9;15;0;0
29;9;10722;0;0
30;9;42;0;0
31;9;42;0;0
32;9;7;0;0
33;9;7;0;0
34;9;7;0;0
35;9;7;0;0
36;9;7;0;0
37;9;7;0;0
38;9;40;0;0
39;9;48;0;0
40;9;49;0;0
41;9;49;0;0
42;9;49;0;0
43;9;49;0;0
44;9;49;0;0
45;9;49;0;0
46;9;50;0;0
47;9;40;0;0
48;9;40;0;0
49;9;42;0;0
50;9;42;0;0
51;9;55;0;0
52;9;55;0;0
53;9;55;0;0
54;9;55;0;0
55;9;55;0;0
56;9;55;0;0
57;9;55;0;0
58;9;55;0;0
59;9;42;0;0
0;10;42;0;0
1;10;6;0;0
2;10;6;0;0
3;10;6;0;0
4;10;6;0;0
5;10;6;0;0
6;10;6;0;0
7;10;6;0;0
8;10;6;0;0
9;10;6;0;0
10;10;6;0;0
11;10;6;0;0
12;10;6;0;0
13;10;6;0;0
14;10;6;0;0
15;10;6;0;0
16;10;6;0;0
17;10;6;0;0
18;10;6;0;0
19;10;6;0;0
20;10;6;0;0
21;10;2534;0;0
22;10;9702;0;0
23;10;9702;0;0
24;10;1510;0;0
25;10;6;0;0
26;10;6;0;0
27;10;12774;0;0
28;10;15;0;0
29;10;10722;0;0
30;10;42;0;0
31;10;42;0;0
32;10;7;0;0
33;10;7;0;0
34;10;7;0;0
35;10;7;0;0
36;10;7;0;0
37;10;7;0;0
38;10;40;0;0
39;10;51;0;0
40;10;52;0;0
41;10;52;0;0
42;10;52;0;0
43;10;52;0;0
44;10;52;0;0
45;10;52;0;0
46;10;53;0;0
47;10;40;0;0
48;10;40;0;0
49;10;42;0;0
50;10;42;0;0
51;10;55;0;0
52;10;55;0;0
53;10;55;0;0
54;10;55;0;0
55;10;55;0;0
56;10;55;0;0
57;10;55;0;0
58;10;55;0;0
59;10;42;0;0
0;11;42;0;0
1;11;6;0;0
2;11;6;0;0
3;11;6;0;0
4;11;6;0;0
5;11;6;0;0
6;11;6;0;0
7;11;6;0;0
8;11;6;0;0
9;11;6;0;0
10;11;6;0;0
11;11;6;0;0
12;11;6;0;0
13;11;6;0;0
14;11;6;0;0
15;11;6;0;0
16;11;6;0;0
17;11;6;0;0
18;11;6;0;0
19;11;6;0;0
20;11;6;0;0
21;11;6;0;0
22;11;6;0;0
23;11;6;0;0
24;11;6;0;0
25;11;6;0;0
26;11;6;0;0
27;11;12774;0;0
28;11;15;0;0
29;11;10722;0;0
30;11;42;0;0
31;11;42;0;0
32;11;7;0;0
33;11;7;0;0
34;11;7;0;0
35;11;7;0;0
36;11;7;0;0
37;11;7;0;0
38;11;40;0;0
39;11;40;0;0
40;11;40;0;0
41;11;40;0;0
42;11;40;0;0
43;11;40;0;0
44;11;40;0;0
45;11;40;0;0
46;11;40;0;0
47;11;40;0;0
48;11;40;0;0
49;11;42;0;0
50;11;42;0;0
51;11;42;0;0
52;11;42;0;0
53;11;42;0;0
54;11;42;0;0
55;11;42;0;0
56;11;42;0;0
57;11;42;0;0
58;11;42;0;0
59;11;42;0;0
0;12;42;0;0
1;12;6;0;0
2;12;6;0;0
3;12;6;0;0
4;12;6;0;0
5;12;6;0;0
6;12;6;0;0
7;12;6;0;0
8;12;6;0;0
9;12;6630;0;0
10;12;5606;0;0
11;12;6;0;0
12;12;6;0;0
13;12;6;0;0
14;12;6;0;0
15;12;6;0;0
16;12;6;0;0
17;12;6;0;0
18;12;6;0;0
19;12;6;0;0
20;12;6;0;0
21;12;6;0;0
22;12;6;0;0
23;12;6630;0;0
24;12;5606;0;0
25;12;6;0;0
26;12;6;0;0
27;12;25062;0;0
28;12;15;0;0
29;12;10722;0;0
30;12;42;0;0
31;12;42;0;0
32;12;7;0;0
33;12;7;0;0
34;12;7;0;0
35;12;7;0;0
36;12;7;0;0
37;12;7;0;0
38;12;40;0;0
39;12;40;0;0
40;12;40;0;0
41;12;40;0;0
42;12;40;0;0
43;12;40;0;0
44;12;40;0;0
45;12;40;0;0
46;12;40;0;0
47;12;40;0;0
48;12;40;0;0
49;12;42;0;0
50;12;42;0;0
51;12;42;0;0
52;12;42;0;0
53;12;42;0;0
54;12;42;0;0
55;12;42;0;0
56;12;42;0;0
57;12;42;0;0
58;12;42;0;0
59;12;42;0;0
0;13;42;0;0
1;13;6;0;0
2;13;6;0;0
3;13;6;0;0
4;13;6;0;0
5;13;6;0;0
6;13;6;0;0
7;13;6;0;0
8;13;8678;0;0
9;13;15;0;0
10;13;15;0;0
11;13;4582;0;0
12;13;6;0;0
13;13;6;0;0
14;13;6;0;0
15;13;6;0;0
16;13;6;0;0
17;13;6;0;0
18;13;6;0;0
19;13;6;0;0
20;13;6;0;0
21;13;6;0;0
22;13;8678;0;0
23;13;15;0;0
24;13;15;0;0
25;13;23014;0;0
26;13;21990;0;0
27;13;15;0;0
28;13;15;0;0
29;13;3554;0;0
30;13;42;0;0
31;13;42;0;0
32;13;7;0;0
33;13;7;0;0
34;13;7;0;0
35;13;7;0;0
36;13;7;0;0
37;13;7;0;0
38;13;42;0;0
39;13;42;0;0
40;13;42;0;0
41;13;42;0;0
42;13;42;0;0
43;13;42;0;0
44;13;40;0;0
45;13;40;0;0
46;13;40;0;0
47;13;40;0;0
48;13;40;0;0
49;13;42;0;0
50;13;42;0;0
51;13;42;0;0
52;13;15;0;0
53;13;15;0;0
54;13;15;0;0
55;13;15;0;0
56;13;15;0;0
57;13;15;0;0
58;13;15;0;0
59;13;42;0;0
0;14;42;0;0
1;14;6;0;0
2;14;6;0;0
3;14;6;0;0
4;14;6;0;0
5;14;6;0;0
6;14;6;0;0
7;14;6;0;0
8;14;12774;0;0
9;14;15;0;0
10;14;15;0;0
11;14;10726;0;0
12;14;6;0;0
13;14;6;0;0
14;14;6;0;0
15;14;6;0;0
16;14;6;0;0
17;14;6;0;0
18;14;6;0;0
19;14;6;0;0
20;14;6;0;0
21;14;6;0;0
22;14;12774;0;0
23;14;15;0;0
24;14;15;0;0
25;14;15;0;0
26;14;15;0;0
27;14;15;0;0
28;14;42;0;0
29;14;42;0;0
30;14;42;0;0
31;14;42;0;0
32;14;11335;0;0
33;14;11335;0;0
34;14;11335;0;0
35;14;11335;0;0
36;14;11335;0;0
37;14;5191;0;0
38;14;42;0;0
39;14;42;0;0
40;14;42;0;0
41;14;42;0;0
42;14;42;0;0
43;14;42;0;0
44;14;42;0;0
45;14;42;0;0
46;14;42;0;0
47;14;42;0;0
48;14;42;0;0
49;14;42;0;0
50;14;42;0;0
51;14;42;0;0
52;14;15;0;0
53;14;15;0;0
54;14;15;0;0
55;14;15;0;0
56;14;15;0;0
57;14;15;0;0
58;14;15;0;0
59;14;42;0;0
0;15;42;0;0
1;15;6;0;0
2;15;6;0;0
3;15;6;0;0
4;15;6;0;0
5;15;6;0;0
6;15;6;0;0
7;15;6;0;0
8;15;12774;0;0
9;15;15;0;0
10;15;15;0;0
11;15;10726;0;0
12;15;6;0;0
13;15;6;0;0
14;15;6;0;0
15;15;6;0;0
16;15;6;0;0
17;15;6;0;0
18;15;6;0;0
19;15;6;0;0
20;15;6;0;0
21;15;6;0;0
22;15;12774;0;0
23;15;15;0;0
24;15;26082;0;0
25;15;9698;0;0
26;15;9698;0;0
27;15;1506;0;0
28;15;42;0;0
29;15;2;0;0
30;15;2;0;0
31;15;2;0;0
32;15;2;0;0
33;15;2;0;0
34;15;2;0;0
35;15;2;0;0
36;15;2;0;0
37;15;8674;0;0
38;15;15;0;0
39;15;15;0;0
40;15;42;0;0
41;15;42;0;0
42;15;42;0;0
43;15;42;0;0
44;15;42;0;0
45;15;42;0;0
46;15;42;0;0
47;15;42;0;0
48;15;42;0;0
49;15;42;0;0
50;15;42;0;0
51;15;42;0;0
52;15;15;0;0
53;15;15;0;0
54;15;15;0;0
55;15;15;0;0
56;15;15;0;0
57;15;15;0;0
58;15;15;0;0
59;15;42;0;0
0;16;42;0;0
1;16;6;0;0
2;16;6;0;0
3;16;6;0;0
4;16;6;0;0
5;16;6;0;0
6;16;6;0;0
7;16;6;0;0
8;16;7654;0;0
9;16;15;0;0
10;16;15;0;0
11;16;3558;0;0
12;16;6;0;0
13;16;6;0;0
14;16;6;0;0
15;16;6;0;0
16;16;6;0;0
17;16;6;0;0
18;16;6;0;0
19;16;6;0;0
20;16;6;0;0
21;16;6;0;0
22;16;7654;0;0
23;16;15;0;0
24;16;3554;0;0
25;16;2;0;0
26;16;2;0;0
27;16;42;0;0
28;16;42;0;0
29;16;2;0;0
30;16;2;0;0
31;16;2;0;0
32;16;2;0;0
33;16;2;0;0
34;16;2;0;0
35;16;2;0;0
36;16;2;0;0
37;16;12770;0;0
38;16;15;0;0
39;16;15;0;0
40;16;42;0;0
41;16;42;0;0
42;16;42;0;0
43;16;42;0;0
44;16;42;0;0
45;16;42;0;0
46;16;42;0;0
47;16;42;0;0
48;16;42;0;0
49;16;42;0;0
50;16;15;0;0
51;16;15;0;0
52;16;15;0;0
53;16;15;0;0
54;16;15;0;0
55;16;15;0;0
56;16;15;0;0
57;16;15;0;0
58;16;15;0;0
59;16;42;0;0
0;17;42;0;0
1;17;6;0;0
2;17;6;0;0
3;17;6;0;0
4;17;6;0;0
5;17;6;0;0
6;17;6;0;0
7;17;6;0;0
8;17;6;0;0
9;17;2534;0;0
10;17;1510;0;0
11;17;6;0;0
12;17;6;0;0
13;17;6;0;0
14;17;6;0;0
15;17;6;0;0
16;17;6;0;0
17;17;6;0;0
18;17;6;0;0
19;17;6;0;0
20;17;6;0;0
21;17;6;0;0
22;17;6;0;0
23;17;12358;0;0
24;17;2;0;0
25;17;2;0;0
26;17;2;0;0
27;17;42;0;0
28;17;2;0;0
29;17;2;0;0
30;17;2;0;0
31;17;2;0;0
32;17;2;0;0
33;17;2;0;0
34;17;2;0;0
35;17;2;0;0
36;17;2;0;0
37;17;12770;0;0
38;17;15;0;0
39;17;15;0;0
40;17;15;0;0
41;17;15;0;0
42;17;15;0;0
43;17;15;0;0
44;17;15;0;0
45;17;15;0;0
46;17;15;0;0
47;17;15;0;0
48;17;15;0;0
49;17;15;0;0
50;17;15;0;0
51;17;15;0;0
52;17;15;0;0
53;17;15;0;0
54;17;15;0;0
55;17;15;0;0
56;17;15;0;0
57;17;15;0;0
58;17;15;0;0
59;17;42;0;0
0;18;42;0;0
1;18;6;0;0
2;18;6;0;0
3;18;6;0;0
4;18;6;0;0
5;18;6;0;0
6;18;6;0;0
7;18;6;0;0
8;18;6;0;0
9;18;6;0;0
10;18;6;0;0
11;18;6;0;0
12;18;6;0;0
13;18;6;0;0
14;18;6;0;0
15;18;6;0;0
16;18;6;0;0
17;18;6;0;0
18;18;6;0;0
19;18;6;0;0
20;18;6;0;0
21;18;6;0;0
22;18;6;0;0
23;18;12358;0;0
24;18;2;0;0
25;18;2;0;0
26;18;2;0;0
27;18;42;0;0
28;18;2;0;0
29;18;2;0;0
30;18;2;0;0
31;18;2;0;0
32;18;2;0;0
33;18;2;0;0
34;18;2;0;0
35;18;2;0;0
36;18;42;0;0
37;18;42;0;0
38;18;15;0;0
39;18;15;0;0
40;18;15;0;0
41;18;15;0;0
42;18;15;0;0
43;18;15;0;0
44;18;15;0;0
45;18;15;0;0
46;18;15;0;0
47;18;15;0;0
48;18;15;0;0
49;18;15;0;0
50;18;15;0;0
51;18;15;0;0
52;18;15;0;0
53;18;15;0;0
54;18;15;0;0
55;18;15;0;0
56;18;15;0;0
57;18;15;0;0
58;18;15;0;0
59;18;42;0;0
0;19;42;0;0
1;19;6;0;0
2;19;6;0;0
3;19;6;0;0
4;19;6;0;0
5;19;6;0;0
6;19;6;0;0
7;19;6;0;0
8;19;6;0;0
9;19;6214;0;0
10;19;5190;0;0
11;19;6;0;0
12;19;6;0;0
13;19;6;0;0
14;19;6;0;0
15;19;6;0;0
16;19;6;0;0
17;19;6;0;0
18;19;6;0;0
19;19;6;0;0
20;19;6;0;0
21;19;6;0;0
22;19;6214;0;0
23;19;28742;0;0
24;19;2;0;0
25;19;2;0;0
26;19;2;0;0
27;19;42;0;0
28;19;2;0;0
29;19;2;0;0
30;19;2;0;0
31;19;2;0;0
32;19;2;0;0
33;19;2;0;0
34;19;2;0;0
35;19;2;0;0
36;19;42;0;0
37;19;42;0;0
38;19;15;0;0
39;19;15;0;0
40;19;15;0;0
41;19;15;0;0
42;19;15;0;0
43;19;15;0;0
44;19;15;0;0
45;19;15;0;0
46;19;15;0;0
47;19;15;0;0
48;19;15;0;0
49;19;15;0;0
50;19;15;0;0
51;19;15;0;0
52;19;15;0;0
53;19;15;0;0
54;19;15;0;0
55;19;15;0;0
56;19;15;0;0
57;19;15;0;0
58;19;15;0;0
59;19;42;0;0
0;20;42;0;0
1;20;6;0;0
2;20;6;0;0
3;20;6;0;0
4;20;6;0;0
5;20;6;0;0
6;20;6;0;0
7;20;6;0;0
8;20;8262;0;0
9;20;2;0;0
10;20;2;0;0
11;20;15430;0;0
12;20;6;0;0
13;20;6;0;0
14;20;6;0;0
15;20;6;0;0
16;20;6;0;0
17;20;6;0;0
18;20;6;0;0
19;20;6;0;0
20;20;6;0;0
21;20;16454;0;0
22;20;2;0;0
23;20;2;0;0
24;20;2;0;0
25;20;42;0;0
26;20;42;0;0
27;20;42;0;0
28;20;2;0;0
29;20;2;0;0
30;20;2;0;0
31;20;2;0;0
32;20;2;0;0
33;20;42;0;0
34;20;42;0;0
35;20;42;0;0
36;20;42;0;0
37;20;42;0;0
38;20;15;0;0
39;20;15;0;0
40;20;15;0;0
41;20;15;0;0
42;20;15;0;0
43;20;15;0;0
44;20;15;0;0
45;20;15;0;0
46;20;15;0;0
47;20;15;0;0
48;20;15;0;0
49;20;15;0;0
50;20;15;0;0
51;20;15;0;0
52;20;15;0;0
53;20;15;0;0
54;20;15;0;0
55;20;15;0;0
56;20;15;0;0
57;20;15;0;0
58;20;15;0;0
59;20;42;0;0
0;21;42;0;0
1;21;6;0;0
2;21;6;0;0
3;21;6;0;0
4;21;6;0;0
5;21;6;0;0
6;21;6;0;0
7;21;6;0;0
8;21;7238;0;0
9;21;2;0;0
10;21;2;0;0
11;21;2;0;0
12;21;22598;0;0
13;21;11334;0;0
14;21;11334;0;0
15;21;5190;0;0
16;21;6;0;0
17;21;6;0;0
18;21;6;0;0
19;21;6214;0;0
20;21;21574;0;0
21;21;2;0;0
22;21;2;0;0
23;21;2;0;0
24;21;2;0;0
25;21;42;0;0
26;21;2;0;0
27;21;2;0;0
28;21;2;0;0
29;21;2;0;0
30;21;2;0;0
31;21;2;0;0
32;21;2;0;0
33;21;42;0;0
34;21;42;0;0
35;21;42;0;0
36;21;42;0;0
37;21;42;0;0
38;21;15;0;0
39;21;15;0;0
40;21;15;0;0
41;21;15;0;0
42;21;15;0;0
43;21;15;0;0
44;21;15;0;0
45;21;15;0;0
46;21;15;0;0
47;21;15;0;0
48;21;15;0;0
49;21;15;0;0
50;21;15;0;0
51;21;15;0;0
52;21;15;0;0
53;21;15;0;0
54;21;15;0;0
55;21;15;0;0
56;21;15;0;0
57;21;15;0;0
58;21;15;0;0
59;21;42;0;0
0;22;42;0;0
1;22;6;0;0
2;22;6;0;0
3;22;6;0;0
4;22;6;0;0
5;22;6;0;0
6;22;6;0;0
7;22;6;0;0
8;22;6;0;0
9;22;2118;0;0
10;22;26694;0;0
11;22;2;0;0
12;22;2;0;0
13;22;2;0;0
14;22;2;0;0
15;22;2;0;0
16;22;22598;0;0
17;22;11334;0;0
18;22;21574;0;0
19;22;2;0;0
20;22;2;0;0
21;22;2;0;0
22;22;2;0;0
23;22;2;0;0
24;22;2;0;0
25;22;42;0;0
26;22;2;0;0
27;22;6626;0;0
28;22;5602;0;0
29;22;2;0;0
30;22;2;0;0
31;22;2;0;0
32;22;2;0;0
33;22;42;0;0
34;22;42;0;0
35;22;42;0;0
36;22;42;0;0
37;22;42;0;0
38;22;2;0;0
39;22;15;0;0
40;22;15;0;0
41;22;15;0;0
42;22;15;0;0
43;22;15;0;0
44;22;17890;0;0
45;22;9698;0;0
46;22;9698;0;0
47;22;18914;0;0
48;22;15;0;0
49;22;17890;0;0
50;22;9698;0;0
51;22;9698;0;0
52;22;27106;0;0
53;22;15;0;0
54;22;15;0;0
55;22;15;0;0
56;22;15;0;0
57;22;15;0;0
58;22;15;0;0
59;22;42;0;0
0;23;42;0;0
1;23;6;0;0
2;23;6;0;0
3;23;6;0;0
4;23;6;0;0
5;23;6;0;0
6;23;6;0;0
7;23;6;0;0
8;23;6;0;0
9;23;6;0;0
10;23;7238;0;0
11;23;2;0;0
12;23;2;0;0
13;23;2;0;0
14;23;2;0;0
15;23;2;0;0
16;23;2;0;0
17;23;2;0;0
18;23;2;0;0
19;23;2;0;0
20;23;2;0;0
21;23;2;0;0
22;23;2;0;0
23;23;42;0;0
24;23;42;0;0
25;23;42;0;0
26;23;8674;0;0
27;23;15;0;0
28;23;15;0;0
29;23;23010;0;0
30;23;11746;0;0
31;23;5602;0;0
32;23;2;0;0
33;23;42;0;0
34;23;42;0;0
35;23;42;0;0
36;23;42;0;0
37;23;42;0;0
38;23;15;0;0
39;23;15;0;0
40;23;15;0;0
41;23;15;0;0
42;23;15;0;0
43;23;13794;0;0
44;23;2;0;0
45;23;2;0;0
46;23;2;0;0
47;23;2;0;0
48;23;2;0;0
49;23;2;0;0
50;23;2;0;0
51;23;2;0;0
52;23;12770;0;0
53;23;15;0;0
54;23;15;0;0
55;23;15;0;0
56;23;15;0;0
57;23;15;0;0
58;23;15;0;0
59;23;42;0;0
0;24;42;0;0
1;24;6;0;0
2;24;6;0;0
3;24;6;0;0
4;24;6;0;0
5;24;6;0;0
6;24;6;0;0
7;24;6;0;0
8;24;6;0;0
9;24;6;0;0
10;24;6;0;0
11;24;2118;0;0
12;24;9286;0;0
13;24;9286;0;0
14;24;18502;0;0
15;24;2;0;0
16;24;2;0;0
17;24;2;0;0
18;24;2;0;0
19;24;2;0;0
20;24;2;0;0
21;24;2;0;0
22;24;42;0;0
23;24;42;0;0
24;24;2;0;0
25;24;2;0;0
26;24;7650;0;0
27;24;15;0;0
28;24;15;0;0
29;24;15;0;0
30;24;15;0;0
31;24;15;0;0
32;24;4578;0;0
33;24;42;0;0
34;24;42;0;0
35;24;42;0;0
36;24;42;0;0
37;24;42;0;0
38;24;2530;0;0
39;24;9698;0;0
40;24;9698;0;0
41;24;9698;0;0
42;24;1506;0;0
43;24;2;0;0
44;24;2;0;0
45;24;2;0;0
46;24;2;0;0
47;24;2;0;0
48;24;2;0;0
49;24;2;0;0
50;24;2;0;0
51;24;6626;0;0
52;24;29154;0;0
53;24;15;0;0
54;24;15;0;0
55;24;15;0;0
56;24;15;0;0
57;24;15;0;0
58;24;15;0;0
59;24;42;0;0
0;25;42;0;0
1;25;6;0;0
2;25;6;0;0
3;25;6;0;0
4;25;6;0;0
5;25;6;0;0
6;25;6;0;0
7;25;6;0;0
8;25;6;0;0
9;25;6;0;0
10;25;6;0;0
11;25;6;0;0
12;25;6;0;0
13;25;42;0;0
14;25;42;0;0
15;25;42;0;0
16;25;42;0;0
17;25;42;0;0
18;25;42;0;0
19;25;42;0;0
20;25;42;0;0
21;25;42;0;0
22;25;42;0;0
23;25;2;0;0
24;25;2;0;0
25;25;2;0;0
26;25;2;0;0
27;25;2530;0;0
28;25;27106;0;0
29;25;15;0;0
30;25;15;0;0
31;25;15;0;0
32;25;20962;0;0
33;25;42;0;0
34;25;42;0;0
35;25;42;0;0
36;25;42;0;0
37;25;42;0;0
38;25;2;0;0
39;25;2;0;0
40;25;2;0;0
41;25;2;0;0
42;25;2;0;0
43;25;2;0;0
44;25;2;0;0
45;25;2;0;0
46;25;2;0;0
47;25;2;0;0
48;25;2;0;0
49;25;6626;0;0
50;25;21986;0;0
51;25;15;0;0
52;25;15;0;0
53;25;15;0;0
54;25;15;0;0
55;25;15;0;0
56;25;15;0;0
57;25;15;0;0
58;25;15;0;0
59;25;42;0;0
0;26;42;0;0
1;26;42;0;0
2;26;42;0;0
3;26;42;0;0
4;26;42;0;0
5;26;42;0;0
6;26;42;0;0
7;26;42;0;0
8;26;42;0;0
9;26;42;0;0
10;26;42;0;0
11;26;42;0;0
12;26;42;0;0
13;26;15;0;0
14;26;15;0;0
15;26;15;0;0
16;26;15;0;0
17;26;4578;0;0
18;26;2;0;0
19;26;2;0;0
20;26;2;0;0
21;26;2;0;0
22;26;2;0;0
23;26;2;0;0
24;26;2;0;0
25;26;2;0;0
26;26;2;0;0
27;26;2;0;0
28;26;12770;0;0
29;26;15;0;0
30;26;15;0;0
31;26;15;0;0
32;26;15;0;0
33;26;42;0;0
34;26;42;0;0
35;26;42;0;0
36;26;42;0;0
37;26;42;0;0
38;26;2;0;0
39;26;2;0;0
40;26;2;0;0
41;26;2;0;0
42;26;2;0;0
43;26;2;0;0
44;26;2;0;0
45;26;6626;0;0
46;26;11746;0;0
47;26;11746;0;0
48;26;21986;0;0
49;26;15;0;0
50;26;15;0;0
51;26;15;0;0
52;26;15;0;0
53;26;15;0;0
54;26;15;0;0
55;26;15;0;0
56;26;15;0;0
57;26;15;0;0
58;26;15;0;0
59;26;42;0;0
0;27;42;0;0
1;27;42;0;0
2;27;42;0;0
3;27;42;0;0
4;27;42;0;0
5;27;42;0;0
6;27;42;0;0
7;27;42;0;0
8;27;42;0;0
9;27;42;0;0
10;27;42;0;0
11;27;42;0;0
12;27;42;0;0
13;27;15;0;0
14;27;15;0;0
15;27;15;0;0
16;27;15;0;0
17;27;10722;0;0
18;27;2;0;0
19;27;2;0;0
20;27;2;0;0
21;27;2;0;0
22;27;2;0;0
23;27;2;0;0
24;27;2;0;0
25;27;2;0;0
26;27;2;0;0
27;27;2;0;0
28;27;7650;0;0
29;27;15;0;0
30;27;15;0;0
31;27;15;0;0
32;27;15;0;0
33;27;15;0;0
34;27;15842;0;0
35;27;2;0;0
36;27;2;0;0
37;27;2;0;0
38;27;2;0;0
39;27;2;0;0
40;27;2;0;0
41;27;2;0;0
42;27;2;0;0
43;27;2;0;0
44;27;8674;0;0
45;27;15;0;0
46;27;15;0;0
47;27;15;0;0
48;27;15;0;0
49;27;15;0;0
50;27;15;0;0
51;27;15;0;0
52;27;15;0;0
53;27;15;0;0
54;27;15;0;0
55;27;15;0;0
56;27;15;0;0
57;27;15;0;0
58;27;15;0;0
59;27;42;0;0
0;28;42;0;0
1;28;42;0;0
2;28;42;0;0
3;28;42;0;0
4;28;42;0;0
5;28;42;0;0
6;28;42;0;0
7;28;42;0;0
8;28;42;0;0
9;28;42;0;0
10;28;42;0;0
11;28;42;0;0
12;28;42;0;0
13;28;15;0;0
14;28;15;0;0
15;28;15;0;0
16;28;15;0;0
17;28;10722;0;0
18;28;2;0;0
19;28;2;0;0
20;28;2;0;0
21;28;2;0;0
22;28;2;0;0
23;28;2;0;0
24;28;2;0;0
25;28;2;0;0
26;28;2;0;0
27;28;2;0;0
28;28;2;0;0
29;28;2530;0;0
30;28;9698;0;0
31;28;9698;0;0
32;28;18914;0;0
33;28;15;0;0
34;28;15;0;0
35;28;23010;0;0
36;28;5602;0;0
37;28;2;0;0
38;28;2;0;0
39;28;2;0;0
40;28;2;0;0
41;28;2;0;0
42;28;2;0;0
43;28;2;0;0
44;28;12770;0;0
45;28;15;0;0
46;28;15;0;0
47;28;15;0;0
48;28;15;0;0
49;28;15;0;0
50;28;15;0;0
51;28;15;0;0
52;28;15;0;0
53;28;15;0;0
54;28;15;0;0
55;28;15;0;0
56;28;15;0;0
57;28;15;0;0
58;28;15;0;0
59;28;42;0;0
0;29;0;0;0
1;29;0;0;0
2;29;0;0;0
3;29;0;0;0
4;29;0;0;0
5;29;0;0;0
6;29;0;0;0
7;29;0;0;0
8;29;0;0;0
9;29;0;0;0
10;29;42;0;0
11;29;15;0;0
12;29;15;0;0
13;29;0;0;0
14;29;15;0;0
15;29;15;0;0
16;29;15;0;0
17;29;3554;0;0
18;29;2;0;0
19;29;2;0;0
20;29;2;0;0
21;29;2;0;0
22;29;2;0;0
23;29;2;0;0
24;29;2;0;0
25;29;2;0;0
26;29;2;0;0
27;29;2;0;0
28;29;2;0;0
29;29;2;0;0
30;29;2;0;0
31;29;2;0;0
32;29;2;0;0
33;29;14818;0;0
34;29;15;0;0
35;29;15;0;0
36;29;15;0;0
37;29;4578;0;0
38;29;2;0;0
39;29;2;0;0
40;29;2;0;0
41;29;2;0;0
42;29;2;0;0
43;29;2;0;0
44;29;25058;0;0
45;29;15;0;0
46;29;15;0;0
47;29;15;0;0
48;29;15;0;0
49;29;15;0;0
50;29;15;0;0
51;29;15;0;0
52;29;15;0;0
53;29;15;0;0
54;29;15;0;0
55;29;15;0;0
56;29;15;0;0
57;29;15;0;0
58;29;15;0;0
59;29;42;0;0
0;30;0;0;0
1;30;0;0;0
2;30;0;0;0
3;30;0;0;0
4;30;0;0;0
5;30;0;0;0
6;30;0;0;0
7;30;0;0;0
8;30;0;0;0
9;30;0;0;0
10;30;42;0;0
11;30;15;0;0
12;30;15;0;0
13;30;15;0;0
14;30;15;0;0
15;30;17890;0;0
16;30;1506;0;0
17;30;2;0;0
18;30;2;0;0
19;30;2;0;0
20;30;6626;0;0
21;30;11746;0;0
22;30;5602;0;0
23;30;2;0;0
24;30;2;0;0
25;30;2;0;0
26;30;2;0;0
27;30;2;0;0
28;30;2;0;0
29;30;6626;0;0
30;30;11746;0;0
31;30;11746;0;0
32;30;5602;0;0
33;30;2;0;0
34;30;14818;0;0
35;30;15;0;0
36;30;15;0;0
37;30;3554;0;0
38;30;2;0;0
39;30;2;0;0
40;30;2;0;0
41;30;2;0;0
42;30;2;0;0
43;30;42;0;0
44;30;15;0;0
45;30;15;0;0
46;30;15;0;0
47;30;15;0;0
48;30;15;0;0
49;30;15;0;0
50;30;15;0;0
51;30;15;0;0
52;30;15;0;0
53;30;15;0;0
54;30;15;0;0
55;30;15;0;0
56;30;15;0;0
57;30;15;0;0
58;30;15;0;0
59;30;42;0;0
0;31;0;0;0
1;31;0;0;0
2;31;0;0;0
3;31;0;0;0
4;31;0;0;0
5;31;0;0;0
6;31;0;0;0
7;31;0;0;0
8;31;0;0;0
9;31;0;0;0
10;31;42;0;0
11;31;15;0;0
12;31;15;0;0
13;31;17890;0;0
14;31;1506;0;0
15;31;2;0;0
16;31;6626;0;0
17;31;5602;0;0
18;31;2;0;0
19;31;8674;0;0
20;31;15;0;0
21;31;15;0;0
22;31;15;0;0
23;31;4578;0;0
24;31;2;0;0
25;31;2;0;0
26;31;2;0;0
27;31;2;0;0
28;31;8674;0;0
29;31;15;0;0
30;31;15;0;0
31;31;15;0;0
32;31;15;0;0
33;31;4578;0;0
34;31;2;0;0
35;31;2530;0;0
36;31;1506;0;0
37;31;2;0;0
38;31;2;0;0
39;31;2;0;0
40;31;2;0;0
41;31;2;0;0
42;31;2;0;0
43;31;42;0;0
44;31;15;0;0
45;31;15;0;0
46;31;15;0;0
47;31;15;0;0
48;31;15;0;0
49;31;15;0;0
50;31;15;0;0
51;31;15;0;0
52;31;15;0;0
53;31;15;0;0
54;31;15;0;0
55;31;15;0;0
56;31;15;0;0
57;31;15;0;0
58;31;15;0;0
59;31;42;0;0
0;32;0;0;0
1;32;0;0;0
2;32;0;0;0
3;32;0;0;0
4;32;0;0;0
5;32;0;0;0
6;32;0;0;0
7;32;0;0;0
8;32;0;0;0
9;32;0;0;0
10;32;42;0;0
11;32;42;0;0
12;32;42;0;0
13;32;42;0;0
14;32;42;0;0
15;32;8674;0;0
16;32;15;0;0
17;32;15;0;0
18;32;23010;0;0
19;32;29154;0;0
20;32;15;0;0
21;32;15;0;0
22;32;15;0;0
23;32;28130;0;0
24;32;11746;0;0
25;32;11746;0;0
26;32;11746;0;0
27;32;11746;0;0
28;32;29154;0;0
29;32;15;0;0
30;32;15;0;0
31;32;15;0;0
32;32;15;0;0
33;32;20962;0;0
34;32;2;0;0
35;32;2;0;0
36;32;2;0;0
37;32;2;0;0
38;32;2;0;0
39;32;2;0;0
40;32;2;0;0
41;32;2;0;0
42;32;2;0;0
43;32;42;0;0
44;32;15;0;0
45;32;15;0;0
46;32;15;0;0
47;32;15;0;0
48;32;15;0;0
49;32;15;0;0
50;32;15;0;0
51;32;15;0;0
52;32;15;0;0
53;32;15;0;0
54;32;15;0;0
55;32;15;0;0
56;32;15;0;0
57;32;15;0;0
58;32;15;0;0
59;32;42;0;0
0;33;0;0;0
1;33;0;0;0
2;33;0;0;0
3;33;0;0;0
4;33;0;0;0
5;33;0;0;0
6;33;0;0;0
7;33;0;0;0
8;33;0;0;0
9;33;0;0;0
10;33;42;0;0
11;33;15;0;0
12;33;42;0;0
13;33;42;0;0
14;33;42;0;0
15;33;7650;0;0
16;33;15;0;0
17;33;15;0;0
18;33;15;0;0
19;33;15;0;0
20;33;15;0;0
21;33;15;0;0
22;33;15;0;0
23;33;15;0;0
24;33;15;0;0
25;33;15;0;0
26;33;15;0;0
27;33;15;0;0
28;33;15;0;0
29;33;15;0;0
30;33;15;0;0
31;33;15;0;0
32;33;15;0;0
33;33;15;0;0
34;33;4578;0;0
35;33;2;0;0
36;33;6626;0;0
37;33;5602;0;0
38;33;2;0;0
39;33;2;0;0
40;33;2;0;0
41;33;2;0;0
42;33;42;0;0
43;33;42;0;0
44;33;15;0;0
45;33;15;0;0
46;33;15;0;0
47;33;15;0;0
48;33;15;0;0
49;33;15;0;0
50;33;15;0;0
51;33;15;0;0
52;33;15;0;0
53;33;15;0;0
54;33;15;0;0
55;33;15;0;0
56;33;15;0;0
57;33;15;0;0
58;33;15;0;0
59;33;42;0;0
0;34;0;0;0
1;34;0;0;0
2;34;0;0;0
3;34;0;0;0
4;34;0;0;0
5;34;0;0;0
6;34;0;0;0
7;34;0;0;0
8;34;0;0;0
9;34;0;0;0
10;34;42;0;0
11;34;15;0;0
12;34;42;0;0
13;34;42;0;0
14;34;42;0;0
15;34;2;0;0
16;34;2530;0;0
17;34;18914;0;0
18;34;15;0;0
19;34;15;0;0
20;34;15;0;0
21;34;15;0;0
22;34;15;0;0
23;34;17890;0;0
24;34;9698;0;0
25;34;9698;0;0
26;34;42;0;0
27;34;42;0;0
28;34;42;0;0
29;34;27106;0;0
30;34;15;0;0
31;34;15;0;0
32;34;15;0;0
33;34;15;0;0
34;34;28130;0;0
35;34;21986;0;0
36;34;15;0;0
37;34;15;0;0
38;34;4578;0;0
39;34;2;0;0
40;34;2;0;0
41;34;2;0;0
42;34;8674;0;0
43;34;15;0;0
44;34;15;0;0
45;34;15;0;0
46;34;15;0;0
47;34;15;0;0
48;34;15;0;0
49;34;15;0;0
50;34;15;0;0
51;34;15;0;0
52;34;15;0;0
53;34;15;0;0
54;34;15;0;0
55;34;15;0;0
56;34;15;0;0
57;34;15;0;0
58;34;15;0;0
59;34;42;0;0
0;35;0;0;0
1;35;0;0;0
2;35;0;0;0
3;35;0;0;0
4;35;0;0;0
5;35;0;0;0
6;35;0;0;0
7;35;0;0;0
8;35;0;0;0
9;35;0;0;0
10;35;42;0;0
11;35;15;0;0
12;35;42;0;0
13;35;42;0;0
14;35;42;0;0
15;35;2;0;0
16;35;2;0;0
17;35;2;0;0
18;35;2530;0;0
19;35;9698;0;0
20;35;9698;0;0
21;35;9698;0;0
22;35;1506;0;0
23;35;2;0;0
24;35;2;0;0
25;35;2;0;0
26;35;42;0;0
27;35;42;0;0
28;35;42;0;0
29;35;12770;0;0
30;35;15;0;0
31;35;15;0;0
32;35;15;0;0
33;35;15;0;0
34;35;15;0;0
35;35;15;0;0
36;35;15;0;0
37;35;15;0;0
38;35;10722;0;0
39;35;2;0;0
40;35;2;0;0
41;35;2;0;0
42;35;12770;0;0
43;35;15;0;0
44;35;15;0;0
45;35;15;0;0
46;35;15;0;0
47;35;15;0;0
48;35;15;0;0
49;35;15;0;0
50;35;15;0;0
51;35;15;0;0
52;35;15;0;0
53;35;15;0;0
54;35;15;0;0
55;35;15;0;0
56;35;15;0;0
57;35;15;0;0
58;35;15;0;0
59;35;42;0;0
0;36;0;0;0
1;36;0;0;0
2;36;0;0;0
3;36;0;0;0
4;36;0;0;0
5;36;0;0;0
6;36;0;0;0
7;36;0;0;0
8;36;0;0;0
9;36;0;0;0
10;36;42;0;0
11;36;15;0;0
12;36;42;0;0
13;36;42;0;0
14;36;42;0;0
15;36;2;0;0
16;36;2;0;0
17;36;2;0;0
18;36;2;0;0
19;36;2;0;0
20;36;2;0;0
21;36;2;0;0
22;36;2;0;0
23;36;2;0;0
24;36;2;0;0
25;36;2;0;0
26;36;42;0;0
27;36;42;0;0
28;36;42;0;0
29;36;7650;0;0
30;36;15;0;0
31;36;15;0;0
32;36;15;0;0
33;36;15;0;0
34;36;15;0;0
35;36;15;0;0
36;36;15;0;0
37;36;15;0;0
38;36;3554;0;0
39;36;2;0;0
40;36;2;0;0
41;36;2;0;0
42;36;12770;0;0
43;36;15;0;0
44;36;15;0;0
45;36;15;0;0
46;36;15;0;0
47;36;15;0;0
48;36;15;0;0
49;36;15;0;0
50;36;15;0;0
51;36;15;0;0
52;36;15;0;0
53;36;15;0;0
54;36;15;0;0
55;36;15;0;0
56;36;15;0;0
57;36;15;0;0
58;36;15;0;0
59;36;42;0;0
0;37;0;0;0
1;37;0;0;0
2;37;0;0;0
3;37;0;0;0
4;37;0;0;0
5;37;0;0;0
6;37;0;0;0
7;37;0;0;0
8;37;0;0;0
9;37;0;0;0
10;37;42;0;0
11;37;15;0;0
12;37;42;0;0
13;37;42;0;0
14;37;42;0;0
15;37;2;0;0
16;37;2;0;0
17;37;2;0;0
18;37;2;0;0
19;37;2;0;0
20;37;2;0;0
21;37;2;0;0
22;37;2;0;0
23;37;2;0;0
24;37;2;0;0
25;37;2;0;0
26;37;42;0;0
27;37;42;0;0
28;37;42;0;0
29;37;2;0;0
30;37;24034;0;0
31;37;15;0;0
32;37;15;0;0
33;37;15;0;0
34;37;26082;0;0
35;37;9698;0;0
36;37;9698;0;0
37;37;1506;0;0
38;37;2;0;0
39;37;2;0;0
40;37;2;0;0
41;37;2;0;0
42;37;12770;0;0
43;37;15;0;0
44;37;15;0;0
45;37;15;0;0
46;37;15;0;0
47;37;15;0;0
48;37;15;0;0
49;37;15;0;0
50;37;15;0;0
51;37;15;0;0
52;37;15;0;0
53;37;15;0;0
54;37;15;0;0
55;37;15;0;0
56;37;15;0;0
57;37;15;0;0
58;37;15;0;0
59;37;42;0;0
0;38;0;0;0
1;38;0;0;0
2;38;0;0;0
3;38;0;0;0
4;38;0;0;0
5;38;0;0;0
6;38;0;0;0
7;38;0;0;0
8;38;0;0;0
9;38;0;0;0
10;38;42;0;0
11;38;15;0;0
12;38;42;0;0
13;38;42;0;0
14;38;42;0;0
15;38;42;0;0
16;38;42;0;0
17;38;42;0;0
18;38;42;0;0
19;38;42;0;0
20;38;42;0;0
21;38;42;0;0
22;38;42;0;0
23;38;42;0;0
24;38;6626;0;0
25;38;5602;0;0
26;38;42;0;0
27;38;42;0;0
28;38;42;0;0
29;38;2;0;0
30;38;12770;0;0
31;38;15;0;0
32;38;15;0;0
33;38;15;0;0
34;38;10722;0;0
35;38;2;0;0
36;38;6626;0;0
37;38;5602;0;0
38;38;2;0;0
39;38;2;0;0
40;38;2;0;0
41;38;2;0;0
42;38;12770;0;0
43;38;15;0;0
44;38;15;0;0
45;38;15;0;0
46;38;15;0;0
47;38;15;0;0
48;38;15;0;0
49;38;15;0;0
50;38;15;0;0
51;38;15;0;0
52;38;15;0;0
53;38;15;0;0
54;38;15;0;0
55;38;15;0;0
56;38;15;0;0
57;38;15;0;0
58;38;15;0;0
59;38;42;0;0
0;39;0;0;0
1;39;0;0;0
2;39;0;0;0
3;39;0;0;0
4;39;0;0;0
5;39;0;0;0
6;39;0;0;0
7;39;0;0;0
8;39;0;0;0
9;39;0;0;0
10;39;42;0;0
11;39;15;0;0
12;39;42;0;0
13;39;42;0;0
14;39;42;0;0
15;39;42;0;0
16;39;42;0;0
17;39;42;0;0
18;39;42;0;0
19;39;42;0;0
20;39;42;0;0
21;39;42;0;0
22;39;42;0;0
23;39;42;0;0
24;39;15;0;0
25;39;15;0;0
26;39;42;0;0
27;39;42;0;0
28;39;42;0;0
29;39;2;0;0
30;39;12770;0;0
31;39;15;0;0
32;39;15;0;0
33;39;15;0;0
34;39;28130;0;0
35;39;21986;0;0
36;39;15;0;0
37;39;15;0;0
38;39;15842;0;0
39;39;2;0;0
40;39;2;0;0
41;39;2;0;0
42;39;12770;0;0
43;39;15;0;0
44;39;15;0;0
45;39;15;0;0
46;39;15;0;0
47;39;15;0;0
48;39;15;0;0
49;39;15;0;0
50;39;15;0;0
51;39;15;0;0
52;39;15;0;0
53;39;15;0;0
54;39;15;0;0
55;39;15;0;0
56;39;15;0;0
57;39;15;0;0
58;39;15;0;0
59;39;42;0;0
0;40;0;0;0
1;40;0;0;0
2;40;0;0;0
3;40;0;0;0
4;40;0;0;0
5;40;0;0;0
6;40;0;0;0
7;40;0;0;0
8;40;0;0;0
9;40;0;0;0
10;40;42;0;0
11;40;15;0;0
12;40;42;0;0
13;40;42;0;0
14;40;42;0;0
15;40;42;0;0
16;40;42;0;0
17;40;42;0;0
18;40;42;0;0
19;40;42;0;0
20;40;42;0;0
21;40;42;0;0
22;40;42;0;0
23;40;42;0;0
24;40;15;0;0
25;40;15;0;0
26;40;42;0;0
27;40;42;0;0
28;40;42;0;0
29;40;2;0;0
30;40;7650;0;0
31;40;15;0;0
32;40;15;0;0
33;40;15;0;0
34;40;15;0;0
35;40;15;0;0
36;40;15;0;0
37;40;15;0;0
38;40;15;0;0
39;40;2;0;0
40;40;2;0;0
41;40;2;0;0
42;40;12770;0;0
43;40;15;0;0
44;40;15;0;0
45;40;15;0;0
46;40;15;0;0
47;40;15;0;0
48;40;15;0;0
49;40;15;0;0
50;40;15;0;0
51;40;15;0;0
52;40;15;0;0
53;40;15;0;0
54;40;15;0;0
55;40;15;0;0
56;40;15;0;0
57;40;15;0;0
58;40;15;0;0
59;40;42;0;0
0;41;0;0;0
1;41;0;0;0
2;41;0;0;0
3;41;0;0;0
4;41;0;0;0
5;41;0;0;0
6;41;0;0;0
7;41;0;0;0
8;41;0;0;0
9;41;0;0;0
10;41;42;0;0
11;41;15;0;0
12;41;42;0;0
13;41;42;0;0
14;41;15;0;0
15;41;15;0;0
16;41;15;0;0
17;41;15;0;0
18;41;15;0;0
19;41;15;0;0
20;41;15;0;0
21;41;15;0;0
22;41;15;0;0
23;41;15;0;0
24;41;15;0;0
25;41;15;0;0
26;41;42;0;0
27;41;42;0;0
28;41;42;0;0
29;41;2;0;0
30;41;2;0;0
31;41;2530;0;0
32;41;9698;0;0
33;41;9698;0;0
34;41;9698;0;0
35;41;9698;0;0
36;41;9698;0;0
37;41;9698;0;0
38;41;1506;0;0
39;41;2;0;0
40;41;2;0;0
41;41;6626;0;0
42;41;29154;0;0
43;41;15;0;0
44;41;15;0;0
45;41;15;0;0
46;41;15;0;0
47;41;15;0;0
48;41;15;0;0
49;41;15;0;0
50;41;15;0;0
51;41;15;0;0
52;41;15;0;0
53;41;15;0;0
54;41;15;0;0
55;41;15;0;0
56;41;15;0;0
57;41;15;0;0
58;41;15;0;0
59;41;42;0;0
0;42;0;0;0
1;42;0;0;0
2;42;0;0;0
3;42;0;0;0
4;42;0;0;0
5;42;0;0;0
6;42;0;0;0
7;42;0;0;0
8;42;0;0;0
9;42;0;0;0
10;42;42;0;0
11;42;42;0;0
12;42;42;0;0
13;42;42;0;0
14;42;42;0;0
15;42;42;0;0
16;42;42;0;0
17;42;42;0;0
18;42;42;0;0
19;42;42;0;0
20;42;42;0;0
21;42;42;0;0
22;42;42;0;0
23;42;15;0;0
24;42;15;0;0
25;42;15;0;0
26;42;42;0;0
27;42;42;0;0
28;42;42;0;0
29;42;2;0;0
30;42;2;0;0
31;42;2;0;0
32;42;2;0;0
33;42;2;0;0
34;42;2;0;0
35;42;2;0;0
36;42;2;0;0
37;42;2;0;0
38;42;2;0;0
39;42;2;0;0
40;42;8674;0;0
41;42;15;0;0
42;42;15;0;0
43;42;15;0;0
44;42;15;0;0
45;42;15;0;0
46;42;15;0;0
47;42;15;0;0
48;42;15;0;0
49;42;15;0;0
50;42;15;0;0
51;42;15;0;0
52;42;15;0;0
53;42;15;0;0
54;42;15;0;0
55;42;15;0;0
56;42;15;0;0
57;42;15;0;0
58;42;15;0;0
59;42;42;0;0
0;43;0;0;0
1;43;0;0;0
2;43;0;0;0
3;43;0;0;0
4;43;0;0;0
5;43;0;0;0
6;43;0;0;0
7;43;0;0;0
8;43;0;0;0
9;43;0;0;0
10;43;15;0;0
11;43;15;0;0
12;43;15;0;0
13;43;15;0;0
14;43;15;0;0
15;43;15;0;0
16;43;15;0;0
17;43;15;0;0
18;43;15;0;0
19;43;15;0;0
20;43;15;0;0
21;43;15;0;0
22;43;42;0;0
23;43;15;0;0
24;43;15;0;0
25;43;15;0;0
26;43;42;0;0
27;43;42;0;0
28;43;42;0;0
29;43;2;0;0
30;43;2;0;0
31;43;2;0;0
32;43;2;0;0
33;43;2;0;0
34;43;2;0;0
35;43;2;0;0
36;43;2;0;0
37;43;6626;0;0
38;43;11746;0;0
39;43;11746;0;0
40;43;29154;0;0
41;43;15;0;0
42;43;15;0;0
43;43;15;0;0
44;43;15;0;0
45;43;15;0;0
46;43;15;0;0
47;43;15;0;0
48;43;15;0;0
49;43;15;0;0
50;43;15;0;0
51;43;15;0;0
52;43;15;0;0
53;43;15;0;0
54;43;15;0;0
55;43;15;0;0
56;43;15;0;0
57;43;15;0;0
58;43;15;0;0
59;43;42;0;0
0;44;0;0;0
1;44;0;0;0
2;44;0;0;0
3;44;0;0;0
4;44;0;0;0
5;44;0;0;0
6;44;0;0;0
7;44;0;0;0
8;44;0;0;0
9;44;0;0;0
10;44;15;0;0
11;44;15;0;0
12;44;15;0;0
13;44;15;0;0
14;44;15;0;0
15;44;15;0;0
16;44;15;0;0
17;44;15;0;0
18;44;15;0;0
19;44;15;0;0
20;44;15;0;0
21;44;15;0;0
22;44;42;0;0
23;44;15;0;0
24;44;15;0;0
25;44;15;0;0
26;44;42;0;0
27;44;42;0;0
28;44;42;0;0
29;44;42;0;0
30;44;42;0;0
31;44;42;0;0
32;44;42;0;0
33;44;42;0;0
34;44;42;0;0
35;44;42;0;0
36;44;42;0;0
37;44;15;0;0
38;44;15;0;0
39;44;15;0;0
40;44;15;0;0
41;44;15;0;0
42;44;15;0;0
43;44;15;0;0
44;44;15;0;0
45;44;15;0;0
46;44;15;0;0
47;44;15;0;0
48;44;15;0;0
49;44;15;0;0
50;44;15;0;0
51;44;15;0;0
52;44;15;0;0
53;44;15;0;0
54;44;15;0;0
55;44;15;0;0
56;44;15;0;0
57;44;15;0;0
58;44;15;0;0
59;44;42;0;0
0;45;0;0;0
1;45;0;0;0
2;45;0;0;0
3;45;0;0;0
4;45;0;0;0
5;45;0;0;0
6;45;0;0;0
7;45;42;0;0
8;45;42;0;0
9;45;42;0;0
10;45;42;0;0
11;45;42;0;0
12;45;42;0;0
13;45;42;0;0
14;45;42;0;0
15;45;42;0;0
16;45;42;0;0
17;45;15;0;0
18;45;15;0;0
19;45;15;0;0
20;45;15;0;0
21;45;15;0;0
22;45;42;0;0
23;45;15;0;0
24;45;15;0;0
25;45;15;0;0
26;45;42;0;0
27;45;42;0;0
28;45;42;0;0
29;45;42;0;0
30;45;42;0;0
31;45;42;0;0
32;45;42;0;0
33;45;42;0;0
34;45;42;0;0
35;45;42;0;0
36;45;42;0;0
37;45;15;0;0
38;45;15;0;0
39;45;15;0;0
40;45;15;0;0
41;45;15;0;0
42;45;15;0;0
43;45;15;0;0
44;45;15;0;0
45;45;15;0;0
46;45;15;0;0
47;45;15;0;0
48;45;15;0;0
49;45;15;0;0
50;45;15;0;0
51;45;15;0;0
52;45;15;0;0
53;45;15;0;0
54;45;15;0;0
55;45;15;0;0
56;45;15;0;0
57;45;15;0;0
58;45;15;0;0
59;45;42;0;0
0;46;0;0;0
1;46;0;0;0
2;46;0;0;0
3;46;0;0;0
4;46;0;0;0
5;46;0;0;0
6;46;0;0;0
7;46;42;0;0
8;46;15;0;0
9;46;15;0;0
10;46;15;0;0
11;46;15;0;0
12;46;15;0;0
13;46;15;0;0
14;46;15;0;0
15;46;15;0;0
16;46;42;0;0
17;46;15;0;0
18;46;15;0;0
19;46;15;0;0
20;46;15;0;0
21;46;15;0;0
22;46;42;0;0
23;46;15;0;0
24;46;15;0;0
25;46;15;0;0
26;46;42;0;0
27;46;42;0;0
28;46;42;0;0
29;46;42;0;0
30;46;42;0;0
31;46;42;0;0
32;46;42;0;0
33;46;42;0;0
34;46;42;0;0
35;46;42;0;0
36;46;42;0;0
37;46;15;0;0
38;46;15;0;0
39;46;15;0;0
40;46;15;0;0
41;46;15;0;0
42;46;15;0;0
43;46;15;0;0
44;46;15;0;0
45;46;15;0;0
46;46;15;0;0
47;46;15;0;0
48;46;15;0;0
49;46;15;0;0
50;46;15;0;0
51;46;15;0;0
52;46;15;0;0
53;46;15;0;0
54;46;15;0;0
55;46;15;0;0
56;46;15;0;0
57;46;15;0;0
58;46;15;0;0
59;46;42;0;0
0;47;0;0;0
1;47;0;0;0
2;47;0;0;0
3;47;0;0;0
4;47;0;0;0
5;47;0;0;0
6;47;42;0;0
7;47;42;0;0
8;47;15;0;0
9;47;15;0;0
10;47;15;0;0
11;47;15;0;0
12;47;15;0;0
13;47;15;0;0
14;47;15;0;0
15;47;15;0;0
16;47;42;0;0
17;47;42;0;0
18;47;15;0;0
19;47;15;0;0
20;47;15;0;0
21;47;15;0;0
22;47;42;0;0
23;47;15;0;0
24;47;15;0;0
25;47;15;0;0
26;47;15;0;0
27;47;15;0;0
28;47;15;0;0
29;47;15;0;0
30;47;15;0;0
31;47;15;0;0
32;47;15;0;0
33;47;15;0;0
34;47;15;0;0
35;47;15;0;0
36;47;15;0;0
37;47;15;0;0
38;47;15;0;0
39;47;15;0;0
40;47;15;0;0
41;47;15;0;0
42;47;15;0;0
43;47;15;0;0
44;47;15;0;0
45;47;15;0;0
46;47;15;0;0
47;47;15;0;0
48;47;15;0;0
49;47;15;0;0
50;47;15;0;0
51;47;15;0;0
52;47;15;0;0
53;47;15;0;0
54;47;15;0;0
55;47;15;0;0
56;47;15;0;0
57;47;15;0;0
58;47;15;0;0
59;47;42;0;0
0;48;0;0;0
1;48;0;0;0
2;48;0;0;0
3;48;0;0;0
4;48;0;0;0
5;48;0;0;0
6;48;42;0;0
7;48;15;0;0
8;48;15;0;0
9;48;15;0;0
10;48;15;0;0
11;48;15;0;0
12;48;15;0;0
13;48;15;0;0
14;48;15;0;0
15;48;15;0;0
16;48;15;0;0
17;48;42;0;0
18;48;15;0;0
19;48;15;0;0
20;48;15;0;0
21;48;15;0;0
22;48;42;0;0
23;48;15;0;0
24;48;15;0;0
25;48;15;0;0
26;48;15;0;0
27;48;15;0;0
28;48;15;0;0
29;48;15;0;0
30;48;15;0;0
31;48;15;0;0
32;48;15;0;0
33;48;15;0;0
34;48;15;0;0
35;48;15;0;0
36;48;15;0;0
37;48;15;0;0
38;48;15;0;0
39;48;15;0;0
40;48;15;0;0
41;48;15;0;0
42;48;15;0;0
43;48;15;0;0
44;48;15;0;0
45;48;15;0;0
46;48;15;0;0
47;48;15;0;0
48;48;15;0;0
49;48;15;0;0
50;48;15;0;0
51;48;15;0;0
52;48;15;0;0
53;48;15;0;0
54;48;15;0;0
55;48;15;0;0
56;48;15;0;0
57;48;15;0;0
58;48;15;0;0
59;48;42;0;0
0;49;0;0;0
1;49;0;0;0
2;49;0;0;0
3;49;0;0;0
4;49;0;0;0
5;49;0;0;0
6;49;42;0;0
7;49;2530;0;0
8;49;9698;0;0
9;49;9698;0;0
10;49;9698;0;0
11;49;9698;0;0
12;49;9698;0;0
13;49;9698;0;0
14;49;9698;0;0
15;49;27106;0;0
16;49;15;0;0
17;49;42;0;0
18;49;15;0;0
19;49;15;0;0
20;49;15;0;0
21;49;15;0;0
22;49;42;0;0
23;49;15;0;0
24;49;15;0;0
25;49;15;0;0
26;49;15;0;0
27;49;15;0;0
28;49;15;0;0
29;49;15;0;0
30;49;15;0;0
31;49;15;0;0
32;49;15;0;0
33;49;15;0;0
34;49;15;0;0
35;49;15;0;0
36;49;15;0;0
37;49;15;0;0
38;49;15;0;0
39;49;15;0;0
40;49;15;0;0
41;49;15;0;0
42;49;15;0;0
43;49;15;0;0
44;49;15;0;0
45;49;15;0;0
46;49;15;0;0
47;49;15;0;0
48;49;15;0;0
49;49;15;0;0
50;49;15;0;0
51;49;15;0;0
52;49;15;0;0
53;49;15;0;0
54;49;15;0;0
55;49;15;0;0
56;49;15;0;0
57;49;15;0;0
58;49;15;0;0
59;49;42;0;0
0;50;0;0;0
1;50;0;0;0
2;50;0;0;0
3;50;0;0;0
4;50;0;0;0
5;50;0;0;0
6;50;42;0;0
7;50;2;0;0
8;50;2;0;0
9;50;2;0;0
10;50;2;0;0
11;50;2;0;0
12;50;2;0;0
13;50;2;0;0
14;50;2;0;0
15;50;7650;0;0
16;50;15;0;0
17;50;42;0;0
18;50;15;0;0
19;50;15;0;0
20;50;15;0;0
21;50;15;0;0
22;50;42;0;0
23;50;15;0;0
24;50;15;0;0
25;50;15;0;0
26;50;15;0;0
27;50;15;0;0
28;50;15;0;0
29;50;15;0;0
30;50;15;0;0
31;50;15;0;0
32;50;15;0;0
33;50;15;0;0
34;50;15;0;0
35;50;15;0;0
36;50;15;0;0
37;50;15;0;0
38;50;15;0;0
39;50;15;0;0
40;50;15;0;0
41;50;15;0;0
42;50;15;0;0
43;50;15;0;0
44;50;15;0;0
45;50;15;0;0
46;50;15;0;0
47;50;15;0;0
48;50;15;0;0
49;50;15;0;0
50;50;15;0;0
51;50;26082;0;0
52;50;9698;0;0
53;50;18914;0;0
54;50;15;0;0
55;50;15;0;0
56;50;15;0;0
57;50;15;0;0
58;50;15;0;0
59;50;42;0;0
0;51;0;0;0
1;51;0;0;0
2;51;0;0;0
3;51;0;0;0
4;51;0;0;0
5;51;0;0;0
6;51;42;0;0
7;51;2;0;0
8;51;2;0;0
9;51;2;0;0
10;51;6626;0;0
11;51;11746;0;0
12;51;5602;0;0
13;51;2;0;0
14;51;2;0;0
15;51;2;0;0
16;51;2;0;0
17;51;2;0;0
18;51;15;0;0
19;51;15;0;0
20;51;15;0;0
21;51;15;0;0
22;51;42;0;0
23;51;15;0;0
24;51;15;0;0
25;51;15;0;0
26;51;15;0;0
27;51;15;0;0
28;51;15;0;0
29;51;15;0;0
30;51;15;0;0
31;51;15;0;0
32;51;15;0;0
33;51;15;0;0
34;51;15;0;0
35;51;15;0;0
36;51;15;0;0
37;51;15;0;0
38;51;15;0;0
39;51;15;0;0
40;51;15;0;0
41;51;15;0;0
42;51;15;0;0
43;51;15;0;0
44;51;15;0;0
45;51;15;0;0
46;51;15;0;0
47;51;15;0;0
48;51;15;0;0
49;51;15;0;0
50;51;15;0;0
51;51;3554;0;0
52;51;2;0;0
53;51;2;0;0
54;51;24034;0;0
55;51;15;0;0
56;51;15;0;0
57;51;15;0;0
58;51;15;0;0
59;51;42;0;0
0;52;0;0;0
1;52;0;0;0
2;52;0;0;0
3;52;0;0;0
4;52;0;0;0
5;52;42;0;0
6;52;2;0;0
7;52;2;0;0
8;52;2;0;0
9;52;16866;0;0
10;52;15;0;0
11;52;15;0;0
12;52;15;0;0
13;52;4578;0;0
14;52;2;0;0
15;52;2;0;0
16;52;2;0;0
17;52;7650;0;0
18;52;15;0;0
19;52;15;0;0
20;52;15;0;0
21;52;15;0;0
22;52;42;0;0
23;52;15;0;0
24;52;15;0;0
25;52;15;0;0
26;52;15;0;0
27;52;15;0;0
28;52;15;0;0
29;52;15;0;0
30;52;15;0;0
31;52;15;0;0
32;52;15;0;0
33;52;15;0;0
34;52;15;0;0
35;52;15;0;0
36;52;15;0;0
37;52;15;0;0
38;52;15;0;0
39;52;15;0;0
40;52;15;0;0
41;52;15;0;0
42;52;15;0;0
43;52;15;0;0
44;52;15;0;0
45;52;15;0;0
46;52;15;0;0
47;52;15;0;0
48;52;17890;0;0
49;52;9698;0;0
50;52;1506;0;0
51;52;2;0;0
52;52;2;0;0
53;52;2;0;0
54;52;25058;0;0
55;52;15;0;0
56;52;26082;0;0
57;52;9698;0;0
58;52;1506;0;0
59;52;42;0;0
0;53;0;0;0
1;53;0;0;0
2;53;0;0;0
3;53;0;0;0
4;53;0;0;0
5;53;42;0;0
6;53;2;0;0
7;53;2;0;0
8;53;8674;0;0
9;53;15;0;0
10;53;15;0;0
11;53;15;0;0
12;53;15;0;0
13;53;28130;0;0
14;53;5602;0;0
15;53;2;0;0
16;53;2;0;0
17;53;2;0;0
18;53;2530;0;0
19;53;42;0;0
20;53;15;0;0
21;53;15;0;0
22;53;42;0;0
23;53;15;0;0
24;53;15;0;0
25;53;15;0;0
26;53;15;0;0
27;53;15;0;0
28;53;15;0;0
29;53;15;0;0
30;53;15;0;0
31;53;15;0;0
32;53;15;0;0
33;53;15;0;0
34;53;15;0;0
35;53;15;0;0
36;53;15;0;0
37;53;15;0;0
38;53;15;0;0
39;53;15;0;0
40;53;15;0;0
41;53;15;0;0
42;53;15;0;0
43;53;15;0;0
44;53;15;0;0
45;53;15;0;0
46;53;26082;0;0
47;53;1506;0;0
48;53;2;0;0
49;53;2;0;0
50;53;2;0;0
51;53;2;0;0
52;53;2;0;0
53;53;16866;0;0
54;53;15;0;0
55;53;15;0;0
56;53;10722;0;0
57;53;2;0;0
58;53;2;0;0
59;53;42;0;0
0;54;0;0;0
1;54;0;0;0
2;54;0;0;0
3;54;0;0;0
4;54;0;0;0
5;54;2;0;0
6;54;2;0;0
7;54;6626;0;0
8;54;29154;0;0
9;54;15;0;0
10;54;15;0;0
11;54;15;0;0
12;54;15;0;0
13;54;15;0;0
14;54;15;0;0
15;54;15842;0;0
16;54;2;0;0
17;54;2;0;0
18;54;2;0;0
19;54;2;0;0
20;54;2530;0;0
21;54;1506;0;0
22;54;42;0;0
23;54;15;0;0
24;54;15;0;0
25;54;15;0;0
26;54;15;0;0
27;54;15;0;0
28;54;15;0;0
29;54;15;0;0
30;54;15;0;0
31;54;15;0;0
32;54;15;0;0
33;54;15;0;0
34;54;15;0;0
35;54;15;0;0
36;54;15;0;0
37;54;15;0;0
38;54;15;0;0
39;54;15;0;0
40;54;15;0;0
41;54;15;0;0
42;54;15;0;0
43;54;15;0;0
44;54;15;0;0
45;54;15;0;0
46;54;3554;0;0
47;54;2;0;0
48;54;2;0;0
49;54;6626;0;0
50;54;11746;0;0
51;54;11746;0;0
52;54;21986;0;0
53;54;15;0;0
54;54;15;0;0
55;54;15;0;0
56;54;10722;0;0
57;54;2;0;0
58;54;2;0;0
59;54;42;0;0
0;55;0;0;0
1;55;0;0;0
2;55;0;0;0
3;55;0;0;0
4;55;0;0;0
5;55;42;0;0
6;55;8674;0;0
7;55;15;0;0
8;55;15;0;0
9;55;15;0;0
10;55;15;0;0
11;55;15;0;0
12;55;15;0;0
13;55;15;0;0
14;55;15;0;0
15;55;15;0;0
16;55;15842;0;0
17;55;2;0;0
18;55;2;0;0
19;55;2;0;0
20;55;2;0;0
21;55;2;0;0
22;55;2;0;0
23;55;2530;0;0
24;55;9698;0;0
25;55;9698;0;0
26;55;9698;0;0
27;55;9698;0;0
28;55;9698;0;0
29;55;9698;0;0
30;55;18914;0;0
31;55;15;0;0
32;55;15;0;0
33;55;15;0;0
34;55;15;0;0
35;55;15;0;0
36;55;17890;0;0
37;55;9698;0;0
38;55;9698;0;0
39;55;9698;0;0
40;55;27106;0;0
41;55;15;0;0
42;55;26082;0;0
43;55;9698;0;0
44;55;9698;0;0
45;55;1506;0;0
46;55;2;0;0
47;55;2;0;0
48;55;8674;0;0
49;55;15;0;0
50;55;15;0;0
51;55;15;0;0
52;55;15;0;0
53;55;15;0;0
54;55;15;0;0
55;55;15;0;0
56;55;28130;0;0
57;55;5602;0;0
58;55;2;0;0
59;55;42;0;0
0;56;0;0;0
1;56;0;0;0
2;56;0;0;0
3;56;0;0;0
4;56;0;0;0
5;56;42;0;0
6;56;12770;0;0
7;56;15;0;0
8;56;15;0;0
9;56;26082;0;0
10;56;9698;0;0
11;56;18914;0;0
12;56;15;0;0
13;56;15;0;0
14;56;15;0;0
15;56;15;0;0
16;56;15;0;0
17;56;4578;0;0
18;56;2;0;0
19;56;2;0;0
20;56;2;0;0
21;56;2;0;0
22;56;6626;0;0
23;56;5602;0;0
24;56;2;0;0
25;56;2;0;0
26;56;2;0;0
27;56;2;0;0
28;56;2;0;0
29;56;2;0;0
30;56;2;0;0
31;56;2530;0;0
32;56;18914;0;0
33;56;15;0;0
34;56;15;0;0
35;56;13794;0;0
36;56;2;0;0
37;56;2;0;0
38;56;2;0;0
39;56;2;0;0
40;56;7650;0;0
41;56;15;0;0
42;56;3554;0;0
43;56;2;0;0
44;56;2;0;0
45;56;2;0;0
46;56;6626;0;0
47;56;11746;0;0
48;56;29154;0;0
49;56;15;0;0
50;56;15;0;0
51;56;15;0;0
52;56;15;0;0
53;56;15;0;0
54;56;15;0;0
55;56;15;0;0
56;56;15;0;0
57;56;15;0;0
58;56;4578;0;0
59;56;42;0;0
0;57;0;0;0
1;57;0;0;0
2;57;0;0;0
3;57;0;0;0
4;57;0;0;0
5;57;42;0;0
6;57;7650;0;0
7;57;15;0;0
8;57;15;0;0
9;57;3554;0;0
10;57;2;0;0
11;57;2;0;0
12;57;2530;0;0
13;57;27106;0;0
14;57;15;0;0
15;57;15;0;0
16;57;15;0;0
17;57;28130;0;0
18;57;11746;0;0
19;57;11746;0;0
20;57;11746;0;0
21;57;21986;0;0
22;57;15;0;0
23;57;15;0;0
24;57;23010;0;0
25;57;11746;0;0
26;57;11746;0;0
27;57;11746;0;0
28;57;21986;0;0
29;57;15;0;0
30;57;15842;0;0
31;57;2;0;0
32;57;2;0;0
33;57;2530;0;0
34;57;1506;0;0
35;57;2;0;0
36;57;2;0;0
37;57;2;0;0
38;57;2;0;0
39;57;2;0;0
40;57;2;0;0
41;57;2;0;0
42;57;2;0;0
43;57;2;0;0
44;57;2;0;0
45;57;16866;0;0
46;57;15;0;0
47;57;15;0;0
48;57;15;0;0
49;57;15;0;0
50;57;15;0;0
51;57;15;0;0
52;57;15;0;0
53;57;15;0;0
54;57;15;0;0
55;57;15;0;0
56;57;15;0;0
57;57;15;0;0
58;57;10722;0;0
59;57;42;0;0
0;58;0;0;0
1;58;0;0;0
2;58;0;0;0
3;58;0;0;0
4;58;0;0;0
5;58;42;0;0
6;58;2;0;0
7;58;2530;0;0
8;58;1506;0;0
9;58;2;0;0
10;58;2;0;0
11;58;2;0;0
12;58;2;0;0
13;58;7650;0;0
14;58;15;0;0
15;58;15;0;0
16;58;15;0;0
17;58;15;0;0
18;58;15;0;0
19;58;15;0;0
20;58;15;0;0
21;58;15;0;0
22;58;15;0;0
23;58;15;0;0
24;58;15;0;0
25;58;15;0;0
26;58;15;0;0
27;58;15;0;0
28;58;15;0;0
29;58;15;0;0
30;58;15;0;0
31;58;2;0;0
32;58;2;0;0
33;58;2;0;0
34;58;2;0;0
35;58;2;0;0
36;58;2;0;0
37;58;2;0;0
38;58;2;0;0
39;58;2;0;0
40;58;2;0;0
41;58;2;0;0
42;58;2;0;0
43;58;2;0;0
44;58;2;0;0
45;58;15;0;0
46;58;15;0;0
47;58;15;0;0
48;58;15;0;0
49;58;15;0;0
50;58;15;0;0
51;58;15;0;0
52;58;15;0;0
53;58;15;0;0
54;58;15;0;0
55;58;15;0;0
56;58;15;0;0
57;58;15;0;0
58;58;3554;0;0
59;58;42;0;0
0;59;0;0;0
1;59;0;0;0
2;59;0;0;0
3;59;0;0;0
4;59;0;0;0
5;59;42;0;0
6;59;42;0;0
7;59;42;0;0
8;59;42;0;0
9;59;42;0;0
10;59;42;0;0
11;59;42;0;0
12;59;42;0;0
13;59;42;0;0
14;59;42;0;0
15;59;42;0;0
16;59;42;0;0
17;59;42;0;0
18;59;42;0;0
19;59;42;0;0
20;59;42;0;0
21;59;42;0;0
22;59;42;0;0
23;59;42;0;0
24;59;42;0;0
25;59;42;0;0
26;59;42;0;0
27;59;42;0;0
28;59;42;0;0
29;59;42;0;0
30;59;42;0;0
31;59;42;0;0
32;59;42;0;0
33;59;42;0;0
34;59;42;0;0
35;59;42;0;0
36;59;42;0;0
37;59;42;0;0
38;59;42;0;0
39;59;42;0;0
40;59;42;0;0
41;59;42;0;0
42;59;42;0;0
43;59;42;0;0
44;59;42;0;0
45;59;42;0;0
46;59;42;0;0
47;59;42;0;0
48;59;42;0;0
49;59;42;0;0
50;59;42;0;0
51;59;42;0;0
52;59;42;0;0
53;59;42;0;0
54;59;42;0;0
55;59;42;0;0
56;59;42;0;0
57;59;42;0;0
58;59;42;0;0
59;59;42;0;0
