0;1;0;287;0;333
1;1;0;287;0;333
2;1;0;287;0;333
3;1;0;287;0;333
4;1;0;287;0;333
5;1;0;287;0;333
6;1;0;287;0;333
7;1;0;287;0;333
8;1;0;287;0;333
9;1;0;287;0;333
10;1;0;287;0;333
11;1;0;287;0;333
12;1;0;287;0;333
13;1;0;287;0;333
14;1;0;287;0;333
15;1;0;287;0;333
16;1;0;287;0;333
17;1;0;287;0;333
18;1;0;287;0;333
19;1;0;287;0;333
20;1;0;287;0;333
21;1;0;287;0;333
22;1;0;287;0;333
23;1;0;287;0;333
24;1;0;287;0;333
25;1;0;287;0;333
26;1;0;287;0;333
27;1;0;287;0;333
28;1;0;287;0;333
29;1;0;287;0;333
30;1;0;287;0;333
31;1;0;287;0;333
32;1;0;287;0;333
33;1;0;287;0;333
34;1;0;287;0;333
35;1;0;287;0;333
36;1;0;287;0;333
37;1;0;287;0;333
38;1;0;287;0;333
39;1;0;287;0;333
40;1;0;287;0;333
41;1;0;287;0;333
42;1;0;287;0;333
43;1;0;287;0;333
44;1;0;287;0;333
45;1;0;287;0;333
46;1;0;287;0;333
47;1;0;287;0;333
48;1;0;287;0;333
49;1;0;287;0;333
50;1;0;287;0;333
51;1;0;287;0;333
52;1;0;287;0;333
53;1;0;287;0;333
54;1;0;287;0;333
55;1;0;287;0;333
56;1;0;287;0;333
57;1;0;287;0;333
58;1;0;287;0;333
59;1;0;287;0;333
0;2;0;622;0;333
1;2;0;622;0;333
2;2;0;622;0;333
3;2;0;622;0;333
4;2;0;622;0;333
5;2;0;622;0;333
6;2;0;622;0;333
7;2;0;622;0;333
8;2;0;622;0;333
9;2;0;622;0;333
10;2;0;622;0;333
11;2;0;622;0;333
12;2;0;622;0;333
13;2;0;622;0;333
14;2;0;622;0;333
15;2;0;622;0;333
16;2;0;622;0;333
17;2;0;622;0;333
18;2;0;622;0;333
19;2;0;622;0;333
20;2;0;622;0;333
21;2;0;622;0;333
22;2;0;622;0;333
23;2;0;622;0;333
24;2;0;622;0;333
25;2;0;622;0;333
26;2;0;622;0;333
27;2;0;622;0;333
28;2;0;622;0;333
29;2;0;622;0;333
30;2;0;680;0;333
31;2;0;633;0;333
31;2;0;681;0;333
32;2;0;633;0;333
33;2;0;633;0;333
33;2;0;514;0;333
34;2;0;633;0;333
34;2;0;513;0;333
35;2;0;633;0;333
35;2;0;51;0;333
36;2;0;633;0;333
36;2;0;513;0;333
37;2;0;633;0;333
37;2;0;513;0;333
38;2;0;633;0;333
38;2;0;75;0;333
39;2;0;633;0;333
40;2;0;633;0;333
41;2;0;633;0;333
42;2;0;633;0;333
43;2;0;633;0;333
44;2;0;633;0;333
45;2;0;633;0;333
46;2;0;633;0;333
47;2;0;633;0;333
48;2;0;681;0;333
49;2;0;348;0;333
50;2;0;474;0;333
51;2;0;474;0;333
52;2;0;474;0;333
53;2;0;474;0;333
54;2;0;474;0;333
55;2;0;474;0;333
55;2;0;2046;0;333
56;2;0;474;0;333
57;2;0;474;0;333
58;2;0;345;0;333
58;2;0;395;0;333
59;2;0;287;0;333
20;3;0;1272;0;333
30;3;0;682;0;333
31;3;0;683;0;333
36;3;0;220;0;333
37;3;0;513;0;333
38;3;0;395;0;333
44;3;0;551;0;333
47;3;0;1367;0;333
48;3;0;635;0;333
48;3;0;221;0;333
49;3;0;342;0;333
53;3;0;3104;0;333
58;3;0;921;0;333
58;3;0;1915;0;333
58;3;0;8;0;333
59;3;0;287;0;333
17;4;0;3100;0;333
40;4;0;266;0;333
42;4;0;266;0;333
44;4;0;2875;0;333
47;4;0;332;0;333
48;4;0;635;0;333
48;4;0;395;0;333
49;4;0;342;0;333
55;4;0;3105;0;333
58;4;0;921;0;333
58;4;0;395;0;333
59;4;0;287;0;333
48;5;0;635;0;333
48;5;0;221;0;333
49;5;0;342;0;333
58;5;0;921;0;333
58;5;0;1367;0;333
59;5;0;287;0;333
12;6;0;1254;0;333
18;6;0;1245;0;333
30;6;0;680;0;333
31;6;0;681;0;333
40;6;0;266;0;333
42;6;0;266;0;333
48;6;0;635;0;333
48;6;0;221;0;333
49;6;0;342;0;333
56;6;0;3106;0;333
58;6;0;921;0;333
58;6;0;265;0;333
58;6;0;395;0;333
59;6;0;287;0;333
11;7;0;1247;0;333
13;7;0;1245;0;333
30;7;0;634;0;333
30;7;0;682;0;333
31;7;0;683;0;333
38;7;0;395;0;333
48;7;0;635;0;333
48;7;0;42;0;333
49;7;0;342;0;333
49;7;0;42;0;333
58;7;0;921;0;333
58;7;0;1367;0;333
59;7;0;287;0;333
22;8;0;3099;0;333
23;8;0;3100;0;333
25;8;0;1266;0;333
30;8;0;634;0;333
42;8;0;2876;0;333
43;8;0;320;0;333
48;8;0;635;0;333
48;8;0;221;0;333
49;8;0;342;0;333
55;8;0;3107;0;333
58;8;0;921;0;333
58;8;0;395;0;333
59;8;0;287;0;333
21;9;0;1265;0;333
22;9;0;3097;0;333
30;9;0;634;0;333
42;9;0;2876;0;333
43;9;0;320;0;333
45;9;0;2878;0;333
47;9;0;315;0;333
48;9;0;635;0;333
48;9;0;395;0;333
49;9;0;342;0;333
53;9;0;3108;0;333
58;9;0;921;0;333
58;9;0;1914;0;333
58;9;0;8;0;333
59;9;0;287;0;333
29;10;0;1790;0;333
30;10;0;634;0;333
42;10;0;2876;0;333
43;10;0;320;0;333
47;10;0;275;0;333
48;10;0;635;0;333
48;10;0;221;0;333
49;10;0;342;0;333
58;10;0;921;0;333
58;10;0;395;0;333
59;10;0;287;0;333
25;11;0;1250;0;333
30;11;0;634;0;333
47;11;0;276;0;333
48;11;0;635;0;333
48;11;0;221;0;333
49;11;0;342;0;333
58;11;0;921;0;333
59;11;0;287;0;333
30;12;0;634;0;333
38;12;0;395;0;333
42;12;0;395;0;333
48;12;0;635;0;333
49;12;0;347;0;333
50;12;0;340;0;333
51;12;0;340;0;333
52;12;0;340;0;333
53;12;0;340;0;333
54;12;0;340;0;333
55;12;0;340;0;333
56;12;0;340;0;333
57;12;0;340;0;333
58;12;0;346;0;333
59;12;0;287;0;333
9;13;0;1265;0;333
19;13;0;627;0;333
23;13;0;3097;0;333
26;13;0;627;0;333
30;13;0;634;0;333
46;13;0;631;0;333
48;13;0;635;0;333
48;13;0;395;0;333
49;13;0;287;0;333
50;13;0;287;0;333
51;13;0;287;0;333
52;13;0;287;0;333
53;13;0;287;0;333
54;13;0;287;0;333
55;13;0;287;0;333
56;13;0;287;0;333
57;13;0;287;0;333
58;13;0;287;0;333
59;13;0;287;0;333
19;14;0;629;0;333
20;14;0;628;0;333
26;14;0;623;0;333
27;14;0;287;0;333
28;14;0;287;0;333
29;14;0;287;0;333
30;14;0;682;0;333
31;14;0;632;0;333
32;14;0;632;0;333
33;14;0;652;0;333
34;14;0;656;0;333
35;14;0;640;0;333
36;14;0;632;0;333
37;14;0;632;0;333
38;14;0;632;0;333
39;14;0;632;0;333
40;14;0;632;0;333
41;14;0;632;0;333
42;14;0;690;0;333
48;14;0;635;0;333
48;14;0;221;0;333
49;14;0;287;0;333
50;14;0;287;0;333
51;14;0;287;0;333
52;14;0;287;0;333
53;14;0;287;0;333
54;14;0;287;0;333
55;14;0;287;0;333
56;14;0;287;0;333
57;14;0;287;0;333
58;14;0;287;0;333
10;15;0;8;0;333
26;15;0;623;0;333
27;15;0;287;0;333
28;15;0;287;0;333
29;15;0;287;0;333
30;15;0;287;0;333
31;15;0;628;0;333
36;15;0;629;0;333
37;15;0;287;0;333
38;15;0;287;0;333
39;15;0;287;0;333
40;15;0;287;0;333
41;15;0;287;0;333
42;15;0;634;0;333
48;15;0;635;0;333
49;15;0;287;0;333
50;15;0;287;0;333
51;15;0;287;0;333
52;15;0;287;0;333
53;15;0;287;0;333
54;15;0;287;0;333
55;15;0;287;0;333
56;15;0;287;0;333
57;15;0;287;0;333
58;15;0;287;0;333
10;16;0;1272;0;333
26;16;0;623;0;333
27;16;0;287;0;333
28;16;0;622;0;333
29;16;0;622;0;333
30;16;0;622;0;333
36;16;0;75;0;333
37;16;0;2069;0;333
38;16;0;287;0;333
39;16;0;287;0;333
40;16;0;287;0;333
41;16;0;287;0;333
42;16;0;682;0;333
43;16;0;632;0;333
44;16;0;632;0;333
45;16;0;632;0;333
46;16;0;632;0;333
47;16;0;632;0;333
48;16;0;683;0;333
49;16;0;287;0;333
50;16;0;287;0;333
51;16;0;287;0;333
52;16;0;287;0;333
53;16;0;287;0;333
54;16;0;287;0;333
55;16;0;287;0;333
56;16;0;287;0;333
57;16;0;287;0;333
58;16;0;287;0;333
26;17;0;623;0;333
27;17;0;287;0;333
38;17;0;287;0;333
39;17;0;287;0;333
40;17;0;287;0;333
41;17;0;287;0;333
42;17;0;287;0;333
43;17;0;287;0;333
44;17;0;287;0;333
45;17;0;287;0;333
46;17;0;287;0;333
47;17;0;287;0;333
48;17;0;287;0;333
49;17;0;287;0;333
50;17;0;287;0;333
51;17;0;287;0;333
52;17;0;287;0;333
53;17;0;287;0;333
54;17;0;287;0;333
55;17;0;287;0;333
56;17;0;287;0;333
57;17;0;287;0;333
58;17;0;287;0;333
21;18;0;915;0;333
23;18;0;627;0;333
26;18;0;623;0;333
27;18;0;287;0;333
35;18;0;623;0;333
36;18;0;287;0;333
37;18;0;287;0;333
38;18;0;287;0;333
39;18;0;287;0;333
40;18;0;287;0;333
41;18;0;287;0;333
42;18;0;287;0;333
43;18;0;287;0;333
44;18;0;287;0;333
45;18;0;287;0;333
46;18;0;287;0;333
47;18;0;287;0;333
48;18;0;287;0;333
49;18;0;287;0;333
50;18;0;287;0;333
51;18;0;287;0;333
52;18;0;287;0;333
53;18;0;287;0;333
54;18;0;287;0;333
55;18;0;287;0;333
56;18;0;287;0;333
57;18;0;287;0;333
58;18;0;287;0;333
23;19;0;623;0;333
24;19;0;287;0;333
25;19;0;287;0;333
26;19;0;287;0;333
27;19;0;287;0;333
35;19;0;623;0;333
36;19;0;287;0;333
37;19;0;287;0;333
38;19;0;287;0;333
39;19;0;287;0;333
40;19;0;287;0;333
41;19;0;287;0;333
42;19;0;287;0;333
43;19;0;287;0;333
44;19;0;287;0;333
45;19;0;287;0;333
46;19;0;287;0;333
47;19;0;287;0;333
48;19;0;287;0;333
49;19;0;287;0;333
50;19;0;287;0;333
51;19;0;287;0;333
52;19;0;287;0;333
53;19;0;287;0;333
54;19;0;287;0;333
55;19;0;287;0;333
56;19;0;287;0;333
57;19;0;287;0;333
58;19;0;287;0;333
9;20;0;3097;0;333
10;20;0;3098;0;333
23;20;0;623;0;333
24;20;0;287;0;333
25;20;0;287;0;333
26;20;0;287;0;333
27;20;0;287;0;333
27;20;0;287;0;333
28;20;0;628;0;333
33;20;0;627;0;333
34;20;0;287;0;333
35;20;0;287;0;333
36;20;0;287;0;333
37;20;0;287;0;333
38;20;0;287;0;333
39;20;0;287;0;333
40;20;0;287;0;333
41;20;0;287;0;333
42;20;0;287;0;333
43;20;0;287;0;333
44;20;0;287;0;333
45;20;0;287;0;333
46;20;0;287;0;333
47;20;0;287;0;333
48;20;0;287;0;333
49;20;0;287;0;333
50;20;0;622;0;333
51;20;0;622;0;333
52;20;0;622;0;333
53;20;0;630;0;333
54;20;0;287;0;333
55;20;0;287;0;333
56;20;0;287;0;333
57;20;0;287;0;333
58;20;0;287;0;333
9;21;0;1265;0;333
11;21;0;1266;0;333
13;21;0;3097;0;333
21;21;0;1273;0;333
23;21;0;623;0;333
24;21;0;287;0;333
25;21;0;287;0;333
26;21;0;287;0;333
27;21;0;628;0;333
33;21;0;627;0;333
34;21;0;287;0;333
35;21;0;287;0;333
36;21;0;287;0;333
37;21;0;287;0;333
38;21;0;287;0;333
39;21;0;287;0;333
40;21;0;622;0;333
41;21;0;622;0;333
42;21;0;622;0;333
43;21;0;622;0;333
44;21;0;622;0;333
45;21;0;622;0;333
46;21;0;622;0;333
47;21;0;622;0;333
48;21;0;630;0;333
49;21;0;287;0;333
53;21;0;629;0;333
54;21;0;630;0;333
55;21;0;287;0;333
56;21;0;287;0;333
57;21;0;287;0;333
58;21;0;287;0;333
23;22;0;287;0;333
24;22;0;287;0;333
24;22;0;287;0;333
25;22;0;287;0;333
26;22;0;628;0;333
32;22;0;627;0;333
33;22;0;287;0;333
34;22;0;287;0;333
35;22;0;287;0;333
36;22;0;287;0;333
37;22;0;287;0;333
38;22;0;287;0;333
39;22;0;287;0;333
43;22;0;1265;0;333
44;22;0;1254;0;333
48;22;0;629;0;333
49;22;0;287;0;333
54;22;0;623;0;333
55;22;0;287;0;333
56;22;0;287;0;333
57;22;0;287;0;333
58;22;0;287;0;333
7;23;0;1257;0;333
10;23;0;1251;0;333
11;23;0;1272;0;333
12;23;0;232;0;333
14;23;0;1266;0;333
22;23;0;287;0;333
23;23;0;287;0;333
24;23;0;287;0;333
25;23;0;628;0;333
31;23;0;627;0;333
32;23;0;287;0;333
33;23;0;287;0;333
34;23;0;287;0;333
35;23;0;287;0;333
36;23;0;287;0;333
37;23;0;287;0;333
38;23;0;287;0;333
39;23;0;287;0;333
45;23;0;914;0;333
48;23;0;2926;0;333
49;23;0;597;0;333
54;23;0;623;0;333
55;23;0;287;0;333
56;23;0;287;0;333
57;23;0;287;0;333
58;23;0;287;0;333
8;24;0;1247;0;333
11;24;0;914;0;333
12;24;0;1254;0;333
19;24;0;623;0;333
20;24;0;287;0;333
21;24;0;287;0;333
22;24;0;287;0;333
23;24;0;287;0;333
24;24;0;628;0;333
30;24;0;627;0;333
31;24;0;287;0;333
32;24;0;287;0;333
33;24;0;287;0;333
34;24;0;287;0;333
35;24;0;287;0;333
36;24;0;287;0;333
37;24;0;287;0;333
38;24;0;287;0;333
39;24;0;287;0;333
49;24;0;598;0;333
54;24;0;629;0;333
55;24;0;630;0;333
56;24;0;287;0;333
57;24;0;287;0;333
58;24;0;287;0;333
13;25;0;627;0;333
19;25;0;623;0;333
20;25;0;287;0;333
21;25;0;287;0;333
22;25;0;287;0;333
23;25;0;622;0;333
29;25;0;623;0;333
29;25;0;623;0;333
30;25;0;287;0;333
31;25;0;287;0;333
32;25;0;287;0;333
33;25;0;287;0;333
34;25;0;287;0;333
35;25;0;287;0;333
36;25;0;287;0;333
37;25;0;287;0;333
38;25;0;287;0;333
38;25;0;611;0;333
39;25;0;287;0;333
39;25;0;611;0;333
42;25;0;2927;0;333
43;25;0;1272;0;333
48;25;0;623;0;333
49;25;0;287;0;333
55;25;0;629;0;333
56;25;0;287;0;333
57;25;0;287;0;333
58;25;0;287;0;333
13;26;0;623;0;333
14;26;0;287;0;333
15;26;0;287;0;333
16;26;0;287;0;333
17;26;0;287;0;333
18;26;0;287;0;333
19;26;0;287;0;333
20;26;0;287;0;333
21;26;0;287;0;333
22;26;0;1254;0;333
23;26;0;628;0;333
29;26;0;623;0;333
30;26;0;287;0;333
31;26;0;287;0;333
32;26;0;287;0;333
33;26;0;287;0;333
34;26;0;287;0;333
34;26;0;287;0;333
35;26;0;287;0;333
35;26;0;287;0;333
36;26;0;287;0;333
36;26;0;287;0;333
37;26;0;287;0;333
37;26;0;287;0;333
38;26;0;287;0;333
39;26;0;287;0;333
44;26;0;627;0;333
48;26;0;623;0;333
49;26;0;287;0;333
50;26;0;287;0;333
56;26;0;596;0;333
57;26;0;287;0;333
58;26;0;287;0;333
13;27;0;623;0;333
14;27;0;287;0;333
15;27;0;287;0;333
16;27;0;287;0;333
17;27;0;287;0;333
18;27;0;622;0;333
19;27;0;622;0;333
20;27;0;622;0;333
21;27;0;622;0;333
22;27;0;628;0;333
28;27;0;627;0;333
29;27;0;287;0;333
30;27;0;287;0;333
31;27;0;287;0;333
32;27;0;622;0;333
33;27;0;622;0;333
34;27;0;622;0;333
35;27;0;622;0;333
36;27;0;622;0;333
37;27;0;622;0;333
38;27;0;622;0;333
39;27;0;622;0;333
40;27;0;1246;0;333
44;27;0;623;0;333
45;27;0;287;0;333
46;27;0;287;0;333
47;27;0;287;0;333
48;27;0;287;0;333
49;27;0;287;0;333
50;27;0;287;0;333
51;27;0;287;0;333
56;27;0;596;0;333
57;27;0;287;0;333
58;27;0;287;0;333
1;28;0;287;0;333
2;28;0;287;0;333
3;28;0;287;0;333
4;28;0;287;0;333
5;28;0;287;0;333
6;28;0;287;0;333
7;28;0;287;0;333
8;28;0;287;0;333
9;28;0;287;0;333
10;28;0;287;0;333
11;28;0;287;0;333
12;28;0;287;0;333
13;28;0;629;0;333
14;28;0;622;0;333
15;28;0;622;0;333
16;28;0;622;0;333
17;28;0;622;0;333
18;28;0;1265;0;333
18;28;0;1250;0;333
20;28;0;1265;0;333
28;28;0;623;0;333
29;28;0;287;0;333
30;28;0;287;0;333
31;28;0;622;0;333
32;28;0;628;0;333
33;28;0;1273;0;333
34;28;0;1273;0;333
35;28;0;1257;0;333
36;28;0;628;0;333
37;28;0;1247;0;333
38;28;0;1246;0;333
39;28;0;1245;0;333
43;28;0;1266;0;333
44;28;0;623;0;333
45;28;0;287;0;333
46;28;0;287;0;333
47;28;0;287;0;333
48;28;0;287;0;333
49;28;0;287;0;333
50;28;0;287;0;333
51;28;0;287;0;333
52;28;0;287;0;333
56;28;0;596;0;333
57;28;0;287;0;333
58;28;0;287;0;333
10;29;0;287;0;333
11;29;0;287;0;333
12;29;0;287;0;333
13;29;0;628;0;333
16;29;0;1254;0;333
16;29;0;1278;0;333
17;29;0;1278;0;333
18;29;0;627;0;333
24;29;0;627;0;333
27;29;0;287;0;333
28;29;0;287;0;333
29;29;0;287;0;333
30;29;0;622;0;333
31;29;0;628;0;333
32;29;0;1250;0;333
38;29;0;1272;0;333
42;29;0;1254;0;333
43;29;0;1245;0;333
44;29;0;623;0;333
45;29;0;287;0;333
46;29;0;287;0;333
47;29;0;287;0;333
48;29;0;287;0;333
49;29;0;287;0;333
50;29;0;287;0;333
51;29;0;287;0;333
52;29;0;287;0;333
56;29;0;596;0;333
57;29;0;287;0;333
58;29;0;287;0;333
10;30;0;287;0;333
11;30;0;287;0;333
12;30;0;287;0;333
18;30;0;629;0;333
19;30;0;628;0;333
24;30;0;623;0;333
25;30;0;287;0;333
26;30;0;287;0;333
27;30;0;287;0;333
28;30;0;622;0;333
29;30;0;622;0;333
30;30;0;628;0;333
34;30;0;627;0;333
35;30;0;626;0;333
39;30;0;914;0;333
43;30;0;627;0;333
44;30;0;287;0;333
45;30;0;287;0;333
46;30;0;287;0;333
47;30;0;287;0;333
48;30;0;287;0;333
49;30;0;287;0;333
50;30;0;287;0;333
51;30;0;287;0;333
52;30;0;287;0;333
56;30;0;596;0;333
57;30;0;287;0;333
58;30;0;287;0;333
10;31;0;287;0;333
11;31;0;287;0;333
12;31;0;287;0;333
25;31;0;597;0;333
34;31;0;1273;0;333
35;31;0;628;0;333
36;31;0;1265;0;333
42;31;0;627;0;333
43;31;0;287;0;333
44;31;0;287;0;333
45;31;0;287;0;333
46;31;0;287;0;333
47;31;0;287;0;333
48;31;0;287;0;333
49;31;0;287;0;333
50;31;0;287;0;333
51;31;0;287;0;333
52;31;0;287;0;333
53;31;0;287;0;333
56;31;0;596;0;333
57;31;0;287;0;333
58;31;0;287;0;333
10;32;0;287;0;333
11;32;0;287;0;333
12;32;0;287;0;333
13;32;0;287;0;333
22;32;0;1265;0;333
30;32;0;1266;0;333
33;32;0;914;0;333
37;32;0;1276;0;333
39;32;0;1272;0;333
41;32;0;627;0;333
42;32;0;623;0;333
43;32;0;287;0;333
44;32;0;287;0;333
45;32;0;287;0;333
46;32;0;287;0;333
47;32;0;287;0;333
48;32;0;287;0;333
49;32;0;287;0;333
50;32;0;287;0;333
51;32;0;287;0;333
52;32;0;287;0;333
53;32;0;287;0;333
56;32;0;596;0;333
57;32;0;287;0;333
58;32;0;287;0;333
10;33;0;287;0;333
11;33;0;287;0;333
12;33;0;287;0;333
19;33;0;28;0;333
25;33;0;598;0;333
41;33;0;1245;0;333
42;33;0;623;0;333
43;33;0;287;0;333
44;33;0;287;0;333
45;33;0;287;0;333
46;33;0;287;0;333
47;33;0;287;0;333
48;33;0;287;0;333
49;33;0;287;0;333
50;33;0;287;0;333
51;33;0;287;0;333
52;33;0;287;0;333
53;33;0;287;0;333
56;33;0;596;0;333
57;33;0;287;0;333
58;33;0;287;0;333
10;34;0;287;0;333
11;34;0;287;0;333
12;34;0;287;0;333
15;34;0;1247;0;333
24;34;0;627;0;333
25;34;0;287;0;333
25;34;0;287;0;333
36;34;0;1273;0;333
40;34;0;1266;0;333
41;34;0;627;0;333
42;34;0;623;0;333
43;34;0;287;0;333
44;34;0;287;0;333
45;34;0;287;0;333
46;34;0;287;0;333
47;34;0;287;0;333
48;34;0;287;0;333
49;34;0;287;0;333
50;34;0;287;0;333
51;34;0;287;0;333
52;34;0;287;0;333
53;34;0;287;0;333
56;34;0;596;0;333
57;34;0;287;0;333
58;34;0;287;0;333
10;35;0;287;0;333
11;35;0;287;0;333
12;35;0;287;0;333
15;35;0;1245;0;333
24;35;0;623;0;333
25;35;0;287;0;333
36;35;0;627;0;333
37;35;0;626;0;333
41;35;0;1246;0;333
42;35;0;623;0;333
43;35;0;287;0;333
44;35;0;287;0;333
45;35;0;287;0;333
46;35;0;287;0;333
47;35;0;287;0;333
48;35;0;287;0;333
49;35;0;287;0;333
50;35;0;287;0;333
51;35;0;287;0;333
52;35;0;287;0;333
53;35;0;287;0;333
56;35;0;596;0;333
57;35;0;287;0;333
58;35;0;287;0;333
10;36;0;287;0;333
11;36;0;287;0;333
12;36;0;287;0;333
15;36;0;1247;0;333
24;36;0;623;0;333
25;36;0;287;0;333
36;36;0;1273;0;333
37;36;0;628;0;333
41;36;0;627;0;333
42;36;0;623;0;333
43;36;0;287;0;333
44;36;0;287;0;333
45;36;0;287;0;333
46;36;0;287;0;333
47;36;0;287;0;333
48;36;0;287;0;333
49;36;0;287;0;333
50;36;0;287;0;333
51;36;0;287;0;333
52;36;0;287;0;333
53;36;0;287;0;333
56;36;0;596;0;333
57;36;0;287;0;333
58;36;0;287;0;333
10;37;0;287;0;333
11;37;0;287;0;333
12;37;0;287;0;333
24;37;0;623;0;333
25;37;0;287;0;333
34;37;0;1266;0;333
36;37;0;1265;0;333
40;37;0;1272;0;333
41;37;0;1247;0;333
42;37;0;623;0;333
43;37;0;287;0;333
44;37;0;287;0;333
45;37;0;287;0;333
46;37;0;287;0;333
47;37;0;287;0;333
48;37;0;287;0;333
49;37;0;287;0;333
50;37;0;287;0;333
51;37;0;287;0;333
52;37;0;287;0;333
53;37;0;287;0;333
56;37;0;596;0;333
57;37;0;287;0;333
58;37;0;287;0;333
10;38;0;287;0;333
11;38;0;287;0;333
12;38;0;287;0;333
24;38;0;623;0;333
25;38;0;287;0;333
31;38;0;1273;0;333
35;38;0;1251;0;333
41;38;0;1251;0;333
42;38;0;623;0;333
43;38;0;287;0;333
44;38;0;287;0;333
45;38;0;287;0;333
46;38;0;287;0;333
47;38;0;287;0;333
48;38;0;287;0;333
49;38;0;287;0;333
50;38;0;287;0;333
51;38;0;287;0;333
52;38;0;287;0;333
53;38;0;287;0;333
56;38;0;596;0;333
57;38;0;287;0;333
58;38;0;287;0;333
10;39;0;287;0;333
11;39;0;287;0;333
12;39;0;287;0;333
24;39;0;287;0;333
25;39;0;287;0;333
29;39;0;1273;0;333
31;39;0;627;0;333
32;39;0;626;0;333
35;39;0;1273;0;333
36;39;0;627;0;333
37;39;0;626;0;333
39;39;0;1254;0;333
42;39;0;623;0;333
43;39;0;287;0;333
44;39;0;287;0;333
45;39;0;287;0;333
46;39;0;287;0;333
47;39;0;287;0;333
48;39;0;287;0;333
49;39;0;287;0;333
50;39;0;287;0;333
51;39;0;287;0;333
52;39;0;287;0;333
53;39;0;287;0;333
56;39;0;596;0;333
57;39;0;287;0;333
58;39;0;287;0;333
10;40;0;287;0;333
11;40;0;287;0;333
12;40;0;287;0;333
13;40;0;287;0;333
14;40;0;287;0;333
15;40;0;287;0;333
16;40;0;287;0;333
17;40;0;287;0;333
18;40;0;287;0;333
19;40;0;287;0;333
20;40;0;287;0;333
21;40;0;287;0;333
22;40;0;287;0;333
23;40;0;287;0;333
24;40;0;287;0;333
25;40;0;287;0;333
31;40;0;629;0;333
32;40;0;628;0;333
36;40;0;1273;0;333
37;40;0;628;0;333
42;40;0;623;0;333
43;40;0;287;0;333
44;40;0;287;0;333
45;40;0;287;0;333
46;40;0;287;0;333
47;40;0;287;0;333
48;40;0;287;0;333
49;40;0;287;0;333
50;40;0;287;0;333
51;40;0;287;0;333
52;40;0;287;0;333
53;40;0;287;0;333
56;40;0;596;0;333
57;40;0;287;0;333
58;40;0;287;0;333
10;41;0;287;0;333
11;41;0;287;0;333
12;41;0;287;0;333
13;41;0;287;0;333
14;41;0;287;0;333
15;41;0;287;0;333
16;41;0;287;0;333
17;41;0;287;0;333
18;41;0;287;0;333
19;41;0;287;0;333
20;41;0;287;0;333
21;41;0;287;0;333
22;41;0;287;0;333
23;41;0;596;0;333
24;41;0;287;0;333
25;41;0;287;0;333
31;41;0;1273;0;333
32;41;0;1273;0;333
36;41;0;1273;0;333
40;41;0;627;0;333
41;41;0;287;0;333
42;41;0;287;0;333
43;41;0;287;0;333
44;41;0;287;0;333
45;41;0;287;0;333
46;41;0;287;0;333
47;41;0;287;0;333
48;41;0;287;0;333
49;41;0;287;0;333
50;41;0;287;0;333
51;41;0;287;0;333
52;41;0;287;0;333
53;41;0;287;0;333
56;41;0;596;0;333
57;41;0;287;0;333
58;41;0;287;0;333
10;42;0;287;0;333
11;42;0;287;0;333
12;42;0;287;0;333
13;42;0;287;0;333
14;42;0;287;0;333
15;42;0;287;0;333
16;42;0;287;0;333
17;42;0;287;0;333
18;42;0;287;0;333
19;42;0;287;0;333
20;42;0;287;0;333
21;42;0;287;0;333
22;42;0;287;0;333
23;42;0;287;0;333
24;42;0;287;0;333
25;42;0;287;0;333
35;42;0;1265;0;333
36;42;0;1257;0;333
37;42;0;623;0;333
38;42;0;287;0;333
39;42;0;287;0;333
39;42;0;287;0;333
40;42;0;287;0;333
41;42;0;287;0;333
42;42;0;287;0;333
43;42;0;287;0;333
44;42;0;287;0;333
45;42;0;287;0;333
46;42;0;287;0;333
47;42;0;287;0;333
48;42;0;287;0;333
49;42;0;287;0;333
50;42;0;287;0;333
51;42;0;287;0;333
52;42;0;287;0;333
53;42;0;287;0;333
56;42;0;596;0;333
57;42;0;287;0;333
58;42;0;287;0;333
10;43;0;287;0;333
11;43;0;287;0;333
12;43;0;287;0;333
13;43;0;287;0;333
14;43;0;287;0;333
15;43;0;287;0;333
16;43;0;287;0;333
17;43;0;287;0;333
18;43;0;287;0;333
19;43;0;287;0;333
20;43;0;287;0;333
21;43;0;287;0;333
22;43;0;287;0;333
23;43;0;287;0;333
24;43;0;287;0;333
25;43;0;287;0;333
30;43;0;914;0;333
35;43;0;1273;0;333
36;43;0;627;0;333
37;43;0;623;0;333
38;43;0;287;0;333
39;43;0;287;0;333
40;43;0;287;0;333
41;43;0;287;0;333
42;43;0;287;0;333
43;43;0;287;0;333
44;43;0;287;0;333
45;43;0;287;0;333
46;43;0;287;0;333
47;43;0;287;0;333
48;43;0;287;0;333
49;43;0;287;0;333
50;43;0;287;0;333
51;43;0;287;0;333
52;43;0;287;0;333
53;43;0;287;0;333
56;43;0;596;0;333
57;43;0;287;0;333
58;43;0;287;0;333
10;44;0;287;0;333
11;44;0;287;0;333
12;44;0;287;0;333
13;44;0;287;0;333
14;44;0;287;0;333
15;44;0;287;0;333
16;44;0;287;0;333
17;44;0;287;0;333
18;44;0;287;0;333
19;44;0;287;0;333
20;44;0;287;0;333
21;44;0;287;0;333
22;44;0;287;0;333
23;44;0;287;0;333
24;44;0;287;0;333
25;44;0;287;0;333
37;44;0;623;0;333
38;44;0;287;0;333
39;44;0;287;0;333
40;44;0;287;0;333
41;44;0;287;0;333
42;44;0;287;0;333
43;44;0;287;0;333
44;44;0;287;0;333
45;44;0;287;0;333
46;44;0;287;0;333
47;44;0;287;0;333
48;44;0;287;0;333
49;44;0;287;0;333
50;44;0;287;0;333
51;44;0;287;0;333
52;44;0;287;0;333
53;44;0;287;0;333
56;44;0;596;0;333
57;44;0;287;0;333
58;44;0;287;0;333
7;45;0;287;0;333
8;45;0;287;0;333
9;45;0;287;0;333
10;45;0;287;0;333
11;45;0;287;0;333
12;45;0;287;0;333
13;45;0;287;0;333
14;45;0;287;0;333
15;45;0;287;0;333
16;45;0;287;0;333
17;45;0;287;0;333
18;45;0;287;0;333
19;45;0;287;0;333
20;45;0;287;0;333
21;45;0;287;0;333
22;45;0;287;0;333
23;45;0;287;0;333
24;45;0;287;0;333
25;45;0;287;0;333
37;45;0;623;0;333
38;45;0;287;0;333
39;45;0;287;0;333
40;45;0;287;0;333
41;45;0;287;0;333
42;45;0;287;0;333
43;45;0;287;0;333
44;45;0;287;0;333
45;45;0;287;0;333
46;45;0;287;0;333
47;45;0;287;0;333
48;45;0;287;0;333
49;45;0;287;0;333
50;45;0;287;0;333
51;45;0;287;0;333
52;45;0;287;0;333
56;45;0;613;0;333
57;45;0;287;0;333
58;45;0;287;0;333
7;46;0;287;0;333
8;46;0;287;0;333
9;46;0;287;0;333
10;46;0;287;0;333
11;46;0;287;0;333
12;46;0;287;0;333
13;46;0;287;0;333
14;46;0;287;0;333
15;46;0;287;0;333
16;46;0;287;0;333
17;46;0;287;0;333
18;46;0;287;0;333
19;46;0;287;0;333
20;46;0;287;0;333
21;46;0;287;0;333
22;46;0;287;0;333
23;46;0;287;0;333
24;46;0;287;0;333
25;46;0;287;0;333
37;46;0;623;0;333
38;46;0;287;0;333
39;46;0;287;0;333
40;46;0;287;0;333
41;46;0;287;0;333
42;46;0;287;0;333
43;46;0;287;0;333
44;46;0;287;0;333
45;46;0;287;0;333
46;46;0;287;0;333
47;46;0;287;0;333
48;46;0;287;0;333
49;46;0;287;0;333
50;46;0;287;0;333
51;46;0;287;0;333
52;46;0;287;0;333
56;46;0;613;0;333
57;46;0;287;0;333
58;46;0;287;0;333
6;47;0;287;0;333
7;47;0;287;0;333
8;47;0;287;0;333
9;47;0;287;0;333
10;47;0;287;0;333
11;47;0;287;0;333
12;47;0;287;0;333
13;47;0;287;0;333
14;47;0;287;0;333
15;47;0;287;0;333
16;47;0;287;0;333
17;47;0;287;0;333
18;47;0;287;0;333
19;47;0;287;0;333
20;47;0;287;0;333
21;47;0;287;0;333
22;47;0;287;0;333
23;47;0;287;0;333
24;47;0;287;0;333
25;47;0;287;0;333
26;47;0;287;0;333
27;47;0;287;0;333
28;47;0;287;0;333
29;47;0;287;0;333
30;47;0;287;0;333
31;47;0;287;0;333
32;47;0;287;0;333
33;47;0;287;0;333
34;47;0;287;0;333
35;47;0;287;0;333
36;47;0;287;0;333
37;47;0;287;0;333
38;47;0;287;0;333
39;47;0;287;0;333
40;47;0;287;0;333
41;47;0;287;0;333
42;47;0;287;0;333
43;47;0;287;0;333
44;47;0;287;0;333
45;47;0;287;0;333
46;47;0;287;0;333
47;47;0;287;0;333
48;47;0;287;0;333
49;47;0;287;0;333
50;47;0;287;0;333
51;47;0;287;0;333
52;47;0;287;0;333
56;47;0;613;0;333
57;47;0;287;0;333
58;47;0;287;0;333
6;48;0;287;0;333
7;48;0;287;0;333
8;48;0;287;0;333
9;48;0;287;0;333
10;48;0;287;0;333
11;48;0;287;0;333
12;48;0;287;0;333
13;48;0;287;0;333
14;48;0;287;0;333
15;48;0;287;0;333
16;48;0;287;0;333
17;48;0;287;0;333
18;48;0;287;0;333
19;48;0;287;0;333
20;48;0;287;0;333
21;48;0;287;0;333
22;48;0;287;0;333
23;48;0;287;0;333
24;48;0;287;0;333
25;48;0;287;0;333
26;48;0;287;0;333
27;48;0;287;0;333
28;48;0;287;0;333
29;48;0;287;0;333
30;48;0;287;0;333
31;48;0;287;0;333
32;48;0;287;0;333
33;48;0;287;0;333
34;48;0;287;0;333
35;48;0;287;0;333
36;48;0;287;0;333
37;48;0;287;0;333
38;48;0;287;0;333
39;48;0;287;0;333
40;48;0;287;0;333
41;48;0;287;0;333
42;48;0;287;0;333
43;48;0;287;0;333
44;48;0;287;0;333
45;48;0;287;0;333
46;48;0;287;0;333
47;48;0;287;0;333
48;48;0;287;0;333
49;48;0;287;0;333
50;48;0;287;0;333
51;48;0;287;0;333
56;48;0;613;0;333
57;48;0;287;0;333
58;48;0;287;0;333
6;49;0;287;0;333
7;49;0;622;0;333
8;49;0;622;0;333
9;49;0;622;0;333
10;49;0;622;0;333
11;49;0;622;0;333
12;49;0;630;0;333
13;49;0;287;0;333
14;49;0;287;0;333
15;49;0;287;0;333
16;49;0;287;0;333
17;49;0;287;0;333
18;49;0;287;0;333
19;49;0;287;0;333
20;49;0;287;0;333
21;49;0;287;0;333
22;49;0;287;0;333
23;49;0;287;0;333
24;49;0;287;0;333
25;49;0;287;0;333
26;49;0;287;0;333
27;49;0;287;0;333
28;49;0;287;0;333
29;49;0;287;0;333
30;49;0;287;0;333
31;49;0;287;0;333
32;49;0;287;0;333
33;49;0;287;0;333
34;49;0;287;0;333
35;49;0;287;0;333
36;49;0;287;0;333
37;49;0;287;0;333
38;49;0;287;0;333
39;49;0;287;0;333
40;49;0;287;0;333
41;49;0;287;0;333
42;49;0;287;0;333
43;49;0;287;0;333
44;49;0;287;0;333
45;49;0;287;0;333
46;49;0;287;0;333
47;49;0;287;0;333
48;49;0;287;0;333
49;49;0;287;0;333
50;49;0;287;0;333
51;49;0;613;0;333
52;49;0;613;0;333
53;49;0;613;0;333
56;49;0;613;0;333
57;49;0;287;0;333
58;49;0;287;0;333
6;50;0;287;0;333
9;50;0;524;0;333
9;50;0;2586;0;333
11;50;0;3100;0;333
11;50;0;2046;0;333
12;50;0;629;0;333
13;50;0;622;0;333
14;50;0;622;0;333
15;50;0;630;0;333
16;50;0;287;0;333
17;50;0;287;0;333
18;50;0;287;0;333
19;50;0;287;0;333
20;50;0;287;0;333
21;50;0;287;0;333
22;50;0;287;0;333
23;50;0;287;0;333
24;50;0;287;0;333
25;50;0;287;0;333
26;50;0;287;0;333
27;50;0;287;0;333
28;50;0;287;0;333
29;50;0;287;0;333
30;50;0;287;0;333
31;50;0;287;0;333
32;50;0;287;0;333
33;50;0;287;0;333
34;50;0;287;0;333
35;50;0;287;0;333
36;50;0;287;0;333
37;50;0;287;0;333
38;50;0;287;0;333
39;50;0;287;0;333
40;50;0;287;0;333
41;50;0;287;0;333
42;50;0;287;0;333
43;50;0;287;0;333
44;50;0;287;0;333
45;50;0;287;0;333
46;50;0;287;0;333
47;50;0;287;0;333
48;50;0;287;0;333
49;50;0;287;0;333
50;50;0;287;0;333
51;50;0;613;0;333
55;50;0;2906;0;333
56;50;0;613;0;333
57;50;0;287;0;333
58;50;0;287;0;333
6;51;0;287;0;333
8;51;0;3099;0;333
9;51;0;914;0;333
11;51;0;315;0;333
12;51;0;1360;0;333
13;51;0;1250;0;333
14;51;0;3100;0;333
15;51;0;623;0;333
16;51;0;287;0;333
17;51;0;287;0;333
18;51;0;287;0;333
19;51;0;287;0;333
20;51;0;287;0;333
21;51;0;287;0;333
22;51;0;287;0;333
23;51;0;287;0;333
24;51;0;287;0;333
25;51;0;287;0;333
26;51;0;287;0;333
27;51;0;287;0;333
28;51;0;287;0;333
29;51;0;287;0;333
30;51;0;287;0;333
31;51;0;287;0;333
32;51;0;287;0;333
33;51;0;287;0;333
34;51;0;287;0;333
35;51;0;287;0;333
36;51;0;287;0;333
37;51;0;287;0;333
38;51;0;287;0;333
39;51;0;287;0;333
40;51;0;287;0;333
41;51;0;287;0;333
42;51;0;287;0;333
43;51;0;287;0;333
44;51;0;287;0;333
45;51;0;287;0;333
46;51;0;287;0;333
47;51;0;287;0;333
48;51;0;287;0;333
49;51;0;287;0;333
50;51;0;287;0;333
51;51;0;613;0;333
56;51;0;613;0;333
57;51;0;613;0;333
58;51;0;287;0;333
5;52;0;287;0;333
6;52;0;287;0;333
7;52;0;3099;0;333
8;52;0;3099;0;333
13;52;0;75;0;333
14;52;0;2052;0;333
15;52;0;629;0;333
16;52;0;630;0;333
17;52;0;287;0;333
18;52;0;287;0;333
19;52;0;287;0;333
20;52;0;287;0;333
21;52;0;287;0;333
22;52;0;287;0;333
23;52;0;287;0;333
24;52;0;287;0;333
25;52;0;287;0;333
26;52;0;287;0;333
27;52;0;287;0;333
28;52;0;287;0;333
29;52;0;287;0;333
30;52;0;287;0;333
31;52;0;287;0;333
32;52;0;287;0;333
33;52;0;287;0;333
34;52;0;287;0;333
35;52;0;287;0;333
36;52;0;287;0;333
37;52;0;287;0;333
38;52;0;287;0;333
39;52;0;287;0;333
40;52;0;287;0;333
41;52;0;287;0;333
42;52;0;287;0;333
43;52;0;287;0;333
44;52;0;287;0;333
45;52;0;287;0;333
46;52;0;287;0;333
47;52;0;287;0;333
48;52;0;287;0;333
51;52;0;613;0;333
56;52;0;513;0;333
57;52;0;613;0;333
58;52;0;287;0;333
59;52;0;287;0;333
5;53;0;287;0;333
6;53;0;622;0;333
7;53;0;3099;0;333
11;53;0;314;0;333
12;53;0;914;0;333
12;53;0;12;0;333
14;53;0;2052;0;333
15;53;0;1254;0;333
16;53;0;623;0;333
17;53;0;287;0;333
18;53;0;287;0;333
19;53;0;287;0;333
20;53;0;287;0;333
21;53;0;287;0;333
22;53;0;287;0;333
23;53;0;287;0;333
24;53;0;287;0;333
25;53;0;287;0;333
26;53;0;287;0;333
27;53;0;287;0;333
28;53;0;287;0;333
29;53;0;287;0;333
30;53;0;287;0;333
31;53;0;287;0;333
32;53;0;287;0;333
33;53;0;287;0;333
34;53;0;287;0;333
35;53;0;287;0;333
36;53;0;287;0;333
37;53;0;287;0;333
38;53;0;287;0;333
39;53;0;287;0;333
40;53;0;287;0;333
41;53;0;287;0;333
42;53;0;287;0;333
43;53;0;287;0;333
44;53;0;287;0;333
45;53;0;287;0;333
46;53;0;287;0;333
47;53;0;613;0;333
48;53;0;613;0;333
49;53;0;613;0;333
50;53;0;613;0;333
51;53;0;613;0;333
56;53;0;75;0;333
57;53;0;613;0;333
58;53;0;613;0;333
59;53;0;287;0;333
5;54;0;622;0;333
6;54;0;3099;0;333
17;54;0;622;0;333
18;54;0;630;0;333
19;54;0;287;0;333
20;54;0;287;0;333
21;54;0;287;0;333
22;54;0;287;0;333
23;54;0;287;0;333
24;54;0;287;0;333
25;54;0;287;0;333
26;54;0;287;0;333
27;54;0;287;0;333
28;54;0;287;0;333
29;54;0;287;0;333
30;54;0;287;0;333
31;54;0;287;0;333
32;54;0;287;0;333
33;54;0;287;0;333
34;54;0;287;0;333
35;54;0;287;0;333
36;54;0;287;0;333
37;54;0;287;0;333
38;54;0;287;0;333
39;54;0;287;0;333
40;54;0;287;0;333
41;54;0;287;0;333
42;54;0;287;0;333
43;54;0;287;0;333
44;54;0;287;0;333
45;54;0;287;0;333
46;54;0;622;0;333
48;54;0;3097;0;333
49;54;0;3097;0;333
49;54;0;2905;0;333
50;54;0;514;0;333
51;54;0;513;0;333
57;54;0;2052;0;333
58;54;0;613;0;333
59;54;0;287;0;333
8;55;0;29;0;333
16;55;0;523;0;333
17;55;0;3099;0;333
18;55;0;629;0;333
19;55;0;622;0;333
20;55;0;622;0;333
21;55;0;630;0;333
22;55;0;287;0;333
23;55;0;287;0;333
24;55;0;287;0;333
25;55;0;287;0;333
26;55;0;287;0;333
27;55;0;287;0;333
28;55;0;287;0;333
29;55;0;287;0;333
30;55;0;287;0;333
31;55;0;287;0;333
32;55;0;287;0;333
33;55;0;287;0;333
34;55;0;287;0;333
35;55;0;287;0;333
36;55;0;287;0;333
37;55;0;287;0;333
38;55;0;287;0;333
39;55;0;287;0;333
40;55;0;287;0;333
41;55;0;622;0;333
42;55;0;622;0;333
43;55;0;120;0;333
45;55;0;622;0;333
46;55;0;628;0;333
47;55;0;3097;0;333
48;55;0;3097;0;333
49;55;0;315;0;333
50;55;0;1272;0;333
57;55;0;2052;0;333
58;55;0;613;0;333
59;55;0;287;0;333
20;56;0;314;0;333
21;56;0;629;0;333
22;56;0;597;0;333
23;56;0;622;0;333
24;56;0;597;0;333
25;56;0;622;0;333
26;56;0;597;0;333
27;56;0;622;0;333
28;56;0;597;0;333
29;56;0;622;0;333
30;56;0;597;0;333
31;56;0;622;0;333
32;56;0;622;0;333
33;56;0;622;0;333
34;56;0;287;0;333
35;56;0;287;0;333
36;56;0;287;0;333
37;56;0;622;0;333
38;56;0;622;0;333
39;56;0;622;0;333
40;56;0;622;0;333
41;56;0;628;0;333
42;56;0;3097;0;333
44;56;0;1265;0;333
45;56;0;915;0;333
46;56;0;220;0;333
57;56;0;339;0;333
58;56;0;613;0;333
59;56;0;287;0;333
7;57;0;316;0;333
11;57;0;914;0;333
31;57;0;915;0;333
33;57;0;629;0;333
34;57;0;622;0;333
35;57;0;622;0;333
36;57;0;622;0;333
37;57;0;628;0;333
38;57;0;915;0;333
39;57;0;628;0;333
55;57;0;914;0;333
55;57;0;12;0;333
55;57;0;2488;0;333
56;57;0;1265;0;333
57;57;0;2052;0;333
58;57;0;613;0;333
59;57;0;287;0;333
55;58;0;51;0;333
57;58;0;3099;0;333
58;58;0;613;0;333
59;58;0;287;0;333
58;59;0;287;0;333
59;59;0;287;0;333
