0;0;0;287;0;333
1;0;0;622;0;333
2;0;0;622;0;333
3;0;0;622;0;333
4;0;0;622;0;333
5;0;0;622;0;333
6;0;0;630;0;333
7;0;0;287;0;333
8;0;0;287;0;333
9;0;0;287;0;333
10;0;0;287;0;333
11;0;0;287;0;333
12;0;0;287;0;333
13;0;0;287;0;333
14;0;0;287;0;333
15;0;0;287;0;333
16;0;0;287;0;333
17;0;0;287;0;333
18;0;0;287;0;333
19;0;0;287;0;333
20;0;0;340;0;333
21;0;0;340;0;333
22;0;0;340;0;333
23;0;0;340;0;333
24;0;0;340;0;333
25;0;0;340;0;333
26;0;0;340;0;333
27;0;0;340;0;333
28;0;0;340;0;333
29;0;0;340;0;333
30;0;0;287;0;333
30;0;0;473;0;333
31;0;0;287;0;333
32;0;0;287;0;333
33;0;0;287;0;333
34;0;0;287;0;333
35;0;0;622;0;333
36;0;0;622;0;333
37;0;0;622;0;333
38;0;0;622;0;333
39;0;0;630;0;333
0;1;0;622;0;333
1;1;0;628;0;333
2;1;0;914;0;333
3;1;0;628;0;333
5;1;0;1246;0;333
6;1;0;623;0;333
7;1;0;287;0;333
8;1;0;287;0;333
9;1;0;287;0;333
10;1;0;287;0;333
11;1;0;287;0;333
12;1;0;287;0;333
13;1;0;287;0;333
14;1;0;287;0;333
15;1;0;287;0;333
16;1;0;622;0;333
17;1;0;622;0;333
18;1;0;630;0;333
19;1;0;287;0;333
23;1;0;210;0;333
25;1;0;3075;0;333
26;1;0;75;0;333
27;1;0;210;0;333
29;1;0;315;0;333
29;1;0;2905;0;333
30;1;0;630;0;333
31;1;0;622;0;333
32;1;0;622;0;333
33;1;0;622;0;333
35;1;0;401;0;333
39;1;0;623;0;333
0;2;0;1246;0;333
4;2;0;35;0;333
6;2;0;629;0;333
7;2;0;718;0;333
8;2;0;701;0;333
9;2;0;701;0;333
9;2;0;551;0;333
10;2;0;701;0;333
10;2;0;210;0;333
11;2;0;701;0;333
11;2;0;3107;0;333
12;2;0;701;0;333
12;2;0;210;0;333
13;2;0;701;0;333
14;2;0;719;0;333
14;2;0;75;0;333
15;2;0;287;0;333
18;2;0;623;0;333
19;2;0;287;0;333
21;2;0;75;0;333
22;2;0;396;0;333
22;2;0;1265;0;333
23;2;0;337;0;333
25;2;0;337;0;333
27;2;0;337;0;333
28;2;0;396;0;333
28;2;0;1265;0;333
29;2;0;2069;0;333
30;2;0;629;0;333
31;2;0;628;0;333
32;2;0;513;0;333
33;2;0;513;0;333
37;2;0;627;0;333
39;2;0;287;0;333
39;2;0;342;0;333
7;3;0;702;0;333
8;3;0;1360;0;333
9;3;0;216;0;333
10;3;0;216;0;333
13;3;0;396;0;333
13;3;0;1265;0;333
14;3;0;703;0;333
15;3;0;287;0;333
18;3;0;629;0;333
19;3;0;630;0;333
36;3;0;339;0;333
37;3;0;623;0;333
39;3;0;287;0;333
39;3;0;342;0;333
6;4;0;396;0;333
6;4;0;1265;0;333
7;4;0;702;0;333
11;4;0;218;0;333
12;4;0;218;0;333
14;4;0;703;0;333
14;4;0;267;0;333
15;4;0;287;0;333
19;4;0;629;0;333
20;4;0;628;0;333
36;4;0;339;0;333
37;4;0;623;0;333
39;4;0;287;0;333
39;4;0;342;0;333
2;5;0;915;0;333
6;5;0;627;0;333
7;5;0;702;0;333
8;5;0;740;0;333
10;5;0;217;0;333
11;5;0;36;0;333
12;5;0;36;0;333
13;5;0;219;0;333
14;5;0;703;0;333
15;5;0;287;0;333
37;5;0;623;0;333
39;5;0;287;0;333
39;5;0;342;0;333
7;6;0;702;0;333
8;6;0;396;0;333
8;6;0;1265;0;333
11;6;0;216;0;333
12;6;0;216;0;333
14;6;0;703;0;333
14;6;0;267;0;333
15;6;0;287;0;333
16;6;0;287;0;333
17;6;0;287;0;333
18;6;0;287;0;333
19;6;0;287;0;333
28;6;0;287;0;333
29;6;0;287;0;333
30;6;0;287;0;333
31;6;0;287;0;333
32;6;0;287;0;333
33;6;0;287;0;333
34;6;0;287;0;333
35;6;0;287;0;333
36;6;0;287;0;333
37;6;0;287;0;333
39;6;0;287;0;333
39;6;0;342;0;333
7;7;0;702;0;333
14;7;0;703;0;333
15;7;0;287;0;333
16;7;0;287;0;333
17;7;0;287;0;333
18;7;0;287;0;333
19;7;0;287;0;333
20;7;0;287;0;333
21;7;0;287;0;333
22;7;0;287;0;333
23;7;0;287;0;333
24;7;0;287;0;333
25;7;0;287;0;333
26;7;0;287;0;333
27;7;0;287;0;333
28;7;0;287;0;333
29;7;0;287;0;333
30;7;0;287;0;333
31;7;0;287;0;333
32;7;0;287;0;333
33;7;0;287;0;333
34;7;0;287;0;333
35;7;0;287;0;333
36;7;0;287;0;333
37;7;0;287;0;333
39;7;0;287;0;333
39;7;0;342;0;333
0;8;0;915;0;333
6;8;0;396;0;333
6;8;0;1265;0;333
7;8;0;702;0;333
14;8;0;703;0;333
15;8;0;287;0;333
16;8;0;287;0;333
17;8;0;287;0;333
18;8;0;287;0;333
19;8;0;287;0;333
20;8;0;287;0;333
21;8;0;287;0;333
22;8;0;287;0;333
23;8;0;287;0;333
24;8;0;287;0;333
25;8;0;287;0;333
26;8;0;287;0;333
27;8;0;287;0;333
28;8;0;287;0;333
29;8;0;287;0;333
30;8;0;287;0;333
31;8;0;287;0;333
32;8;0;287;0;333
33;8;0;287;0;333
34;8;0;287;0;333
35;8;0;287;0;333
36;8;0;287;0;333
37;8;0;287;0;333
39;8;0;287;0;333
39;8;0;342;0;333
0;9;0;287;0;333
1;9;0;915;0;333
7;9;0;716;0;333
8;9;0;700;0;333
9;9;0;708;0;333
10;9;0;700;0;333
11;9;0;700;0;333
12;9;0;700;0;333
13;9;0;700;0;333
14;9;0;717;0;333
15;9;0;700;0;333
16;9;0;632;0;333
17;9;0;690;0;333
18;9;0;691;0;333
19;9;0;632;0;333
20;9;0;690;0;333
21;9;0;691;0;333
22;9;0;632;0;333
23;9;0;690;0;333
24;9;0;691;0;333
25;9;0;632;0;333
26;9;0;690;0;333
27;9;0;691;0;333
28;9;0;632;0;333
29;9;0;690;0;333
30;9;0;287;0;333
31;9;0;635;0;333
39;9;0;287;0;333
0;10;0;622;0;333
1;10;0;628;0;333
6;10;0;629;0;333
7;10;0;628;0;333
8;10;0;295;0;333
10;10;0;401;0;333
10;10;0;402;0;333
10;10;0;914;0;333
11;10;0;703;0;333
11;10;0;702;0;333
12;10;0;633;0;333
13;10;0;633;0;333
14;10;0;681;0;333
14;10;0;691;0;333
15;10;0;680;0;333
15;10;0;690;0;333
16;10;0;272;0;333
17;10;0;681;0;333
17;10;0;691;0;333
17;10;0;688;0;333
17;10;0;332;0;333
18;10;0;680;0;333
18;10;0;690;0;333
19;10;0;272;0;333
20;10;0;681;0;333
20;10;0;691;0;333
20;10;0;688;0;333
20;10;0;315;0;333
21;10;0;680;0;333
21;10;0;690;0;333
22;10;0;272;0;333
23;10;0;681;0;333
23;10;0;691;0;333
23;10;0;688;0;333
23;10;0;275;0;333
24;10;0;680;0;333
24;10;0;690;0;333
25;10;0;272;0;333
26;10;0;681;0;333
26;10;0;691;0;333
26;10;0;688;0;333
26;10;0;276;0;333
27;10;0;680;0;333
27;10;0;690;0;333
28;10;0;272;0;333
29;10;0;681;0;333
29;10;0;691;0;333
29;10;0;688;0;333
29;10;0;333;0;333
30;10;0;287;0;333
31;10;0;635;0;333
33;10;0;680;0;333
34;10;0;287;0;333
35;10;0;287;0;333
36;10;0;287;0;333
37;10;0;287;0;333
38;10;0;287;0;333
39;10;0;287;0;333
11;11;0;703;0;333
11;11;0;702;0;333
15;11;0;75;0;333
17;11;0;394;0;333
18;11;0;275;0;333
26;11;0;2855;0;333
27;11;0;315;0;333
30;11;0;634;0;333
31;11;0;635;0;333
31;11;0;635;0;333
33;11;0;634;0;333
34;11;0;287;0;333
35;11;0;287;0;333
36;11;0;287;0;333
37;11;0;287;0;333
38;11;0;287;0;333
39;11;0;287;0;333
11;12;0;703;0;333
11;12;0;702;0;333
29;12;0;75;0;333
30;12;0;634;0;333
31;12;0;635;0;333
33;12;0;634;0;333
34;12;0;287;0;333
35;12;0;287;0;333
36;12;0;287;0;333
37;12;0;287;0;333
38;12;0;287;0;333
39;12;0;287;0;333
0;13;0;626;0;333
5;13;0;914;0;333
6;13;0;627;0;333
7;13;0;915;0;333
11;13;0;703;0;333
11;13;0;702;0;333
21;13;0;396;0;333
21;13;0;1265;0;333
23;13;0;213;0;333
24;13;0;213;0;333
26;13;0;213;0;333
27;13;0;213;0;333
29;13;0;2908;0;333
30;13;0;634;0;333
31;13;0;635;0;333
33;13;0;634;0;333
34;13;0;287;0;333
35;13;0;287;0;333
36;13;0;287;0;333
37;13;0;287;0;333
38;13;0;287;0;333
39;13;0;287;0;333
0;14;0;287;0;333
1;14;0;915;0;333
6;14;0;629;0;333
7;14;0;628;0;333
8;14;0;1272;0;333
10;14;0;404;0;333
10;14;0;1257;0;333
11;14;0;703;0;333
11;14;0;702;0;333
20;14;0;680;0;333
21;14;0;681;0;333
23;14;0;213;0;333
24;14;0;213;0;333
26;14;0;213;0;333
27;14;0;213;0;333
29;14;0;396;0;333
29;14;0;1265;0;333
30;14;0;682;0;333
31;14;0;683;0;333
33;14;0;690;0;333
33;14;0;634;0;333
34;14;0;287;0;333
35;14;0;287;0;333
36;14;0;287;0;333
37;14;0;287;0;333
38;14;0;287;0;333
39;14;0;287;0;333
0;15;0;622;0;333
1;15;0;628;0;333
2;15;0;396;0;333
2;15;0;1265;0;333
7;15;0;1245;0;333
10;15;0;695;0;333
11;15;0;703;0;333
11;15;0;716;0;333
15;15;0;396;0;333
15;15;0;1265;0;333
18;15;0;396;0;333
18;15;0;1265;0;333
20;15;0;682;0;333
21;15;0;683;0;333
22;15;0;396;0;333
23;15;0;213;0;333
24;15;0;213;0;333
26;15;0;213;0;333
27;15;0;213;0;333
33;15;0;681;0;333
33;15;0;688;0;333
33;15;0;396;0;333
33;15;0;1272;0;333
34;15;0;287;0;333
35;15;0;287;0;333
36;15;0;287;0;333
37;15;0;287;0;333
38;15;0;287;0;333
39;15;0;287;0;333
1;16;0;914;0;333
33;16;0;635;0;333
34;16;0;287;0;333
35;16;0;287;0;333
36;16;0;287;0;333
37;16;0;287;0;333
38;16;0;287;0;333
39;16;0;287;0;333
31;17;0;2857;0;333
33;17;0;635;0;333
33;17;0;2069;0;333
34;17;0;287;0;333
35;17;0;287;0;333
36;17;0;287;0;333
37;17;0;287;0;333
38;17;0;287;0;333
39;17;0;287;0;333
0;18;0;626;0;333
10;18;0;695;0;333
11;18;0;719;0;333
11;18;0;702;0;333
15;18;0;396;0;333
15;18;0;1265;0;333
18;18;0;396;0;333
18;18;0;1265;0;333
20;18;0;680;0;333
21;18;0;681;0;333
23;18;0;213;0;333
24;18;0;213;0;333
26;18;0;213;0;333
27;18;0;213;0;333
33;18;0;635;0;333
34;18;0;287;0;333
35;18;0;287;0;333
36;18;0;287;0;333
37;18;0;287;0;333
38;18;0;287;0;333
39;18;0;287;0;333
0;19;0;287;0;333
10;19;0;404;0;333
10;19;0;1246;0;333
11;19;0;703;0;333
11;19;0;716;0;333
20;19;0;682;0;333
21;19;0;683;0;333
23;19;0;213;0;333
24;19;0;213;0;333
26;19;0;213;0;333
27;19;0;213;0;333
29;19;0;216;0;333
30;19;0;216;0;333
31;19;0;216;0;333
32;19;0;396;0;333
32;19;0;1265;0;333
33;19;0;683;0;333
34;19;0;287;0;333
35;19;0;287;0;333
36;19;0;287;0;333
37;19;0;287;0;333
38;19;0;287;0;333
39;19;0;287;0;333
0;20;0;622;0;333
1;20;0;628;0;333
2;20;0;1272;0;333
3;20;0;1246;0;333
10;20;0;1272;0;333
11;20;0;623;0;333
12;20;0;921;0;333
12;20;0;287;0;333
21;20;0;396;0;333
21;20;0;1265;0;333
23;20;0;213;0;333
24;20;0;213;0;333
26;20;0;213;0;333
27;20;0;213;0;333
29;20;0;396;0;333
29;20;0;1265;0;333
30;20;0;680;0;333
31;20;0;287;0;333
32;20;0;287;0;333
33;20;0;287;0;333
34;20;0;287;0;333
34;20;0;287;0;333
35;20;0;287;0;333
36;20;0;287;0;333
37;20;0;287;0;333
38;20;0;287;0;333
39;20;0;287;0;333
4;21;0;914;0;333
10;21;0;915;0;333
11;21;0;623;0;333
12;21;0;921;0;333
12;21;0;287;0;333
13;21;0;626;0;333
17;21;0;631;0;333
29;21;0;2908;0;333
30;21;0;634;0;333
31;21;0;287;0;333
31;21;0;287;0;333
32;21;0;287;0;333
32;21;0;287;0;333
33;21;0;287;0;333
34;21;0;287;0;333
35;21;0;287;0;333
36;21;0;287;0;333
37;21;0;287;0;333
38;21;0;287;0;333
39;21;0;287;0;333
6;22;0;915;0;333
10;22;0;914;0;333
11;22;0;623;0;333
12;22;0;921;0;333
12;22;0;287;0;333
13;22;0;626;0;333
29;22;0;211;0;333
30;22;0;634;0;333
31;22;0;287;0;333
32;22;0;287;0;333
33;22;0;287;0;333
34;22;0;287;0;333
35;22;0;287;0;333
35;22;0;287;0;333
36;22;0;287;0;333
37;22;0;287;0;333
38;22;0;287;0;333
39;22;0;287;0;333
5;23;0;627;0;333
10;23;0;627;0;333
11;23;0;623;0;333
12;23;0;921;0;333
12;23;0;287;0;333
13;23;0;626;0;333
29;23;0;627;0;333
30;23;0;634;0;333
31;23;0;287;0;333
32;23;0;287;0;333
32;23;0;287;0;333
33;23;0;287;0;333
34;23;0;287;0;333
35;23;0;287;0;333
35;23;0;287;0;333
35;23;0;287;0;333
36;23;0;287;0;333
37;23;0;287;0;333
38;23;0;287;0;333
39;23;0;287;0;333
5;24;0;623;0;333
6;24;0;287;0;333
7;24;0;626;0;333
11;24;0;623;0;333
12;24;0;921;0;333
12;24;0;472;0;333
12;24;0;287;0;333
13;24;0;626;0;333
29;24;0;623;0;333
30;24;0;287;0;333
31;24;0;287;0;333
32;24;0;287;0;333
33;24;0;287;0;333
34;24;0;287;0;333
35;24;0;287;0;333
36;24;0;287;0;333
37;24;0;287;0;333
38;24;0;287;0;333
39;24;0;287;0;333
