21;0;0;627;0;333
22;0;0;626;0;333
23;0;0;629;0;333
24;0;0;628;0;333
25;0;0;1783;0;333
38;0;0;623;0;333
39;0;0;287;0;333
40;0;0;287;0;333
41;0;0;287;0;333
42;0;0;287;0;333
43;0;0;287;0;333
44;0;0;287;0;333
45;0;0;287;0;333
46;0;0;287;0;333
47;0;0;287;0;333
48;0;0;287;0;333
49;0;0;287;0;333
50;0;0;287;0;333
51;0;0;287;0;333
52;0;0;287;0;333
53;0;0;287;0;333
54;0;0;287;0;333
55;0;0;287;0;333
55;0;0;287;0;333
56;0;0;287;0;333
57;0;0;287;0;333
58;0;0;627;0;333
59;0;0;626;0;333
60;0;0;628;0;333
61;0;0;627;0;333
62;0;0;626;0;333
21;1;0;629;0;333
22;1;0;628;0;333
29;1;0;2170;0;333
38;1;0;623;0;333
39;1;0;287;0;333
40;1;0;287;0;333
41;1;0;287;0;333
42;1;0;287;0;333
43;1;0;287;0;333
44;1;0;287;0;333
45;1;0;287;0;333
46;1;0;287;0;333
47;1;0;287;0;333
48;1;0;287;0;333
49;1;0;287;0;333
50;1;0;287;0;333
51;1;0;287;0;333
52;1;0;287;0;333
53;1;0;287;0;333
54;1;0;287;0;333
55;1;0;287;0;333
55;1;0;287;0;333
56;1;0;287;0;333
57;1;0;287;0;333
58;1;0;629;0;333
59;1;0;628;0;333
60;1;0;627;0;333
61;1;0;626;0;333
62;1;0;628;0;333
21;2;0;627;0;333
22;2;0;626;0;333
25;2;0;273;0;333
38;2;0;623;0;333
39;2;0;287;0;333
40;2;0;287;0;333
41;2;0;287;0;333
42;2;0;287;0;333
43;2;0;287;0;333
44;2;0;287;0;333
57;2;0;287;0;333
58;2;0;287;0;333
58;2;0;287;0;333
59;2;0;1783;0;333
59;2;0;287;0;333
60;2;0;629;0;333
61;2;0;627;0;333
62;2;0;626;0;333
21;3;0;629;0;333
22;3;0;628;0;333
33;3;0;627;0;333
34;3;0;627;0;333
36;3;0;623;0;333
37;3;0;287;0;333
38;3;0;287;0;333
39;3;0;287;0;333
40;3;0;287;0;333
41;3;0;287;0;333
42;3;0;287;0;333
43;3;0;287;0;333
44;3;0;287;0;333
47;3;0;287;0;333
48;3;0;287;0;333
48;3;0;287;0;333
49;3;0;287;0;333
50;3;0;287;0;333
51;3;0;287;0;333
52;3;0;287;0;333
53;3;0;287;0;333
54;3;0;287;0;333
55;3;0;599;0;333
56;3;0;596;0;333
57;3;0;287;0;333
58;3;0;287;0;333
59;3;0;287;0;333
61;3;0;629;0;333
62;3;0;628;0;333
63;3;0;627;0;333
64;3;0;626;0;333
66;3;0;627;0;333
67;3;0;626;0;333
21;4;0;627;0;333
22;4;0;626;0;333
24;4;0;1246;0;333
33;4;0;623;0;333
34;4;0;287;0;333
35;4;0;287;0;333
36;4;0;287;0;333
37;4;0;287;0;333
38;4;0;287;0;333
39;4;0;287;0;333
40;4;0;287;0;333
41;4;0;287;0;333
42;4;0;287;0;333
43;4;0;287;0;333
46;4;0;287;0;333
47;4;0;287;0;333
47;4;0;287;0;333
48;4;0;287;0;333
48;4;0;287;0;333
49;4;0;287;0;333
50;4;0;287;0;333
51;4;0;1782;0;333
51;4;0;287;0;333
52;4;0;287;0;333
53;4;0;622;0;333
54;4;0;622;0;333
57;4;0;629;0;333
58;4;0;622;0;333
59;4;0;622;0;333
60;4;0;628;0;333
62;4;0;627;0;333
63;4;0;626;0;333
64;4;0;628;0;333
66;4;0;629;0;333
67;4;0;628;0;333
68;4;0;627;0;333
69;4;0;626;0;333
19;5;0;627;0;333
20;5;0;626;0;333
21;5;0;629;0;333
22;5;0;628;0;333
23;5;0;308;0;333
33;5;0;623;0;333
34;5;0;287;0;333
35;5;0;287;0;333
36;5;0;287;0;333
37;5;0;287;0;333
38;5;0;287;0;333
39;5;0;287;0;333
40;5;0;287;0;333
41;5;0;287;0;333
42;5;0;287;0;333
46;5;0;287;0;333
47;5;0;287;0;333
47;5;0;287;0;333
47;5;0;287;0;333
48;5;0;287;0;333
48;5;0;287;0;333
49;5;0;287;0;333
49;5;0;287;0;333
50;5;0;287;0;333
50;5;0;287;0;333
51;5;0;287;0;333
52;5;0;622;0;333
58;5;0;1817;0;333
62;5;0;629;0;333
63;5;0;628;0;333
64;5;0;627;0;333
65;5;0;626;0;333
67;5;0;627;0;333
68;5;0;626;0;333
69;5;0;628;0;333
70;5;0;626;0;333
19;6;0;629;0;333
20;6;0;627;0;333
21;6;0;626;0;333
26;6;0;627;0;333
33;6;0;623;0;333
34;6;0;287;0;333
35;6;0;287;0;333
36;6;0;287;0;333
37;6;0;287;0;333
38;6;0;287;0;333
39;6;0;287;0;333
40;6;0;287;0;333
41;6;0;287;0;333
45;6;0;287;0;333
46;6;0;287;0;333
47;6;0;287;0;333
47;6;0;287;0;333
47;6;0;287;0;333
47;6;0;287;0;333
48;6;0;287;0;333
48;6;0;287;0;333
48;6;0;287;0;333
49;6;0;287;0;333
49;6;0;287;0;333
49;6;0;287;0;333
50;6;0;1782;0;333
50;6;0;287;0;333
51;6;0;622;0;333
54;6;0;586;0;333
59;6;0;308;0;333
64;6;0;629;0;333
65;6;0;627;0;333
66;6;0;627;0;333
67;6;0;626;0;333
68;6;0;628;0;333
69;6;0;629;0;333
70;6;0;628;0;333
71;6;0;627;0;333
72;6;0;626;0;333
19;7;0;627;0;333
20;7;0;626;0;333
21;7;0;628;0;333
26;7;0;623;0;333
27;7;0;287;0;333
28;7;0;287;0;333
32;7;0;287;0;333
33;7;0;287;0;333
34;7;0;287;0;333
35;7;0;287;0;333
37;7;0;622;0;333
38;7;0;597;0;333
39;7;0;622;0;333
40;7;0;597;0;333
41;7;0;622;0;333
45;7;0;287;0;333
46;7;0;287;0;333
47;7;0;287;0;333
48;7;0;287;0;333
49;7;0;287;0;333
49;7;0;287;0;333
50;7;0;622;0;333
57;7;0;273;0;333
64;7;0;627;0;333
65;7;0;626;0;333
66;7;0;629;0;333
67;7;0;628;0;333
68;7;0;627;0;333
69;7;0;626;0;333
70;7;0;627;0;333
71;7;0;626;0;333
72;7;0;628;0;333
74;7;0;627;0;333
75;7;0;626;0;333
19;8;0;629;0;333
20;8;0;628;0;333
24;8;0;627;0;333
25;8;0;627;0;333
26;8;0;623;0;333
27;8;0;287;0;333
28;8;0;287;0;333
29;8;0;287;0;333
30;8;0;287;0;333
31;8;0;287;0;333
32;8;0;287;0;333
33;8;0;287;0;333
35;8;0;622;0;333
37;8;0;35;0;333
43;8;0;287;0;333
44;8;0;287;0;333
45;8;0;287;0;333
46;8;0;287;0;333
47;8;0;287;0;333
48;8;0;287;0;333
49;8;0;287;0;333
64;8;0;629;0;333
65;8;0;628;0;333
67;8;0;627;0;333
68;8;0;629;0;333
69;8;0;628;0;333
70;8;0;629;0;333
71;8;0;628;0;333
72;8;0;626;0;333
73;8;0;627;0;333
74;8;0;626;0;333
75;8;0;628;0;333
17;9;0;627;0;333
18;9;0;627;0;333
19;9;0;626;0;333
22;9;0;1254;0;333
24;9;0;623;0;333
25;9;0;287;0;333
26;9;0;287;0;333
27;9;0;287;0;333
28;9;0;287;0;333
29;9;0;287;0;333
30;9;0;287;0;333
31;9;0;287;0;333
32;9;0;287;0;333
33;9;0;287;0;333
40;9;0;623;0;333
41;9;0;287;0;333
42;9;0;287;0;333
43;9;0;287;0;333
44;9;0;287;0;333
45;9;0;287;0;333
46;9;0;287;0;333
47;9;0;287;0;333
48;9;0;287;0;333
49;9;0;287;0;333
58;9;0;2832;0;333
59;9;0;627;0;333
60;9;0;626;0;333
62;9;0;1246;0;333
65;9;0;627;0;333
66;9;0;626;0;333
67;9;0;629;0;333
68;9;0;628;0;333
69;9;0;627;0;333
70;9;0;626;0;333
71;9;0;629;0;333
72;9;0;628;0;333
73;9;0;629;0;333
74;9;0;628;0;333
75;9;0;626;0;333
17;10;0;629;0;333
18;10;0;629;0;333
19;10;0;628;0;333
24;10;0;623;0;333
25;10;0;287;0;333
26;10;0;287;0;333
27;10;0;287;0;333
28;10;0;287;0;333
29;10;0;287;0;333
30;10;0;287;0;333
31;10;0;287;0;333
32;10;0;287;0;333
33;10;0;287;0;333
40;10;0;623;0;333
41;10;0;287;0;333
42;10;0;287;0;333
43;10;0;287;0;333
44;10;0;287;0;333
45;10;0;287;0;333
46;10;0;287;0;333
47;10;0;287;0;333
48;10;0;287;0;333
49;10;0;287;0;333
50;10;0;287;0;333
58;10;0;273;0;333
59;10;0;627;0;333
60;10;0;626;0;333
64;10;0;627;0;333
65;10;0;626;0;333
66;10;0;628;0;333
67;10;0;627;0;333
68;10;0;626;0;333
69;10;0;629;0;333
70;10;0;628;0;333
72;10;0;627;0;333
73;10;0;626;0;333
74;10;0;626;0;333
75;10;0;628;0;333
17;11;0;627;0;333
18;11;0;626;0;333
24;11;0;623;0;333
25;11;0;287;0;333
26;11;0;287;0;333
27;11;0;287;0;333
28;11;0;287;0;333
29;11;0;287;0;333
30;11;0;287;0;333
31;11;0;287;0;333
32;11;0;287;0;333
33;11;0;287;0;333
40;11;0;623;0;333
41;11;0;287;0;333
42;11;0;287;0;333
43;11;0;287;0;333
44;11;0;287;0;333
45;11;0;287;0;333
46;11;0;287;0;333
47;11;0;287;0;333
48;11;0;287;0;333
49;11;0;287;0;333
50;11;0;287;0;333
58;11;0;627;0;333
59;11;0;626;0;333
60;11;0;628;0;333
62;11;0;1782;0;333
64;11;0;629;0;333
65;11;0;628;0;333
67;11;0;629;0;333
68;11;0;628;0;333
69;11;0;626;0;333
70;11;0;626;0;333
71;11;0;626;0;333
72;11;0;629;0;333
73;11;0;628;0;333
74;11;0;628;0;333
15;12;0;627;0;333
16;12;0;626;0;333
17;12;0;629;0;333
18;12;0;628;0;333
20;12;0;627;0;333
23;12;0;287;0;333
24;12;0;287;0;333
25;12;0;287;0;333
26;12;0;287;0;333
27;12;0;287;0;333
28;12;0;287;0;333
29;12;0;287;0;333
30;12;0;287;0;333
31;12;0;287;0;333
32;12;0;287;0;333
33;12;0;287;0;333
36;12;0;287;0;333
37;12;0;623;0;333
38;12;0;287;0;333
39;12;0;287;0;333
40;12;0;287;0;333
41;12;0;287;0;333
42;12;0;287;0;333
43;12;0;287;0;333
44;12;0;287;0;333
45;12;0;287;0;333
46;12;0;287;0;333
47;12;0;287;0;333
48;12;0;287;0;333
49;12;0;287;0;333
50;12;0;287;0;333
50;12;0;287;0;333
51;12;0;287;0;333
56;12;0;586;0;333
58;12;0;629;0;333
59;12;0;628;0;333
64;12;0;627;0;333
65;12;0;626;0;333
68;12;0;629;0;333
69;12;0;628;0;333
70;12;0;628;0;333
71;12;0;628;0;333
72;12;0;627;0;333
73;12;0;626;0;333
74;12;0;627;0;333
75;12;0;626;0;333
15;13;0;629;0;333
16;13;0;627;0;333
17;13;0;626;0;333
19;13;0;623;0;333
20;13;0;287;0;333
21;13;0;287;0;333
22;13;0;287;0;333
23;13;0;287;0;333
24;13;0;287;0;333
25;13;0;287;0;333
26;13;0;287;0;333
27;13;0;287;0;333
27;13;0;287;0;333
28;13;0;287;0;333
28;13;0;287;0;333
29;13;0;287;0;333
29;13;0;287;0;333
30;13;0;287;0;333
30;13;0;287;0;333
31;13;0;287;0;333
31;13;0;287;0;333
32;13;0;287;0;333
32;13;0;287;0;333
33;13;0;287;0;333
33;13;0;287;0;333
34;13;0;287;0;333
35;13;0;287;0;333
36;13;0;287;0;333
37;13;0;623;0;333
38;13;0;287;0;333
39;13;0;287;0;333
40;13;0;287;0;333
41;13;0;287;0;333
42;13;0;287;0;333
43;13;0;287;0;333
44;13;0;287;0;333
45;13;0;287;0;333
46;13;0;287;0;333
47;13;0;287;0;333
48;13;0;287;0;333
49;13;0;287;0;333
50;13;0;287;0;333
51;13;0;287;0;333
57;13;0;1254;0;333
64;13;0;629;0;333
65;13;0;628;0;333
66;13;0;626;0;333
72;13;0;629;0;333
73;13;0;628;0;333
74;13;0;629;0;333
75;13;0;628;0;333
14;14;0;627;0;333
15;14;0;626;0;333
16;14;0;629;0;333
17;14;0;628;0;333
19;14;0;623;0;333
20;14;0;287;0;333
21;14;0;287;0;333
22;14;0;287;0;333
23;14;0;287;0;333
24;14;0;287;0;333
25;14;0;287;0;333
26;14;0;287;0;333
27;14;0;287;0;333
28;14;0;287;0;333
29;14;0;287;0;333
30;14;0;287;0;333
31;14;0;287;0;333
32;14;0;287;0;333
33;14;0;287;0;333
34;14;0;287;0;333
35;14;0;287;0;333
36;14;0;287;0;333
37;14;0;287;0;333
38;14;0;287;0;333
39;14;0;287;0;333
40;14;0;287;0;333
41;14;0;287;0;333
42;14;0;287;0;333
43;14;0;287;0;333
44;14;0;287;0;333
45;14;0;287;0;333
46;14;0;287;0;333
47;14;0;287;0;333
48;14;0;287;0;333
49;14;0;287;0;333
50;14;0;287;0;333
51;14;0;287;0;333
59;14;0;1246;0;333
60;14;0;1817;0;333
63;14;0;627;0;333
64;14;0;626;0;333
65;14;0;629;0;333
66;14;0;628;0;333
14;15;0;629;0;333
15;15;0;628;0;333
16;15;0;623;0;333
17;15;0;287;0;333
18;15;0;287;0;333
19;15;0;287;0;333
20;15;0;287;0;333
21;15;0;287;0;333
22;15;0;287;0;333
23;15;0;287;0;333
24;15;0;287;0;333
25;15;0;287;0;333
26;15;0;287;0;333
27;15;0;287;0;333
28;15;0;287;0;333
29;15;0;287;0;333
30;15;0;287;0;333
31;15;0;287;0;333
32;15;0;287;0;333
33;15;0;287;0;333
34;15;0;287;0;333
35;15;0;287;0;333
36;15;0;287;0;333
37;15;0;287;0;333
38;15;0;287;0;333
39;15;0;287;0;333
40;15;0;287;0;333
41;15;0;287;0;333
42;15;0;287;0;333
43;15;0;287;0;333
44;15;0;287;0;333
45;15;0;287;0;333
46;15;0;287;0;333
47;15;0;287;0;333
48;15;0;287;0;333
49;15;0;287;0;333
50;15;0;287;0;333
51;15;0;287;0;333
51;15;0;287;0;333
62;15;0;627;0;333
63;15;0;626;0;333
64;15;0;626;0;333
15;16;0;623;0;333
16;16;0;287;0;333
17;16;0;287;0;333
18;16;0;287;0;333
19;16;0;287;0;333
20;16;0;287;0;333
21;16;0;287;0;333
22;16;0;287;0;333
23;16;0;287;0;333
24;16;0;287;0;333
25;16;0;287;0;333
26;16;0;287;0;333
27;16;0;287;0;333
28;16;0;287;0;333
29;16;0;287;0;333
30;16;0;287;0;333
31;16;0;287;0;333
32;16;0;287;0;333
33;16;0;287;0;333
34;16;0;287;0;333
35;16;0;287;0;333
36;16;0;287;0;333
37;16;0;287;0;333
38;16;0;287;0;333
39;16;0;287;0;333
40;16;0;287;0;333
41;16;0;287;0;333
42;16;0;287;0;333
43;16;0;287;0;333
44;16;0;287;0;333
45;16;0;287;0;333
46;16;0;287;0;333
47;16;0;287;0;333
48;16;0;287;0;333
49;16;0;287;0;333
50;16;0;287;0;333
51;16;0;287;0;333
52;16;0;287;0;333
58;16;0;1782;0;333
60;16;0;627;0;333
61;16;0;626;0;333
62;16;0;629;0;333
63;16;0;628;0;333
64;16;0;628;0;333
13;17;0;273;0;333
15;17;0;623;0;333
16;17;0;287;0;333
17;17;0;287;0;333
18;17;0;287;0;333
19;17;0;287;0;333
20;17;0;287;0;333
21;17;0;287;0;333
22;17;0;287;0;333
23;17;0;287;0;333
24;17;0;287;0;333
25;17;0;287;0;333
26;17;0;287;0;333
27;17;0;287;0;333
28;17;0;287;0;333
29;17;0;287;0;333
30;17;0;287;0;333
31;17;0;287;0;333
32;17;0;287;0;333
33;17;0;287;0;333
34;17;0;287;0;333
35;17;0;287;0;333
36;17;0;287;0;333
37;17;0;287;0;333
38;17;0;287;0;333
39;17;0;287;0;333
40;17;0;287;0;333
41;17;0;287;0;333
42;17;0;287;0;333
43;17;0;287;0;333
44;17;0;287;0;333
45;17;0;287;0;333
46;17;0;287;0;333
47;17;0;287;0;333
48;17;0;287;0;333
49;17;0;287;0;333
50;17;0;287;0;333
51;17;0;287;0;333
52;17;0;287;0;333
59;17;0;627;0;333
60;17;0;626;0;333
61;17;0;626;0;333
14;18;0;627;0;333
15;18;0;623;0;333
16;18;0;287;0;333
17;18;0;287;0;333
18;18;0;287;0;333
19;18;0;287;0;333
20;18;0;287;0;333
21;18;0;287;0;333
22;18;0;287;0;333
23;18;0;287;0;333
24;18;0;287;0;333
25;18;0;287;0;333
26;18;0;287;0;333
27;18;0;287;0;333
28;18;0;287;0;333
29;18;0;287;0;333
30;18;0;287;0;333
31;18;0;287;0;333
32;18;0;287;0;333
33;18;0;287;0;333
34;18;0;287;0;333
35;18;0;287;0;333
36;18;0;287;0;333
37;18;0;287;0;333
38;18;0;287;0;333
39;18;0;287;0;333
40;18;0;287;0;333
41;18;0;287;0;333
42;18;0;287;0;333
43;18;0;287;0;333
44;18;0;287;0;333
45;18;0;287;0;333
46;18;0;287;0;333
47;18;0;287;0;333
48;18;0;287;0;333
49;18;0;287;0;333
50;18;0;287;0;333
51;18;0;287;0;333
51;18;0;287;0;333
52;18;0;287;0;333
59;18;0;629;0;333
60;18;0;628;0;333
61;18;0;628;0;333
15;19;0;623;0;333
16;19;0;287;0;333
17;19;0;287;0;333
18;19;0;287;0;333
19;19;0;287;0;333
20;19;0;287;0;333
21;19;0;287;0;333
22;19;0;287;0;333
23;19;0;287;0;333
24;19;0;287;0;333
25;19;0;287;0;333
26;19;0;287;0;333
27;19;0;287;0;333
28;19;0;287;0;333
29;19;0;287;0;333
30;19;0;287;0;333
31;19;0;287;0;333
32;19;0;287;0;333
33;19;0;287;0;333
34;19;0;287;0;333
35;19;0;287;0;333
36;19;0;287;0;333
37;19;0;287;0;333
38;19;0;287;0;333
39;19;0;287;0;333
40;19;0;287;0;333
41;19;0;287;0;333
42;19;0;287;0;333
43;19;0;287;0;333
44;19;0;287;0;333
45;19;0;287;0;333
46;19;0;287;0;333
47;19;0;287;0;333
48;19;0;287;0;333
49;19;0;287;0;333
50;19;0;287;0;333
51;19;0;287;0;333
57;19;0;627;0;333
58;19;0;626;0;333
59;19;0;626;0;333
12;20;0;308;0;333
14;20;0;623;0;333
15;20;0;287;0;333
16;20;0;287;0;333
17;20;0;287;0;333
18;20;0;287;0;333
19;20;0;287;0;333
20;20;0;287;0;333
21;20;0;287;0;333
22;20;0;287;0;333
23;20;0;287;0;333
24;20;0;287;0;333
25;20;0;287;0;333
26;20;0;287;0;333
27;20;0;287;0;333
28;20;0;287;0;333
29;20;0;287;0;333
30;20;0;287;0;333
31;20;0;287;0;333
32;20;0;287;0;333
33;20;0;287;0;333
34;20;0;622;0;333
35;20;0;597;0;333
36;20;0;622;0;333
37;20;0;597;0;333
38;20;0;622;0;333
39;20;0;597;0;333
40;20;0;622;0;333
41;20;0;597;0;333
42;20;0;622;0;333
43;20;0;597;0;333
44;20;0;622;0;333
45;20;0;597;0;333
46;20;0;622;0;333
47;20;0;630;0;333
48;20;0;287;0;333
49;20;0;287;0;333
50;20;0;287;0;333
51;20;0;287;0;333
57;20;0;629;0;333
58;20;0;628;0;333
59;20;0;628;0;333
12;21;0;273;0;333
13;21;0;627;0;333
14;21;0;623;0;333
15;21;0;287;0;333
16;21;0;287;0;333
17;21;0;287;0;333
18;21;0;287;0;333
19;21;0;287;0;333
20;21;0;287;0;333
21;21;0;287;0;333
22;21;0;287;0;333
23;21;0;287;0;333
24;21;0;287;0;333
25;21;0;287;0;333
26;21;0;287;0;333
27;21;0;287;0;333
28;21;0;287;0;333
29;21;0;287;0;333
30;21;0;287;0;333
31;21;0;287;0;333
32;21;0;622;0;333
33;21;0;622;0;333
47;21;0;623;0;333
48;21;0;287;0;333
49;21;0;287;0;333
50;21;0;287;0;333
51;21;0;287;0;333
56;21;0;627;0;333
57;21;0;626;0;333
14;22;0;623;0;333
15;22;0;287;0;333
16;22;0;287;0;333
17;22;0;287;0;333
18;22;0;287;0;333
19;22;0;287;0;333
20;22;0;287;0;333
21;22;0;287;0;333
22;22;0;287;0;333
23;22;0;287;0;333
24;22;0;287;0;333
25;22;0;287;0;333
26;22;0;287;0;333
27;22;0;287;0;333
28;22;0;287;0;333
29;22;0;287;0;333
30;22;0;287;0;333
31;22;0;622;0;333
47;22;0;596;0;333
48;22;0;287;0;333
49;22;0;287;0;333
50;22;0;287;0;333
50;22;0;287;0;333
51;22;0;287;0;333
51;22;0;287;0;333
52;22;0;627;0;333
53;22;0;626;0;333
55;22;0;627;0;333
56;22;0;627;0;333
57;22;0;626;0;333
13;23;0;627;0;333
14;23;0;623;0;333
15;23;0;287;0;333
16;23;0;287;0;333
17;23;0;287;0;333
18;23;0;287;0;333
19;23;0;287;0;333
20;23;0;340;0;333
21;23;0;340;0;333
22;23;0;340;0;333
23;23;0;340;0;333
24;23;0;340;0;333
25;23;0;287;0;333
26;23;0;287;0;333
27;23;0;287;0;333
28;23;0;287;0;333
29;23;0;287;0;333
30;23;0;287;0;333
47;23;0;623;0;333
48;23;0;287;0;333
49;23;0;287;0;333
50;23;0;287;0;333
50;23;0;287;0;333
51;23;0;287;0;333
51;23;0;287;0;333
52;23;0;629;0;333
53;23;0;627;0;333
54;23;0;626;0;333
55;23;0;629;0;333
56;23;0;629;0;333
57;23;0;628;0;333
14;24;0;623;0;333
15;24;0;287;0;333
16;24;0;287;0;333
17;24;0;287;0;333
18;24;0;287;0;333
19;24;0;622;0;333
20;24;0;622;0;333
24;24;0;629;0;333
25;24;0;630;0;333
26;24;0;287;0;333
27;24;0;287;0;333
28;24;0;287;0;333
29;24;0;287;0;333
30;24;0;287;0;333
47;24;0;596;0;333
48;24;0;287;0;333
49;24;0;287;0;333
50;24;0;287;0;333
51;24;0;287;0;333
53;24;0;629;0;333
54;24;0;628;0;333
55;24;0;626;0;333
14;25;0;623;0;333
15;25;0;287;0;333
16;25;0;287;0;333
17;25;0;287;0;333
18;25;0;622;0;333
20;25;0;628;0;333
25;25;0;629;0;333
26;25;0;622;0;333
27;25;0;630;0;333
28;25;0;287;0;333
29;25;0;287;0;333
30;25;0;287;0;333
31;25;0;340;0;333
31;25;0;340;0;333
32;25;0;340;0;333
33;25;0;340;0;333
34;25;0;920;5014;333
35;25;0;340;0;333
36;25;0;340;0;333
37;25;0;340;0;333
47;25;0;623;0;333
48;25;0;287;0;333
49;25;0;287;0;333
50;25;0;287;0;333
14;26;0;623;0;333
15;26;0;287;0;333
16;26;0;287;0;333
27;26;0;629;0;333
28;26;0;622;0;333
29;26;0;622;0;333
30;26;0;622;0;333
31;26;0;628;0;333
37;26;0;629;0;333
38;26;0;622;0;333
39;26;0;622;0;333
40;26;0;622;0;333
41;26;0;287;0;333
42;26;0;287;0;333
47;26;0;596;0;333
48;26;0;287;0;333
49;26;0;287;0;333
50;26;0;287;0;333
13;27;0;627;0;333
14;27;0;623;0;333
15;27;0;287;0;333
16;27;0;287;0;333
39;27;0;629;0;333
40;27;0;622;0;333
41;27;0;630;0;333
42;27;0;287;0;333
47;27;0;623;0;333
48;27;0;287;0;333
49;27;0;287;0;333
49;27;0;287;0;333
50;27;0;287;0;333
13;28;0;623;0;333
14;28;0;287;0;333
15;28;0;287;0;333
16;28;0;287;0;333
16;28;0;287;0;333
41;28;0;629;0;333
42;28;0;622;0;333
43;28;0;630;0;333
46;28;0;1003;0;333
47;28;0;596;0;333
48;28;0;287;0;333
49;28;0;287;0;333
13;29;0;629;0;333
14;29;0;630;0;333
15;29;0;287;0;333
16;29;0;287;0;333
43;29;0;623;0;333
44;29;0;287;0;333
47;29;0;623;0;333
48;29;0;287;0;333
49;29;0;287;0;333
14;30;0;629;0;333
15;30;0;630;0;333
16;30;0;287;0;333
20;30;0;907;0;333
21;30;0;341;0;333
22;30;0;341;0;333
23;30;0;341;0;333
24;30;0;341;0;333
25;30;0;341;0;333
26;30;0;909;0;333
27;30;0;909;0;333
28;30;0;909;0;333
29;30;0;909;0;333
30;30;0;909;0;333
31;30;0;909;0;333
32;30;0;909;0;333
33;30;0;909;0;333
34;30;0;909;0;333
35;30;0;909;0;333
36;30;0;908;0;333
42;30;0;627;0;333
43;30;0;623;0;333
44;30;0;287;0;333
45;30;0;287;0;333
46;30;0;287;0;333
47;30;0;287;0;333
48;30;0;287;0;333
49;30;0;287;0;333
15;31;0;629;0;333
16;31;0;343;0;333
16;31;0;622;0;333
19;31;0;907;0;333
20;31;0;491;0;333
36;31;0;344;0;333
37;31;0;909;0;333
38;31;0;909;0;333
39;31;0;908;0;333
43;31;0;623;0;333
44;31;0;287;0;333
45;31;0;287;0;333
46;31;0;287;0;333
47;31;0;287;0;333
48;31;0;287;0;333
48;31;0;287;0;333
49;31;0;287;0;333
49;31;0;287;0;333
16;32;0;343;0;333
18;32;0;907;0;333
19;32;0;491;0;333
39;32;0;344;0;333
40;32;0;908;0;333
43;32;0;629;0;333
44;32;0;630;0;333
45;32;0;287;0;333
46;32;0;287;0;333
47;32;0;287;0;333
48;32;0;287;0;333
49;32;0;287;0;333
16;33;0;343;0;333
18;33;0;492;0;333
40;33;0;343;0;333
44;33;0;629;0;333
45;33;0;630;0;333
46;33;0;287;0;333
47;33;0;287;0;333
48;33;0;287;0;333
48;33;0;287;0;333
49;33;0;287;0;333
16;34;0;343;0;333
18;34;0;492;0;333
40;34;0;343;0;333
45;34;0;623;0;333
46;34;0;287;0;333
47;34;0;287;0;333
48;34;0;287;0;333
16;35;0;343;0;333
18;35;0;492;0;333
40;35;0;343;0;333
45;35;0;629;0;333
46;35;0;630;0;333
47;35;0;287;0;333
48;35;0;287;0;333
16;36;0;343;0;333
18;36;0;492;0;333
40;36;0;343;0;333
45;36;0;2832;0;333
46;36;0;623;0;333
47;36;0;287;0;333
48;36;0;287;0;333
16;37;0;343;0;333
18;37;0;492;0;333
40;37;0;343;0;333
46;37;0;629;0;333
47;37;0;622;0;333
47;37;0;622;0;333
48;37;0;622;0;333
16;38;0;343;0;333
18;38;0;492;0;333
39;38;0;490;0;333
40;38;0;495;0;333
46;38;0;492;0;333
16;39;0;343;0;333
18;39;0;492;0;333
39;39;0;343;0;333
46;39;0;492;0;333
14;40;0;490;0;333
15;40;0;488;0;333
16;40;0;495;0;333
18;40;0;475;0;333
19;40;0;488;0;333
19;40;0;735;0;333
20;40;0;488;0;333
21;40;0;489;0;333
39;40;0;343;0;333
46;40;0;492;0;333
14;41;0;343;0;333
21;41;0;492;0;333
39;41;0;343;0;333
46;41;0;492;0;333
14;42;0;343;0;333
21;42;0;475;0;333
22;42;0;489;0;333
39;42;0;343;0;333
43;42;0;512;0;333
46;42;0;492;0;333
14;43;0;343;0;333
22;43;0;492;0;333
39;43;0;343;0;333
46;43;0;492;0;333
14;44;0;343;0;333
15;44;0;735;0;333
18;44;0;512;0;333
22;44;0;492;0;333
39;44;0;343;0;333
46;44;0;492;0;333
14;45;0;343;0;333
22;45;0;492;0;333
39;45;0;344;0;333
40;45;0;909;0;333
41;45;0;909;0;333
42;45;0;909;0;333
43;45;0;909;0;333
44;45;0;909;0;333
45;45;0;909;0;333
46;45;0;491;0;333
14;46;0;343;0;333
20;46;0;907;0;333
21;46;0;909;0;333
22;46;0;491;0;333
14;47;0;343;0;333
20;47;0;492;0;333
14;48;0;344;0;333
15;48;0;909;0;333
16;48;0;909;0;333
17;48;0;909;0;333
18;48;0;909;0;333
19;48;0;341;0;333
20;48;0;491;0;333
