V: 2
L: 31002
X: -90
Y: -260
W: 76
H: 50
0;0;0;0
1;0;0;0
2;0;0;0
3;0;0;0
4;0;0;0
5;0;0;0
6;0;0;0
7;0;0;0
8;0;0;0
9;0;0;0
10;0;0;0
11;0;0;0
12;0;0;0
13;0;0;0
14;0;0;0
15;0;0;0
16;0;0;0
17;0;0;0
18;0;0;0
19;0;0;0
20;0;0;0
21;0;2;0
22;0;2;0
23;0;2;0
24;0;2;0
25;0;2;0
26;0;2;0
27;0;2;0
28;0;2;0
29;0;2;0
30;0;2;0
31;0;2;0
32;0;2;0
33;0;2;0
34;0;2;0
35;0;2;0
36;0;2;0
37;0;2;0
38;0;2;0
39;0;2;0
40;0;2;0
41;0;2;0
42;0;2;0
43;0;2;0
44;0;2;0
45;0;2;0
46;0;2;0
47;0;6626;0
48;0;11746;0
49;0;11746;0
50;0;11746;0
51;0;11746;0
52;0;11746;0
53;0;11746;0
54;0;11746;0
55;0;11746;0
56;0;11746;0
57;0;5602;0
58;0;2;0
59;0;2;0
60;0;2;0
61;0;2;0
62;0;2;0
63;0;0;0
64;0;0;0
65;0;0;0
66;0;0;0
67;0;0;0
68;0;0;0
69;0;0;0
70;0;0;0
71;0;0;0
72;0;0;0
73;0;0;0
74;0;0;0
75;0;0;0
0;1;0;0
1;1;0;0
2;1;0;0
3;1;0;0
4;1;0;0
5;1;0;0
6;1;0;0
7;1;0;0
8;1;0;0
9;1;0;0
10;1;0;0
11;1;0;0
12;1;0;0
13;1;0;0
14;1;0;0
15;1;0;0
16;1;0;0
17;1;0;0
18;1;0;0
19;1;0;0
20;1;0;0
21;1;2;0
22;1;2;0
23;1;2;0
24;1;2;0
25;1;2;0
26;1;2;0
27;1;2;0
28;1;2;0
29;1;2;0
30;1;2;0
31;1;2;0
32;1;2;0
33;1;2;0
34;1;2;0
35;1;2;0
36;1;2;0
37;1;2;0
38;1;2;0
39;1;2;0
40;1;2;0
41;1;2;0
42;1;2;0
43;1;2;0
44;1;2;0
45;1;2;0
46;1;16866;0
47;1;15;0
48;1;15;0
49;1;15;0
50;1;15;0
51;1;15;0
52;1;15;0
53;1;15;0
54;1;15;0
55;1;15;0
56;1;15;0
57;1;15;0
58;1;4578;0
59;1;2;0
60;1;2;0
61;1;2;0
62;1;2;0
63;1;0;0
64;1;0;0
65;1;0;0
66;1;0;0
67;1;0;0
68;1;0;0
69;1;0;0
70;1;0;0
71;1;0;0
72;1;0;0
73;1;0;0
74;1;0;0
75;1;0;0
0;2;0;0
1;2;0;0
2;2;0;0
3;2;0;0
4;2;0;0
5;2;0;0
6;2;0;0
7;2;0;0
8;2;0;0
9;2;0;0
10;2;0;0
11;2;0;0
12;2;0;0
13;2;0;0
14;2;0;0
15;2;0;0
16;2;0;0
17;2;0;0
18;2;0;0
19;2;0;0
20;2;0;0
21;2;2;0
22;2;2;0
23;2;2;0
24;2;2;0
25;2;2;0
26;2;2;0
27;2;2;0
28;2;2;0
29;2;2;0
30;2;2;0
31;2;2;0
32;2;2;0
33;2;2;0
34;2;2;0
35;2;2;0
36;2;2;0
37;2;2;0
38;2;2;0
39;2;2;0
40;2;2;0
41;2;2;0
42;2;2;0
43;2;6626;0
44;2;11746;0
45;2;21986;0
46;2;15;0
47;2;15;0
48;2;15;0
49;2;15;0
50;2;15;0
51;2;15;0
52;2;15;0
53;2;15;0
54;2;15;0
55;2;15;0
56;2;15;0
57;2;15;0
58;2;3554;0
59;2;2;0
60;2;2;0
61;2;2;0
62;2;2;0
63;2;0;0
64;2;0;0
65;2;0;0
66;2;0;0
67;2;0;0
68;2;0;0
69;2;0;0
70;2;0;0
71;2;0;0
72;2;0;0
73;2;0;0
74;2;0;0
75;2;0;0
0;3;0;0
1;3;0;0
2;3;0;0
3;3;0;0
4;3;0;0
5;3;0;0
6;3;0;0
7;3;0;0
8;3;0;0
9;3;0;0
10;3;0;0
11;3;0;0
12;3;0;0
13;3;0;0
14;3;0;0
15;3;0;0
16;3;0;0
17;3;0;0
18;3;0;0
19;3;0;0
20;3;0;0
21;3;2;0
22;3;2;0
23;3;2;0
24;3;2;0
25;3;2;0
26;3;2;0
27;3;2;0
28;3;2;0
29;3;2;0
30;3;2;0
31;3;2;0
32;3;2;0
33;3;2;0
34;3;2;0
35;3;2;0
36;3;2;0
37;3;2;0
38;3;2;0
39;3;2;0
40;3;2;0
41;3;2;0
42;3;8674;0
43;3;15;0
44;3;15;0
45;3;15;0
46;3;15;0
47;3;15;0
48;3;2;0
49;3;15;0
50;3;15;0
51;3;15;0
52;3;15;0
53;3;17890;0
54;3;18914;0
55;3;15;0
56;3;15;0
57;3;13794;0
58;3;2;0
59;3;2;0
60;3;2;0
61;3;2;0
62;3;2;0
63;3;2;0
64;3;2;0
65;3;0;0
66;3;4386;0
67;3;2;0
68;3;0;0
69;3;0;0
70;3;0;0
71;3;0;0
72;3;0;0
73;3;0;0
74;3;0;0
75;3;0;0
0;4;0;0
1;4;0;0
2;4;0;0
3;4;0;0
4;4;0;0
5;4;0;0
6;4;0;0
7;4;0;0
8;4;0;0
9;4;0;0
10;4;0;0
11;4;0;0
12;4;0;0
13;4;0;0
14;4;0;0
15;4;0;0
16;4;0;0
17;4;0;0
18;4;0;0
19;4;0;0
20;4;0;0
21;4;2;0
22;4;2;0
23;4;2;0
24;4;2;0
25;4;2;0
26;4;2;0
27;4;2;0
28;4;2;0
29;4;2;0
30;4;2;0
31;4;2;0
32;4;2;0
33;4;2;0
34;4;2;0
35;4;2;0
36;4;2;0
37;4;2;0
38;4;2;0
39;4;2;0
40;4;2;0
41;4;2;0
42;4;12770;0
43;4;15;0
44;4;15;0
45;4;15;0
46;4;15;0
47;4;19938;0
48;4;2;0
49;4;2530;0
50;4;9698;0
51;4;9698;0
52;4;1506;0
53;4;2;0
54;4;2;0
55;4;2530;0
56;4;1506;0
57;4;2;0
58;4;2;0
59;4;2;0
60;4;2;0
61;4;2;0
62;4;2;0
63;4;2;0
64;4;2;0
65;4;0;0
66;4;2;0
67;4;2;0
68;4;2;0
69;4;2;0
70;4;0;0
71;4;0;0
72;4;0;0
73;4;0;0
74;4;0;0
75;4;0;0
0;5;0;0
1;5;0;0
2;5;0;0
3;5;0;0
4;5;0;0
5;5;0;0
6;5;0;0
7;5;0;0
8;5;0;0
9;5;0;0
10;5;0;0
11;5;0;0
12;5;0;0
13;5;0;0
14;5;0;0
15;5;0;0
16;5;0;0
17;5;0;0
18;5;0;0
19;5;2;0
20;5;2;0
21;5;2;0
22;5;2;0
23;5;2;0
24;5;2;0
25;5;2;0
26;5;2;0
27;5;2;0
28;5;2;0
29;5;2;0
30;5;2;0
31;5;2;0
32;5;2;0
33;5;2;0
34;5;2;0
35;5;2;0
36;5;6626;0
37;5;11746;0
38;5;11746;0
39;5;11746;0
40;5;11746;0
41;5;11746;0
42;5;29154;0
43;5;15;0
44;5;15;0
45;5;15;0
46;5;15;0
47;5;10722;0
48;5;2;0
49;5;2;0
50;5;2;0
51;5;2;0
52;5;2;0
53;5;2;0
54;5;2;0
55;5;2;0
56;5;2;0
57;5;2;0
58;5;2;0
59;5;2;0
60;5;2;0
61;5;2;0
62;5;2;0
63;5;2;0
64;5;2;0
65;5;2;0
66;5;2;0
67;5;2;0
68;5;2;0
69;5;2;0
70;5;2;0
71;5;0;0
72;5;0;0
73;5;0;0
74;5;0;0
75;5;0;0
0;6;0;0
1;6;0;0
2;6;0;0
3;6;0;0
4;6;0;0
5;6;0;0
6;6;0;0
7;6;0;0
8;6;0;0
9;6;0;0
10;6;0;0
11;6;0;0
12;6;0;0
13;6;0;0
14;6;0;0
15;6;0;0
16;6;0;0
17;6;0;0
18;6;0;0
19;6;2;0
20;6;2;0
21;6;2;0
22;6;2;0
23;6;2;0
24;6;2;0
25;6;2;0
26;6;2;0
27;6;2;0
28;6;2;0
29;6;2;0
30;6;2;0
31;6;2;0
32;6;2;0
33;6;2;0
34;6;2;0
35;6;8674;0
36;6;15;0
37;6;15;0
38;6;15;0
39;6;15;0
40;6;15;0
41;6;15;0
42;6;15;0
43;6;15;0
44;6;15;0
45;6;15;0
46;6;15;0
47;6;3554;0
48;6;2;0
49;6;2;0
50;6;2;0
51;6;2;0
52;6;2;0
53;6;2;0
54;6;2;0
55;6;8546;0
56;6;11;0
57;6;4450;0
58;6;2;0
59;6;2;0
60;6;2;0
61;6;2;0
62;6;2;0
63;6;2;0
64;6;2;0
65;6;2;0
66;6;4386;0
67;6;2;0
68;6;2;0
69;6;2;0
70;6;2;0
71;6;2;0
72;6;2;0
73;6;0;0
74;6;0;0
75;6;0;0
0;7;0;0
1;7;0;0
2;7;0;0
3;7;0;0
4;7;0;0
5;7;0;0
6;7;0;0
7;7;0;0
8;7;0;0
9;7;0;0
10;7;0;0
11;7;0;0
12;7;0;0
13;7;0;0
14;7;0;0
15;7;0;0
16;7;0;0
17;7;0;0
18;7;0;0
19;7;2;0
20;7;2;0
21;7;2;0
22;7;2;0
23;7;2;0
24;7;2;0
25;7;2;0
26;7;2;0
27;7;2;0
28;7;2;0
29;7;2;0
30;7;2;0
31;7;2;0
32;7;2;0
33;7;2;0
34;7;2;0
35;7;25058;0
36;7;15;0
37;7;15;0
38;7;15;0
39;7;15;0
40;7;15;0
41;7;15;0
42;7;15;0
43;7;26082;0
44;7;9698;0
45;7;9698;0
46;7;1506;0
47;7;2;0
48;7;2;0
49;7;2;0
50;7;2;0
51;7;2;0
52;7;2;0
53;7;2;0
54;7;2;0
55;7;24930;0
56;7;11;0
57;7;20834;0
58;7;2;0
59;7;2;0
60;7;2;0
61;7;2;0
62;7;2;0
63;7;2;0
64;7;2;0
65;7;2;0
66;7;10530;0
67;7;2;0
68;7;4386;0
69;7;2;0
70;7;2;0
71;7;2;0
72;7;2;0
73;7;0;0
74;7;2;0
75;7;2;0
0;8;0;0
1;8;0;0
2;8;0;0
3;8;0;0
4;8;0;0
5;8;0;0
6;8;0;0
7;8;0;0
8;8;0;0
9;8;0;0
10;8;0;0
11;8;0;0
12;8;0;0
13;8;0;0
14;8;0;0
15;8;0;0
16;8;0;0
17;8;0;0
18;8;0;0
19;8;2;0
20;8;2;0
21;8;2;0
22;8;2;0
23;8;2;0
24;8;2;0
25;8;2;0
26;8;2;0
27;8;2;0
28;8;2;0
29;8;2;0
30;8;2;0
31;8;2;0
32;8;2;0
33;8;2;0
34;8;8674;0
35;8;15;0
36;8;15;0
37;8;15;0
38;8;15;0
39;8;15;0
40;8;15;0
41;8;15;0
42;8;15;0
43;8;10722;0
44;8;2;0
45;8;2;0
46;8;2;0
47;8;2;0
48;8;2;0
49;8;2;0
50;8;2;0
51;8;2;0
52;8;2;0
53;8;2;0
54;8;8546;0
55;8;11;0
56;8;11;0
57;8;11;0
58;8;4450;0
59;8;2;0
60;8;2;0
61;8;2;0
62;8;2;0
63;8;2;0
64;8;2;0
65;8;2;0
66;8;2;0
67;8;2;0
68;8;2;0
69;8;2;0
70;8;2;0
71;8;2;0
72;8;2;0
73;8;2;0
74;8;2;0
75;8;2;0
0;9;0;0
1;9;0;0
2;9;0;0
3;9;0;0
4;9;0;0
5;9;0;0
6;9;0;0
7;9;0;0
8;9;0;0
9;9;0;0
10;9;0;0
11;9;0;0
12;9;0;0
13;9;0;0
14;9;0;0
15;9;0;0
16;9;0;0
17;9;2;0
18;9;2;0
19;9;2;0
20;9;2;0
21;9;2;0
22;9;2;0
23;9;2;0
24;9;2;0
25;9;2;0
26;9;2;0
27;9;2;0
28;9;2;0
29;9;2;0
30;9;2;0
31;9;2;0
32;9;2;0
33;9;2;0
34;9;12770;0
35;9;15;0
36;9;15;0
37;9;15;0
38;9;15;0
39;9;15;0
40;9;15;0
41;9;15;0
42;9;15;0
43;9;3554;0
44;9;2;0
45;9;2;0
46;9;2;0
47;9;2;0
48;9;2;0
49;9;2;0
50;9;2;0
51;9;2;0
52;9;2;0
53;9;2;0
54;9;7522;0
55;9;11;0
56;9;11;0
57;9;11;0
58;9;3426;0
59;9;2;0
60;9;2;0
61;9;2;0
62;9;2;0
63;9;2;0
64;9;2;0
65;9;2;0
66;9;2;0
67;9;2;0
68;9;2;0
69;9;2;0
70;9;2;0
71;9;2;0
72;9;2;0
73;9;2;0
74;9;2;0
75;9;2;0
0;10;0;0
1;10;0;0
2;10;0;0
3;10;0;0
4;10;0;0
5;10;0;0
6;10;0;0
7;10;0;0
8;10;0;0
9;10;0;0
10;10;0;0
11;10;0;0
12;10;0;0
13;10;0;0
14;10;0;0
15;10;0;0
16;10;0;0
17;10;2;0
18;10;2;0
19;10;2;0
20;10;2;0
21;10;2;0
22;10;2;0
23;10;2;0
24;10;2;0
25;10;2;0
26;10;2;0
27;10;2;0
28;10;2;0
29;10;2;0
30;10;2;0
31;10;2;0
32;10;2;0
33;10;2;0
34;10;7650;0
35;10;15;0
36;10;15;0
37;10;15;0
38;10;15;0
39;10;17890;0
40;10;9698;0
41;10;9698;0
42;10;1506;0
43;10;2;0
44;10;2;0
45;10;2;0
46;10;2;0
47;10;2;0
48;10;2;0
49;10;2;0
50;10;2;0
51;10;2;0
52;10;2;0
53;10;2;0
54;10;2;0
55;10;2402;0
56;10;9570;0
57;10;1378;0
58;10;2;0
59;10;2;0
60;10;2;0
61;10;2;0
62;10;2;0
63;10;2;0
64;10;2;0
65;10;2;0
66;10;2;0
67;10;2;0
68;10;2;0
69;10;10530;0
70;10;2;0
71;10;0;0
72;10;2;0
73;10;2;0
74;10;2;0
75;10;2;0
0;11;0;0
1;11;0;0
2;11;0;0
3;11;0;0
4;11;0;0
5;11;0;0
6;11;0;0
7;11;0;0
8;11;0;0
9;11;0;0
10;11;0;0
11;11;0;0
12;11;0;0
13;11;0;0
14;11;0;0
15;11;0;0
16;11;0;0
17;11;2;0
18;11;2;0
19;11;2;0
20;11;2;0
21;11;2;0
22;11;2;0
23;11;2;0
24;11;2;0
25;11;2;0
26;11;2;0
27;11;2;0
28;11;2;0
29;11;2;0
30;11;2;0
31;11;2;0
32;11;2;0
33;11;2;0
34;11;2;0
35;11;2530;0
36;11;9698;0
37;11;9698;0
38;11;1506;0
39;11;2;0
40;11;2;0
41;11;2;0
42;11;2;0
43;11;2;0
44;11;2;0
45;11;2;0
46;11;2;0
47;11;2;0
48;11;2;0
49;11;2;0
50;11;2;0
51;11;2;0
52;11;2;0
53;11;2;0
54;11;2;0
55;11;2;0
56;11;2;0
57;11;2;0
58;11;2;0
59;11;2;0
60;11;2;0
61;11;2;0
62;11;2;0
63;11;2;0
64;11;2;0
65;11;2;0
66;11;2;0
67;11;10530;0
68;11;2;0
69;11;2;0
70;11;2;0
71;11;2;0
72;11;2;0
73;11;2;0
74;11;2;0
75;11;0;0
0;12;0;0
1;12;0;0
2;12;0;0
3;12;0;0
4;12;0;0
5;12;0;0
6;12;0;0
7;12;0;0
8;12;0;0
9;12;0;0
10;12;0;0
11;12;0;0
12;12;0;0
13;12;0;0
14;12;0;0
15;12;2;0
16;12;2;0
17;12;2;0
18;12;2;0
19;12;2;0
20;12;2;0
21;12;2;0
22;12;2;0
23;12;2;0
24;12;2;0
25;12;2;0
26;12;2;0
27;12;2;0
28;12;2;0
29;12;2;0
30;12;2;0
31;12;2;0
32;12;2;0
33;12;2;0
34;12;2;0
35;12;2;0
36;12;2;0
37;12;2;0
38;12;2;0
39;12;2;0
40;12;2;0
41;12;2;0
42;12;2;0
43;12;2;0
44;12;2;0
45;12;2;0
46;12;2;0
47;12;2;0
48;12;2;0
49;12;2;0
50;12;2;0
51;12;2;0
52;12;2;0
53;12;2;0
54;12;2;0
55;12;2;0
56;12;2;0
57;12;2;0
58;12;2;0
59;12;2;0
60;12;2;0
61;12;2;0
62;12;2;0
63;12;2;0
64;12;2;0
65;12;2;0
66;12;2;0
67;12;2;0
68;12;2;0
69;12;2;0
70;12;2;0
71;12;2;0
72;12;2;0
73;12;2;0
74;12;2;0
75;12;2;0
0;13;0;0
1;13;0;0
2;13;0;0
3;13;0;0
4;13;0;0
5;13;0;0
6;13;0;0
7;13;0;0
8;13;0;0
9;13;0;0
10;13;0;0
11;13;0;0
12;13;0;0
13;13;0;0
14;13;0;0
15;13;2;0
16;13;2;0
17;13;2;0
18;13;2;0
19;13;2;0
20;13;2;0
21;13;2;0
22;13;2;0
23;13;2;0
24;13;2;0
25;13;2;0
26;13;2;0
27;13;2;0
28;13;2;0
29;13;2;0
30;13;2;0
31;13;2;0
32;13;2;0
33;13;2;0
34;13;2;0
35;13;2;0
36;13;2;0
37;13;2;0
38;13;2;0
39;13;2;0
40;13;2;0
41;13;2;0
42;13;2;0
43;13;2;0
44;13;2;0
45;13;2;0
46;13;2;0
47;13;2;0
48;13;2;0
49;13;2;0
50;13;2;0
51;13;2;0
52;13;2;0
53;13;2;0
54;13;2;0
55;13;2;0
56;13;2;0
57;13;2;0
58;13;6498;0
59;13;5474;0
60;13;2;0
61;13;2;0
62;13;2;0
63;13;2;0
64;13;2;0
65;13;2;0
66;13;2;0
67;13;0;0
68;13;0;0
69;13;0;0
70;13;0;0
71;13;0;0
72;13;2;0
73;13;2;0
74;13;2;0
75;13;2;0
0;14;0;0
1;14;0;0
2;14;0;0
3;14;0;0
4;14;0;0
5;14;0;0
6;14;0;0
7;14;0;0
8;14;0;0
9;14;0;0
10;14;0;0
11;14;0;0
12;14;0;0
13;14;0;0
14;14;2;0
15;14;2;0
16;14;2;0
17;14;2;0
18;14;2;0
19;14;2;0
20;14;2;0
21;14;2;0
22;14;2;0
23;14;2;0
24;14;2;0
25;14;2;0
26;14;2;0
27;14;2;0
28;14;2;0
29;14;2;0
30;14;2;0
31;14;2;0
32;14;2;0
33;14;2;0
34;14;2;0
35;14;2;0
36;14;2;0
37;14;2;0
38;14;2;0
39;14;2;0
40;14;2;0
41;14;2;0
42;14;2;0
43;14;2;0
44;14;2;0
45;14;2;0
46;14;2;0
47;14;2;0
48;14;2;0
49;14;2;0
50;14;2;0
51;14;2;0
52;14;2;0
53;14;2;0
54;14;2;0
55;14;2;0
56;14;2;0
57;14;16738;0
58;14;11;0
59;14;11;0
60;14;2;0
61;14;2;0
62;14;2;0
63;14;2;0
64;14;2;0
65;14;2;0
66;14;2;0
67;14;0;0
68;14;0;0
69;14;0;0
70;14;0;0
71;14;0;0
72;14;0;0
73;14;0;0
74;14;0;0
75;14;0;0
0;15;0;0
1;15;0;0
2;15;0;0
3;15;0;0
4;15;0;0
5;15;0;0
6;15;0;0
7;15;0;0
8;15;0;0
9;15;0;0
10;15;0;0
11;15;0;0
12;15;0;0
13;15;0;0
14;15;2;0
15;15;2;0
16;15;2;0
17;15;2;0
18;15;2;0
19;15;2;0
20;15;2;0
21;15;2;0
22;15;2;0
23;15;2;0
24;15;2;0
25;15;2;0
26;15;2;0
27;15;2;0
28;15;2;0
29;15;2;0
30;15;2;0
31;15;2;0
32;15;2;0
33;15;2;0
34;15;2;0
35;15;2;0
36;15;2;0
37;15;2;0
38;15;2;0
39;15;2;0
40;15;2;0
41;15;2;0
42;15;2;0
43;15;2;0
44;15;2;0
45;15;2;0
46;15;2;0
47;15;2;0
48;15;2;0
49;15;2;0
50;15;2;0
51;15;2;0
52;15;2;0
53;15;2;0
54;15;2;0
55;15;2;0
56;15;8546;0
57;15;11;0
58;15;11;0
59;15;19810;0
60;15;2;0
61;15;2;0
62;15;2;0
63;15;2;0
64;15;2;0
65;15;0;0
66;15;0;0
67;15;0;0
68;15;0;0
69;15;0;0
70;15;0;0
71;15;0;0
72;15;0;0
73;15;0;0
74;15;0;0
75;15;0;0
0;16;0;0
1;16;0;0
2;16;0;0
3;16;0;0
4;16;0;0
5;16;0;0
6;16;0;0
7;16;0;0
8;16;0;0
9;16;0;0
10;16;0;0
11;16;0;0
12;16;0;0
13;16;0;0
14;16;2;0
15;16;2;0
16;16;2;0
17;16;2;0
18;16;2;0
19;16;2;0
20;16;2;0
21;16;2;0
22;16;2;0
23;16;2;0
24;16;2;0
25;16;2;0
26;16;2;0
27;16;2;0
28;16;2;0
29;16;2;0
30;16;2;0
31;16;2;0
32;16;2;0
33;16;2;0
34;16;2;0
35;16;2;0
36;16;2;0
37;16;2;0
38;16;2;0
39;16;2;0
40;16;2;0
41;16;2;0
42;16;2;0
43;16;2;0
44;16;2;0
45;16;2;0
46;16;2;0
47;16;2;0
48;16;2;0
49;16;2;0
50;16;2;0
51;16;2;0
52;16;2;0
53;16;2;0
54;16;2;0
55;16;2;0
56;16;7522;0
57;16;11;0
58;16;11;0
59;16;3426;0
60;16;2;0
61;16;2;0
62;16;2;0
63;16;2;0
64;16;2;0
65;16;0;0
66;16;0;0
67;16;0;0
68;16;0;0
69;16;0;0
70;16;0;0
71;16;0;0
72;16;0;0
73;16;0;0
74;16;0;0
75;16;0;0
0;17;0;0
1;17;0;0
2;17;0;0
3;17;0;0
4;17;0;0
5;17;0;0
6;17;0;0
7;17;0;0
8;17;0;0
9;17;0;0
10;17;0;0
11;17;0;0
12;17;0;0
13;17;2;0
14;17;2;0
15;17;2;0
16;17;2;0
17;17;2;0
18;17;2;0
19;17;2;0
20;17;2;0
21;17;2;0
22;17;2;0
23;17;2;0
24;17;2;0
25;17;2;0
26;17;2;0
27;17;2;0
28;17;2;0
29;17;2;0
30;17;2;0
31;17;2;0
32;17;2;0
33;17;2;0
34;17;2;0
35;17;2;0
36;17;2;0
37;17;2;0
38;17;2;0
39;17;2;0
40;17;2;0
41;17;2;0
42;17;2;0
43;17;2;0
44;17;2;0
45;17;2;0
46;17;2;0
47;17;2;0
48;17;2;0
49;17;2;0
50;17;2;0
51;17;2;0
52;17;2;0
53;17;2;0
54;17;2;0
55;17;2;0
56;17;2;0
57;17;2402;0
58;17;1378;0
59;17;2;0
60;17;2;0
61;17;2;0
62;17;0;0
63;17;0;0
64;17;0;0
65;17;0;0
66;17;0;0
67;17;0;0
68;17;0;0
69;17;0;0
70;17;0;0
71;17;0;0
72;17;0;0
73;17;0;0
74;17;0;0
75;17;0;0
0;18;0;0
1;18;0;0
2;18;0;0
3;18;0;0
4;18;0;0
5;18;0;0
6;18;0;0
7;18;0;0
8;18;0;0
9;18;0;0
10;18;0;0
11;18;0;0
12;18;0;0
13;18;2;0
14;18;2;0
15;18;2;0
16;18;2;0
17;18;2;0
18;18;2;0
19;18;2;0
20;18;2;0
21;18;2;0
22;18;2;0
23;18;2;0
24;18;2;0
25;18;2;0
26;18;2;0
27;18;2;0
28;18;2;0
29;18;2;0
30;18;2;0
31;18;2;0
32;18;2;0
33;18;2;0
34;18;2;0
35;18;2;0
36;18;2;0
37;18;2;0
38;18;2;0
39;18;2;0
40;18;2;0
41;18;2;0
42;18;2;0
43;18;2;0
44;18;2;0
45;18;2;0
46;18;2;0
47;18;2;0
48;18;2;0
49;18;2;0
50;18;2;0
51;18;2;0
52;18;2;0
53;18;2;0
54;18;2;0
55;18;2;0
56;18;2;0
57;18;2;0
58;18;2;0
59;18;2;0
60;18;2;0
61;18;2;0
62;18;0;0
63;18;0;0
64;18;0;0
65;18;0;0
66;18;0;0
67;18;0;0
68;18;0;0
69;18;0;0
70;18;0;0
71;18;0;0
72;18;0;0
73;18;0;0
74;18;0;0
75;18;0;0
0;19;0;0
1;19;0;0
2;19;0;0
3;19;0;0
4;19;0;0
5;19;0;0
6;19;0;0
7;19;0;0
8;19;0;0
9;19;0;0
10;19;0;0
11;19;0;0
12;19;2;0
13;19;2;0
14;19;2;0
15;19;2;0
16;19;2;0
17;19;2;0
18;19;2;0
19;19;2;0
20;19;2;0
21;19;2;0
22;19;2;0
23;19;2;0
24;19;2;0
25;19;2;0
26;19;2;0
27;19;2;0
28;19;2;0
29;19;2;0
30;19;2;0
31;19;2;0
32;19;2;0
33;19;2;0
34;19;2;0
35;19;2;0
36;19;2;0
37;19;2;0
38;19;2;0
39;19;2;0
40;19;2;0
41;19;2;0
42;19;2;0
43;19;2;0
44;19;2;0
45;19;2;0
46;19;2;0
47;19;2;0
48;19;2;0
49;19;2;0
50;19;2;0
51;19;2;0
52;19;2;0
53;19;2;0
54;19;2;0
55;19;2;0
56;19;2;0
57;19;2;0
58;19;2;0
59;19;2;0
60;19;0;0
61;19;0;0
62;19;0;0
63;19;0;0
64;19;0;0
65;19;0;0
66;19;0;0
67;19;0;0
68;19;0;0
69;19;0;0
70;19;0;0
71;19;0;0
72;19;0;0
73;19;0;0
74;19;0;0
75;19;0;0
0;20;0;0
1;20;0;0
2;20;0;0
3;20;0;0
4;20;0;0
5;20;0;0
6;20;0;0
7;20;0;0
8;20;0;0
9;20;0;0
10;20;0;0
11;20;0;0
12;20;2;0
13;20;2;0
14;20;2;0
15;20;2;0
16;20;2;0
17;20;2;0
18;20;2;0
19;20;2;0
20;20;2;0
21;20;2;0
22;20;2;0
23;20;2;0
24;20;2;0
25;20;2;0
26;20;2;0
27;20;2;0
28;20;2;0
29;20;2;0
30;20;2;0
31;20;2;0
32;20;2;0
33;20;2;0
34;20;2;0
35;20;2;0
36;20;2;0
37;20;2;0
38;20;2;0
39;20;2;0
40;20;2;0
41;20;2;0
42;20;2;0
43;20;2;0
44;20;2;0
45;20;2;0
46;20;2;0
47;20;2;0
48;20;2;0
49;20;2;0
50;20;2;0
51;20;2;0
52;20;2;0
53;20;2;0
54;20;2;0
55;20;2;0
56;20;2;0
57;20;2;0
58;20;2;0
59;20;2;0
60;20;0;0
61;20;0;0
62;20;0;0
63;20;0;0
64;20;0;0
65;20;0;0
66;20;0;0
67;20;0;0
68;20;0;0
69;20;0;0
70;20;0;0
71;20;0;0
72;20;0;0
73;20;0;0
74;20;0;0
75;20;0;0
0;21;0;0
1;21;0;0
2;21;0;0
3;21;0;0
4;21;0;0
5;21;0;0
6;21;0;0
7;21;0;0
8;21;0;0
9;21;0;0
10;21;0;0
11;21;0;0
12;21;2;0
13;21;2;0
14;21;2;0
15;21;2;0
16;21;2;0
17;21;2;0
18;21;2;0
19;21;2;0
20;21;2;0
21;21;2;0
22;21;2;0
23;21;2;0
24;21;2;0
25;21;2;0
26;21;2;0
27;21;2;0
28;21;2;0
29;21;2;0
30;21;2;0
31;21;2;0
32;21;2;0
33;21;2;0
34;21;2;0
35;21;2;0
36;21;2;0
37;21;2;0
38;21;2;0
39;21;2;0
40;21;2;0
41;21;6626;0
42;21;11746;0
43;21;11746;0
44;21;11746;0
45;21;5602;0
46;21;2;0
47;21;2;0
48;21;2;0
49;21;2;0
50;21;2;0
51;21;2;0
52;21;2;0
53;21;2;0
54;21;2;0
55;21;2;0
56;21;2;0
57;21;2;0
58;21;0;0
59;21;0;0
60;21;0;0
61;21;0;0
62;21;0;0
63;21;0;0
64;21;0;0
65;21;0;0
66;21;0;0
67;21;0;0
68;21;0;0
69;21;0;0
70;21;0;0
71;21;0;0
72;21;0;0
73;21;0;0
74;21;0;0
75;21;0;0
0;22;0;0
1;22;0;0
2;22;0;0
3;22;0;0
4;22;0;0
5;22;0;0
6;22;0;0
7;22;0;0
8;22;0;0
9;22;0;0
10;22;0;0
11;22;0;0
12;22;2;0
13;22;2;0
14;22;2;0
15;22;2;0
16;22;2;0
17;22;2;0
18;22;2;0
19;22;2;0
20;22;2;0
21;22;2;0
22;22;2;0
23;22;2;0
24;22;2;0
25;22;2;0
26;22;2;0
27;22;2;0
28;22;2;0
29;22;2;0
30;22;2;0
31;22;2;0
32;22;2;0
33;22;2;0
34;22;6626;0
35;22;11746;0
36;22;11746;0
37;22;11746;0
38;22;11746;0
39;22;11746;0
40;22;21986;0
41;22;15;0
42;22;15;0
43;22;15;0
44;22;15;0
45;22;15;0
46;22;4578;0
47;22;2;0
48;22;2;0
49;22;2;0
50;22;2;0
51;22;2;0
52;22;2;0
53;22;2;0
54;22;2;0
55;22;2;0
56;22;2;0
57;22;2;0
58;22;0;0
59;22;0;0
60;22;0;0
61;22;0;0
62;22;0;0
63;22;0;0
64;22;0;0
65;22;0;0
66;22;0;0
67;22;0;0
68;22;0;0
69;22;0;0
70;22;0;0
71;22;0;0
72;22;0;0
73;22;0;0
74;22;0;0
75;22;0;0
0;23;0;0
1;23;0;0
2;23;0;0
3;23;0;0
4;23;0;0
5;23;0;0
6;23;0;0
7;23;0;0
8;23;0;0
9;23;0;0
10;23;0;0
11;23;0;0
12;23;0;0
13;23;2;0
14;23;2;0
15;23;2;0
16;23;2;0
17;23;2;0
18;23;2;0
19;23;2;0
20;23;2;0
21;23;2;0
22;23;2;0
23;23;2;0
24;23;2;0
25;23;2;0
26;23;2;0
27;23;2;0
28;23;2;0
29;23;2;0
30;23;2;0
31;23;2;0
32;23;2;0
33;23;8674;0
34;23;15;0
35;23;15;0
36;23;15;0
37;23;15;0
38;23;15;0
39;23;15;0
40;23;15;0
41;23;15;0
42;23;15;0
43;23;15;0
44;23;15;0
45;23;15;0
46;23;10722;0
47;23;2;0
48;23;2;0
49;23;2;0
50;23;2;0
51;23;2;0
52;23;2;0
53;23;2;0
54;23;2;0
55;23;2;0
56;23;2;0
57;23;2;0
58;23;0;0
59;23;0;0
60;23;0;0
61;23;0;0
62;23;0;0
63;23;0;0
64;23;0;0
65;23;0;0
66;23;0;0
67;23;0;0
68;23;0;0
69;23;0;0
70;23;0;0
71;23;0;0
72;23;0;0
73;23;0;0
74;23;0;0
75;23;0;0
0;24;0;0
1;24;0;0
2;24;0;0
3;24;0;0
4;24;0;0
5;24;0;0
6;24;0;0
7;24;0;0
8;24;0;0
9;24;0;0
10;24;0;0
11;24;0;0
12;24;0;0
13;24;0;0
14;24;2;0
15;24;2;0
16;24;2;0
17;24;2;0
18;24;2;0
19;24;56;0
20;24;56;0
21;24;56;0
22;24;56;0
23;24;2;0
24;24;2;0
25;24;2;0
26;24;2;0
27;24;2;0
28;24;2;0
29;24;2;0
30;24;2;0
31;24;2;0
32;24;2;0
33;24;12770;0
34;24;15;0
35;24;15;0
36;24;15;0
37;24;26082;0
38;24;9698;0
39;24;9698;0
40;24;18914;0
41;24;15;0
42;24;15;0
43;24;15;0
44;24;15;0
45;24;15;0
46;24;10722;0
47;24;2;0
48;24;2;0
49;24;2;0
50;24;2;0
51;24;2;0
52;24;2;0
53;24;2;0
54;24;2;0
55;24;2;0
56;24;0;0
57;24;0;0
58;24;0;0
59;24;0;0
60;24;0;0
61;24;0;0
62;24;0;0
63;24;0;0
64;24;0;0
65;24;0;0
66;24;0;0
67;24;0;0
68;24;0;0
69;24;0;0
70;24;0;0
71;24;0;0
72;24;0;0
73;24;0;0
74;24;0;0
75;24;0;0
0;25;0;0
1;25;0;0
2;25;0;0
3;25;0;0
4;25;0;0
5;25;0;0
6;25;0;0
7;25;0;0
8;25;0;0
9;25;0;0
10;25;0;0
11;25;0;0
12;25;0;0
13;25;0;0
14;25;2;0
15;25;2;0
16;25;2;0
17;25;2;0
18;25;56;0
19;25;56;0
20;25;56;0
21;25;56;0
22;25;56;0
23;25;56;0
24;25;56;0
25;25;56;0
26;25;56;0
27;25;2;0
28;25;2;0
29;25;2;0
30;25;2;0
31;25;2;0
32;25;2;0
33;25;7650;0
34;25;15;0
35;25;15;0
36;25;15;0
37;25;3554;0
38;25;2;0
39;25;2;0
40;25;2;0
41;25;2530;0
42;25;2;0
43;25;2;0
44;25;15;0
45;25;15;0
46;25;10722;0
47;25;2;0
48;25;2;0
49;25;2;0
50;25;2;0
51;25;0;0
52;25;0;0
53;25;0;0
54;25;0;0
55;25;0;0
56;25;0;0
57;25;0;0
58;25;0;0
59;25;0;0
60;25;0;0
61;25;0;0
62;25;0;0
63;25;0;0
64;25;0;0
65;25;0;0
66;25;0;0
67;25;0;0
68;25;0;0
69;25;0;0
70;25;0;0
71;25;0;0
72;25;0;0
73;25;0;0
74;25;0;0
75;25;0;0
0;26;0;0
1;26;0;0
2;26;0;0
3;26;0;0
4;26;0;0
5;26;0;0
6;26;0;0
7;26;0;0
8;26;0;0
9;26;0;0
10;26;0;0
11;26;0;0
12;26;0;0
13;26;0;0
14;26;2;0
15;26;2;0
16;26;2;0
17;26;2;0
18;26;56;0
19;26;56;0
20;26;56;0
21;26;56;0
22;26;56;0
23;26;56;0
24;26;56;0
25;26;56;0
26;26;56;0
27;26;2;0
28;26;2;0
29;26;56;0
30;26;56;0
31;26;56;0
32;26;56;0
33;26;56;0
34;26;56;0
35;26;56;0
36;26;56;0
37;26;56;0
38;26;56;0
39;26;56;0
40;26;56;0
41;26;2;0
42;26;8674;0
43;26;15;0
44;26;15;0
45;26;15;0
46;26;10722;0
47;26;2;0
48;26;2;0
49;26;2;0
50;26;2;0
51;26;0;0
52;26;0;0
53;26;0;0
54;26;0;0
55;26;0;0
56;26;0;0
57;26;0;0
58;26;0;0
59;26;0;0
60;26;0;0
61;26;0;0
62;26;0;0
63;26;0;0
64;26;0;0
65;26;0;0
66;26;0;0
67;26;0;0
68;26;0;0
69;26;0;0
70;26;0;0
71;26;0;0
72;26;0;0
73;26;0;0
74;26;0;0
75;26;0;0
0;27;0;0
1;27;0;0
2;27;0;0
3;27;0;0
4;27;0;0
5;27;0;0
6;27;0;0
7;27;0;0
8;27;0;0
9;27;0;0
10;27;0;0
11;27;0;0
12;27;0;0
13;27;2;0
14;27;2;0
15;27;2;0
16;27;56;0
17;27;56;0
18;27;56;0
19;27;56;0
20;27;56;0
21;27;56;0
22;27;56;0
23;27;56;0
24;27;56;0
25;27;56;0
26;27;56;0
27;27;56;0
28;27;56;0
29;27;56;0
30;27;56;0
31;27;56;0
32;27;56;0
33;27;56;0
34;27;56;0
35;27;56;0
36;27;56;0
37;27;56;0
38;27;56;0
39;27;56;0
40;27;56;0
41;27;56;0
42;27;56;0
43;27;15;0
44;27;15;0
45;27;15;0
46;27;10722;0
47;27;2;0
48;27;2;0
49;27;2;0
50;27;2;0
51;27;0;0
52;27;0;0
53;27;0;0
54;27;0;0
55;27;0;0
56;27;0;0
57;27;0;0
58;27;0;0
59;27;0;0
60;27;0;0
61;27;0;0
62;27;0;0
63;27;0;0
64;27;0;0
65;27;0;0
66;27;0;0
67;27;0;0
68;27;0;0
69;27;0;0
70;27;0;0
71;27;0;0
72;27;0;0
73;27;0;0
74;27;0;0
75;27;0;0
0;28;0;0
1;28;0;0
2;28;0;0
3;28;0;0
4;28;0;0
5;28;0;0
6;28;0;0
7;28;0;0
8;28;0;0
9;28;0;0
10;28;0;0
11;28;0;0
12;28;0;0
13;28;2;0
14;28;2;0
15;28;2;0
16;28;56;0
17;28;56;0
18;28;56;0
19;28;56;0
20;28;56;0
21;28;56;0
22;28;56;0
23;28;56;0
24;28;56;0
25;28;56;0
26;28;56;0
27;28;56;0
28;28;56;0
29;28;56;0
30;28;56;0
31;28;56;0
32;28;56;0
33;28;56;0
34;28;56;0
35;28;56;0
36;28;56;0
37;28;56;0
38;28;56;0
39;28;56;0
40;28;56;0
41;28;56;0
42;28;56;0
43;28;15;0
44;28;15;0
45;28;15;0
46;28;3554;0
47;28;2;0
48;28;2;0
49;28;2;0
50;28;0;0
51;28;0;0
52;28;0;0
53;28;0;0
54;28;0;0
55;28;0;0
56;28;0;0
57;28;0;0
58;28;0;0
59;28;0;0
60;28;0;0
61;28;0;0
62;28;0;0
63;28;0;0
64;28;0;0
65;28;0;0
66;28;0;0
67;28;0;0
68;28;0;0
69;28;0;0
70;28;0;0
71;28;0;0
72;28;0;0
73;28;0;0
74;28;0;0
75;28;0;0
0;29;0;0
1;29;0;0
2;29;0;0
3;29;0;0
4;29;0;0
5;29;0;0
6;29;0;0
7;29;0;0
8;29;0;0
9;29;0;0
10;29;0;0
11;29;0;0
12;29;0;0
13;29;2;0
14;29;2;0
15;29;2;0
16;29;56;0
17;29;56;0
18;29;56;0
19;29;56;0
20;29;56;0
21;29;56;0
22;29;56;0
23;29;56;0
24;29;56;0
25;29;56;0
26;29;56;0
27;29;56;0
28;29;56;0
29;29;56;0
30;29;56;0
31;29;56;0
32;29;56;0
33;29;56;0
34;29;56;0
35;29;56;0
36;29;56;0
37;29;56;0
38;29;56;0
39;29;56;0
40;29;56;0
41;29;56;0
42;29;56;0
43;29;56;0
44;29;9698;0
45;29;1506;0
46;29;2;0
47;29;2;0
48;29;2;0
49;29;2;0
50;29;0;0
51;29;0;0
52;29;0;0
53;29;0;0
54;29;0;0
55;29;0;0
56;29;0;0
57;29;0;0
58;29;0;0
59;29;0;0
60;29;0;0
61;29;0;0
62;29;0;0
63;29;0;0
64;29;0;0
65;29;0;0
66;29;0;0
67;29;0;0
68;29;0;0
69;29;0;0
70;29;0;0
71;29;0;0
72;29;0;0
73;29;0;0
74;29;0;0
75;29;0;0
0;30;0;0
1;30;0;0
2;30;0;0
3;30;0;0
4;30;0;0
5;30;0;0
6;30;0;0
7;30;0;0
8;30;0;0
9;30;0;0
10;30;0;0
11;30;0;0
12;30;0;0
13;30;0;0
14;30;2;0
15;30;2;0
16;30;56;0
17;30;56;0
18;30;56;0
19;30;56;0
20;30;56;0
21;30;56;0
22;30;56;0
23;30;56;0
24;30;56;0
25;30;56;0
26;30;56;0
27;30;56;0
28;30;56;0
29;30;56;0
30;30;56;0
31;30;56;0
32;30;56;0
33;30;56;0
34;30;56;0
35;30;56;0
36;30;56;0
37;30;56;0
38;30;56;0
39;30;56;0
40;30;56;0
41;30;56;0
42;30;56;0
43;30;56;0
44;30;2;0
45;30;2;0
46;30;2;0
47;30;2;0
48;30;2;0
49;30;2;0
50;30;0;0
51;30;0;0
52;30;0;0
53;30;0;0
54;30;0;0
55;30;0;0
56;30;0;0
57;30;0;0
58;30;0;0
59;30;0;0
60;30;0;0
61;30;0;0
62;30;0;0
63;30;0;0
64;30;0;0
65;30;0;0
66;30;0;0
67;30;0;0
68;30;0;0
69;30;0;0
70;30;0;0
71;30;0;0
72;30;0;0
73;30;0;0
74;30;0;0
75;30;0;0
0;31;0;0
1;31;0;0
2;31;0;0
3;31;0;0
4;31;0;0
5;31;0;0
6;31;0;0
7;31;0;0
8;31;0;0
9;31;0;0
10;31;0;0
11;31;0;0
12;31;0;0
13;31;0;0
14;31;0;0
15;31;2;0
16;31;56;0
17;31;56;0
18;31;56;0
19;31;56;0
20;31;56;0
21;31;0;0
22;31;0;0
23;31;0;0
24;31;0;0
25;31;0;0
26;31;0;0
27;31;0;0
28;31;0;0
29;31;0;0
30;31;0;0
31;31;0;0
32;31;0;0
33;31;0;0
34;31;0;0
35;31;0;0
36;31;56;0
37;31;56;0
38;31;56;0
39;31;56;0
40;31;56;0
41;31;56;0
42;31;56;0
43;31;56;0
44;31;2;0
45;31;2;0
46;31;2;0
47;31;2;0
48;31;2;0
49;31;2;0
50;31;0;0
51;31;0;0
52;31;0;0
53;31;0;0
54;31;0;0
55;31;0;0
56;31;0;0
57;31;0;0
58;31;0;0
59;31;0;0
60;31;0;0
61;31;0;0
62;31;0;0
63;31;0;0
64;31;0;0
65;31;0;0
66;31;0;0
67;31;0;0
68;31;0;0
69;31;0;0
70;31;0;0
71;31;0;0
72;31;0;0
73;31;0;0
74;31;0;0
75;31;0;0
0;32;0;0
1;32;0;0
2;32;0;0
3;32;0;0
4;32;0;0
5;32;0;0
6;32;0;0
7;32;0;0
8;32;0;0
9;32;0;0
10;32;0;0
11;32;0;0
12;32;0;0
13;32;0;0
14;32;0;0
15;32;0;0
16;32;56;0
17;32;56;0
18;32;56;0
19;32;56;0
20;32;0;0
21;32;0;0
22;32;0;0
23;32;0;0
24;32;0;0
25;32;0;0
26;32;0;0
27;32;0;0
28;32;0;0
29;32;0;0
30;32;0;0
31;32;0;0
32;32;0;0
33;32;0;0
34;32;0;0
35;32;0;0
36;32;0;0
37;32;0;0
38;32;0;0
39;32;56;0
40;32;56;0
41;32;56;0
42;32;56;0
43;32;56;0
44;32;56;0
45;32;2;0
46;32;2;0
47;32;2;0
48;32;2;0
49;32;2;0
50;32;0;0
51;32;0;0
52;32;0;0
53;32;0;0
54;32;0;0
55;32;0;0
56;32;0;0
57;32;0;0
58;32;0;0
59;32;0;0
60;32;0;0
61;32;0;0
62;32;0;0
63;32;0;0
64;32;0;0
65;32;0;0
66;32;0;0
67;32;0;0
68;32;0;0
69;32;0;0
70;32;0;0
71;32;0;0
72;32;0;0
73;32;0;0
74;32;0;0
75;32;0;0
0;33;0;0
1;33;0;0
2;33;0;0
3;33;0;0
4;33;0;0
5;33;0;0
6;33;0;0
7;33;0;0
8;33;0;0
9;33;0;0
10;33;0;0
11;33;0;0
12;33;0;0
13;33;0;0
14;33;0;0
15;33;0;0
16;33;56;0
17;33;56;0
18;33;56;0
19;33;56;0
20;33;0;0
21;33;0;0
22;33;0;0
23;33;0;0
24;33;0;0
25;33;0;0
26;33;0;0
27;33;0;0
28;33;0;0
29;33;0;0
30;33;0;0
31;33;0;0
32;33;0;0
33;33;0;0
34;33;0;0
35;33;0;0
36;33;0;0
37;33;0;0
38;33;0;0
39;33;0;0
40;33;56;0
41;33;56;0
42;33;56;0
43;33;56;0
44;33;56;0
45;33;2;0
46;33;2;0
47;33;2;0
48;33;2;0
49;33;2;0
50;33;0;0
51;33;0;0
52;33;0;0
53;33;0;0
54;33;0;0
55;33;0;0
56;33;0;0
57;33;0;0
58;33;0;0
59;33;0;0
60;33;0;0
61;33;0;0
62;33;0;0
63;33;0;0
64;33;0;0
65;33;0;0
66;33;0;0
67;33;0;0
68;33;0;0
69;33;0;0
70;33;0;0
71;33;0;0
72;33;0;0
73;33;0;0
74;33;0;0
75;33;0;0
0;34;0;0
1;34;0;0
2;34;0;0
3;34;0;0
4;34;0;0
5;34;0;0
6;34;0;0
7;34;0;0
8;34;0;0
9;34;0;0
10;34;0;0
11;34;0;0
12;34;0;0
13;34;0;0
14;34;0;0
15;34;0;0
16;34;56;0
17;34;56;0
18;34;56;0
19;34;0;0
20;34;0;0
21;34;0;0
22;34;0;0
23;34;0;0
24;34;0;0
25;34;0;0
26;34;0;0
27;34;0;0
28;34;0;0
29;34;0;0
30;34;0;0
31;34;0;0
32;34;0;0
33;34;0;0
34;34;0;0
35;34;0;0
36;34;0;0
37;34;0;0
38;34;0;0
39;34;0;0
40;34;56;0
41;34;56;0
42;34;56;0
43;34;56;0
44;34;56;0
45;34;56;0
46;34;56;0
47;34;2;0
48;34;2;0
49;34;0;0
50;34;0;0
51;34;0;0
52;34;0;0
53;34;0;0
54;34;0;0
55;34;0;0
56;34;0;0
57;34;0;0
58;34;0;0
59;34;0;0
60;34;0;0
61;34;0;0
62;34;0;0
63;34;0;0
64;34;0;0
65;34;0;0
66;34;0;0
67;34;0;0
68;34;0;0
69;34;0;0
70;34;0;0
71;34;0;0
72;34;0;0
73;34;0;0
74;34;0;0
75;34;0;0
0;35;0;0
1;35;0;0
2;35;0;0
3;35;0;0
4;35;0;0
5;35;0;0
6;35;0;0
7;35;0;0
8;35;0;0
9;35;0;0
10;35;0;0
11;35;0;0
12;35;0;0
13;35;0;0
14;35;0;0
15;35;0;0
16;35;56;0
17;35;56;0
18;35;56;0
19;35;0;0
20;35;0;0
21;35;0;0
22;35;0;0
23;35;0;0
24;35;0;0
25;35;0;0
26;35;0;0
27;35;0;0
28;35;0;0
29;35;0;0
30;35;0;0
31;35;0;0
32;35;0;0
33;35;0;0
34;35;0;0
35;35;0;0
36;35;0;0
37;35;0;0
38;35;0;0
39;35;0;0
40;35;56;0
41;35;56;0
42;35;56;0
43;35;56;0
44;35;56;0
45;35;56;0
46;35;56;0
47;35;2;0
48;35;2;0
49;35;0;0
50;35;0;0
51;35;0;0
52;35;0;0
53;35;0;0
54;35;0;0
55;35;0;0
56;35;0;0
57;35;0;0
58;35;0;0
59;35;0;0
60;35;0;0
61;35;0;0
62;35;0;0
63;35;0;0
64;35;0;0
65;35;0;0
66;35;0;0
67;35;0;0
68;35;0;0
69;35;0;0
70;35;0;0
71;35;0;0
72;35;0;0
73;35;0;0
74;35;0;0
75;35;0;0
0;36;0;0
1;36;0;0
2;36;0;0
3;36;0;0
4;36;0;0
5;36;0;0
6;36;0;0
7;36;0;0
8;36;0;0
9;36;0;0
10;36;0;0
11;36;0;0
12;36;0;0
13;36;0;0
14;36;0;0
15;36;0;0
16;36;56;0
17;36;56;0
18;36;56;0
19;36;0;0
20;36;0;0
21;36;0;0
22;36;0;0
23;36;0;0
24;36;0;0
25;36;0;0
26;36;0;0
27;36;0;0
28;36;0;0
29;36;0;0
30;36;0;0
31;36;0;0
32;36;0;0
33;36;0;0
34;36;0;0
35;36;0;0
36;36;0;0
37;36;0;0
38;36;0;0
39;36;0;0
40;36;56;0
41;36;56;0
42;36;56;0
43;36;56;0
44;36;56;0
45;36;56;0
46;36;56;0
47;36;2;0
48;36;2;0
49;36;0;0
50;36;0;0
51;36;0;0
52;36;0;0
53;36;0;0
54;36;0;0
55;36;0;0
56;36;0;0
57;36;0;0
58;36;0;0
59;36;0;0
60;36;0;0
61;36;0;0
62;36;0;0
63;36;0;0
64;36;0;0
65;36;0;0
66;36;0;0
67;36;0;0
68;36;0;0
69;36;0;0
70;36;0;0
71;36;0;0
72;36;0;0
73;36;0;0
74;36;0;0
75;36;0;0
0;37;0;0
1;37;0;0
2;37;0;0
3;37;0;0
4;37;0;0
5;37;0;0
6;37;0;0
7;37;0;0
8;37;0;0
9;37;0;0
10;37;0;0
11;37;0;0
12;37;0;0
13;37;0;0
14;37;0;0
15;37;0;0
16;37;56;0
17;37;56;0
18;37;56;0
19;37;0;0
20;37;0;0
21;37;0;0
22;37;0;0
23;37;0;0
24;37;0;0
25;37;0;0
26;37;0;0
27;37;0;0
28;37;0;0
29;37;0;0
30;37;0;0
31;37;0;0
32;37;0;0
33;37;0;0
34;37;0;0
35;37;0;0
36;37;0;0
37;37;0;0
38;37;0;0
39;37;0;0
40;37;56;0
41;37;56;0
42;37;56;0
43;37;56;0
44;37;56;0
45;37;56;0
46;37;56;0
47;37;2;0
48;37;2;0
49;37;0;0
50;37;0;0
51;37;0;0
52;37;0;0
53;37;0;0
54;37;0;0
55;37;0;0
56;37;0;0
57;37;0;0
58;37;0;0
59;37;0;0
60;37;0;0
61;37;0;0
62;37;0;0
63;37;0;0
64;37;0;0
65;37;0;0
66;37;0;0
67;37;0;0
68;37;0;0
69;37;0;0
70;37;0;0
71;37;0;0
72;37;0;0
73;37;0;0
74;37;0;0
75;37;0;0
0;38;0;0
1;38;0;0
2;38;0;0
3;38;0;0
4;38;0;0
5;38;0;0
6;38;0;0
7;38;0;0
8;38;0;0
9;38;0;0
10;38;0;0
11;38;0;0
12;38;0;0
13;38;0;0
14;38;0;0
15;38;0;0
16;38;56;0
17;38;56;0
18;38;56;0
19;38;0;0
20;38;0;0
21;38;0;0
22;38;0;0
23;38;0;0
24;38;0;0
25;38;0;0
26;38;0;0
27;38;0;0
28;38;0;0
29;38;0;0
30;38;0;0
31;38;0;0
32;38;0;0
33;38;0;0
34;38;0;0
35;38;0;0
36;38;0;0
37;38;0;0
38;38;0;0
39;38;56;0
40;38;56;0
41;38;56;0
42;38;56;0
43;38;56;0
44;38;56;0
45;38;56;0
46;38;56;0
47;38;0;0
48;38;0;0
49;38;0;0
50;38;0;0
51;38;0;0
52;38;0;0
53;38;0;0
54;38;0;0
55;38;0;0
56;38;0;0
57;38;0;0
58;38;0;0
59;38;0;0
60;38;0;0
61;38;0;0
62;38;0;0
63;38;0;0
64;38;0;0
65;38;0;0
66;38;0;0
67;38;0;0
68;38;0;0
69;38;0;0
70;38;0;0
71;38;0;0
72;38;0;0
73;38;0;0
74;38;0;0
75;38;0;0
0;39;0;0
1;39;0;0
2;39;0;0
3;39;0;0
4;39;0;0
5;39;0;0
6;39;0;0
7;39;0;0
8;39;0;0
9;39;0;0
10;39;0;0
11;39;0;0
12;39;0;0
13;39;0;0
14;39;0;0
15;39;0;0
16;39;56;0
17;39;56;0
18;39;56;0
19;39;0;0
20;39;0;0
21;39;0;0
22;39;0;0
23;39;0;0
24;39;0;0
25;39;0;0
26;39;0;0
27;39;0;0
28;39;0;0
29;39;0;0
30;39;0;0
31;39;0;0
32;39;0;0
33;39;0;0
34;39;0;0
35;39;0;0
36;39;0;0
37;39;0;0
38;39;0;0
39;39;56;0
40;39;56;0
41;39;56;0
42;39;56;0
43;39;56;0
44;39;56;0
45;39;56;0
46;39;56;0
47;39;0;0
48;39;0;0
49;39;0;0
50;39;0;0
51;39;0;0
52;39;0;0
53;39;0;0
54;39;0;0
55;39;0;0
56;39;0;0
57;39;0;0
58;39;0;0
59;39;0;0
60;39;0;0
61;39;0;0
62;39;0;0
63;39;0;0
64;39;0;0
65;39;0;0
66;39;0;0
67;39;0;0
68;39;0;0
69;39;0;0
70;39;0;0
71;39;0;0
72;39;0;0
73;39;0;0
74;39;0;0
75;39;0;0
0;40;0;0
1;40;0;0
2;40;0;0
3;40;0;0
4;40;0;0
5;40;0;0
6;40;0;0
7;40;0;0
8;40;0;0
9;40;0;0
10;40;0;0
11;40;0;0
12;40;0;0
13;40;0;0
14;40;56;0
15;40;56;0
16;40;56;0
17;40;56;0
18;40;56;0
19;40;56;0
20;40;56;0
21;40;56;0
22;40;0;0
23;40;0;0
24;40;0;0
25;40;0;0
26;40;0;0
27;40;0;0
28;40;0;0
29;40;0;0
30;40;0;0
31;40;0;0
32;40;0;0
33;40;0;0
34;40;0;0
35;40;0;0
36;40;0;0
37;40;0;0
38;40;0;0
39;40;56;0
40;40;56;0
41;40;56;0
42;40;56;0
43;40;56;0
44;40;56;0
45;40;56;0
46;40;56;0
47;40;0;0
48;40;0;0
49;40;0;0
50;40;0;0
51;40;0;0
52;40;0;0
53;40;0;0
54;40;0;0
55;40;0;0
56;40;0;0
57;40;0;0
58;40;0;0
59;40;0;0
60;40;0;0
61;40;0;0
62;40;0;0
63;40;0;0
64;40;0;0
65;40;0;0
66;40;0;0
67;40;0;0
68;40;0;0
69;40;0;0
70;40;0;0
71;40;0;0
72;40;0;0
73;40;0;0
74;40;0;0
75;40;0;0
0;41;0;0
1;41;0;0
2;41;0;0
3;41;0;0
4;41;0;0
5;41;0;0
6;41;0;0
7;41;0;0
8;41;0;0
9;41;0;0
10;41;0;0
11;41;0;0
12;41;0;0
13;41;0;0
14;41;56;0
15;41;56;0
16;41;56;0
17;41;56;0
18;41;56;0
19;41;56;0
20;41;56;0
21;41;56;0
22;41;0;0
23;41;0;0
24;41;0;0
25;41;0;0
26;41;0;0
27;41;0;0
28;41;0;0
29;41;0;0
30;41;0;0
31;41;0;0
32;41;0;0
33;41;0;0
34;41;0;0
35;41;0;0
36;41;0;0
37;41;0;0
38;41;0;0
39;41;56;0
40;41;56;0
41;41;56;0
42;41;56;0
43;41;56;0
44;41;56;0
45;41;56;0
46;41;56;0
47;41;0;0
48;41;0;0
49;41;0;0
50;41;0;0
51;41;0;0
52;41;0;0
53;41;0;0
54;41;0;0
55;41;0;0
56;41;0;0
57;41;0;0
58;41;0;0
59;41;0;0
60;41;0;0
61;41;0;0
62;41;0;0
63;41;0;0
64;41;0;0
65;41;0;0
66;41;0;0
67;41;0;0
68;41;0;0
69;41;0;0
70;41;0;0
71;41;0;0
72;41;0;0
73;41;0;0
74;41;0;0
75;41;0;0
0;42;0;0
1;42;0;0
2;42;0;0
3;42;0;0
4;42;0;0
5;42;0;0
6;42;0;0
7;42;0;0
8;42;0;0
9;42;0;0
10;42;0;0
11;42;0;0
12;42;0;0
13;42;0;0
14;42;56;0
15;42;56;0
16;42;56;0
17;42;56;0
18;42;56;0
19;42;56;0
20;42;56;0
21;42;56;0
22;42;56;0
23;42;0;0
24;42;0;0
25;42;0;0
26;42;0;0
27;42;0;0
28;42;0;0
29;42;0;0
30;42;0;0
31;42;0;0
32;42;0;0
33;42;0;0
34;42;0;0
35;42;0;0
36;42;0;0
37;42;0;0
38;42;0;0
39;42;56;0
40;42;56;0
41;42;56;0
42;42;56;0
43;42;56;0
44;42;56;0
45;42;56;0
46;42;56;0
47;42;0;0
48;42;0;0
49;42;0;0
50;42;0;0
51;42;0;0
52;42;0;0
53;42;0;0
54;42;0;0
55;42;0;0
56;42;0;0
57;42;0;0
58;42;0;0
59;42;0;0
60;42;0;0
61;42;0;0
62;42;0;0
63;42;0;0
64;42;0;0
65;42;0;0
66;42;0;0
67;42;0;0
68;42;0;0
69;42;0;0
70;42;0;0
71;42;0;0
72;42;0;0
73;42;0;0
74;42;0;0
75;42;0;0
0;43;0;0
1;43;0;0
2;43;0;0
3;43;0;0
4;43;0;0
5;43;0;0
6;43;0;0
7;43;0;0
8;43;0;0
9;43;0;0
10;43;0;0
11;43;0;0
12;43;0;0
13;43;0;0
14;43;56;0
15;43;56;0
16;43;56;0
17;43;56;0
18;43;56;0
19;43;56;0
20;43;56;0
21;43;56;0
22;43;56;0
23;43;0;0
24;43;0;0
25;43;0;0
26;43;0;0
27;43;0;0
28;43;0;0
29;43;0;0
30;43;0;0
31;43;0;0
32;43;0;0
33;43;0;0
34;43;0;0
35;43;0;0
36;43;0;0
37;43;0;0
38;43;0;0
39;43;56;0
40;43;56;0
41;43;56;0
42;43;56;0
43;43;56;0
44;43;56;0
45;43;56;0
46;43;56;0
47;43;0;0
48;43;0;0
49;43;0;0
50;43;0;0
51;43;0;0
52;43;0;0
53;43;0;0
54;43;0;0
55;43;0;0
56;43;0;0
57;43;0;0
58;43;0;0
59;43;0;0
60;43;0;0
61;43;0;0
62;43;0;0
63;43;0;0
64;43;0;0
65;43;0;0
66;43;0;0
67;43;0;0
68;43;0;0
69;43;0;0
70;43;0;0
71;43;0;0
72;43;0;0
73;43;0;0
74;43;0;0
75;43;0;0
0;44;0;0
1;44;0;0
2;44;0;0
3;44;0;0
4;44;0;0
5;44;0;0
6;44;0;0
7;44;0;0
8;44;0;0
9;44;0;0
10;44;0;0
11;44;0;0
12;44;0;0
13;44;0;0
14;44;56;0
15;44;56;0
16;44;56;0
17;44;56;0
18;44;56;0
19;44;56;0
20;44;56;0
21;44;56;0
22;44;56;0
23;44;0;0
24;44;0;0
25;44;0;0
26;44;0;0
27;44;0;0
28;44;0;0
29;44;0;0
30;44;0;0
31;44;0;0
32;44;0;0
33;44;0;0
34;44;0;0
35;44;0;0
36;44;0;0
37;44;0;0
38;44;0;0
39;44;56;0
40;44;56;0
41;44;56;0
42;44;56;0
43;44;56;0
44;44;56;0
45;44;56;0
46;44;56;0
47;44;0;0
48;44;0;0
49;44;0;0
50;44;0;0
51;44;0;0
52;44;0;0
53;44;0;0
54;44;0;0
55;44;0;0
56;44;0;0
57;44;0;0
58;44;0;0
59;44;0;0
60;44;0;0
61;44;0;0
62;44;0;0
63;44;0;0
64;44;0;0
65;44;0;0
66;44;0;0
67;44;0;0
68;44;0;0
69;44;0;0
70;44;0;0
71;44;0;0
72;44;0;0
73;44;0;0
74;44;0;0
75;44;0;0
0;45;0;0
1;45;0;0
2;45;0;0
3;45;0;0
4;45;0;0
5;45;0;0
6;45;0;0
7;45;0;0
8;45;0;0
9;45;0;0
10;45;0;0
11;45;0;0
12;45;0;0
13;45;0;0
14;45;41;0
15;45;41;0
16;45;41;0
17;45;41;0
18;45;41;0
19;45;41;0
20;45;56;0
21;45;56;0
22;45;56;0
23;45;0;0
24;45;0;0
25;45;0;0
26;45;0;0
27;45;0;0
28;45;0;0
29;45;0;0
30;45;0;0
31;45;0;0
32;45;0;0
33;45;0;0
34;45;0;0
35;45;0;0
36;45;0;0
37;45;0;0
38;45;0;0
39;45;56;0
40;45;56;0
41;45;56;0
42;45;56;0
43;45;56;0
44;45;56;0
45;45;56;0
46;45;56;0
47;45;0;0
48;45;0;0
49;45;0;0
50;45;0;0
51;45;0;0
52;45;0;0
53;45;0;0
54;45;0;0
55;45;0;0
56;45;0;0
57;45;0;0
58;45;0;0
59;45;0;0
60;45;0;0
61;45;0;0
62;45;0;0
63;45;0;0
64;45;0;0
65;45;0;0
66;45;0;0
67;45;0;0
68;45;0;0
69;45;0;0
70;45;0;0
71;45;0;0
72;45;0;0
73;45;0;0
74;45;0;0
75;45;0;0
0;46;0;0
1;46;0;0
2;46;0;0
3;46;0;0
4;46;0;0
5;46;0;0
6;46;0;0
7;46;0;0
8;46;0;0
9;46;0;0
10;46;0;0
11;46;0;0
12;46;0;0
13;46;0;0
14;46;41;0
15;46;41;0
16;46;41;0
17;46;41;0
18;46;41;0
19;46;41;0
20;46;56;0
21;46;56;0
22;46;56;0
23;46;0;0
24;46;0;0
25;46;0;0
26;46;0;0
27;46;0;0
28;46;0;0
29;46;0;0
30;46;0;0
31;46;0;0
32;46;0;0
33;46;0;0
34;46;0;0
35;46;0;0
36;46;0;0
37;46;0;0
38;46;0;0
39;46;0;0
40;46;0;0
41;46;0;0
42;46;0;0
43;46;0;0
44;46;0;0
45;46;0;0
46;46;0;0
47;46;0;0
48;46;0;0
49;46;0;0
50;46;0;0
51;46;0;0
52;46;0;0
53;46;0;0
54;46;0;0
55;46;0;0
56;46;0;0
57;46;0;0
58;46;0;0
59;46;0;0
60;46;0;0
61;46;0;0
62;46;0;0
63;46;0;0
64;46;0;0
65;46;0;0
66;46;0;0
67;46;0;0
68;46;0;0
69;46;0;0
70;46;0;0
71;46;0;0
72;46;0;0
73;46;0;0
74;46;0;0
75;46;0;0
0;47;0;0
1;47;0;0
2;47;0;0
3;47;0;0
4;47;0;0
5;47;0;0
6;47;0;0
7;47;0;0
8;47;0;0
9;47;0;0
10;47;0;0
11;47;0;0
12;47;0;0
13;47;0;0
14;47;41;0
15;47;41;0
16;47;41;0
17;47;41;0
18;47;41;0
19;47;41;0
20;47;56;0
21;47;0;0
22;47;0;0
23;47;0;0
24;47;0;0
25;47;0;0
26;47;0;0
27;47;0;0
28;47;0;0
29;47;0;0
30;47;0;0
31;47;0;0
32;47;0;0
33;47;0;0
34;47;0;0
35;47;0;0
36;47;0;0
37;47;0;0
38;47;0;0
39;47;0;0
40;47;0;0
41;47;0;0
42;47;0;0
43;47;0;0
44;47;0;0
45;47;0;0
46;47;0;0
47;47;0;0
48;47;0;0
49;47;0;0
50;47;0;0
51;47;0;0
52;47;0;0
53;47;0;0
54;47;0;0
55;47;0;0
56;47;0;0
57;47;0;0
58;47;0;0
59;47;0;0
60;47;0;0
61;47;0;0
62;47;0;0
63;47;0;0
64;47;0;0
65;47;0;0
66;47;0;0
67;47;0;0
68;47;0;0
69;47;0;0
70;47;0;0
71;47;0;0
72;47;0;0
73;47;0;0
74;47;0;0
75;47;0;0
0;48;0;0
1;48;0;0
2;48;0;0
3;48;0;0
4;48;0;0
5;48;0;0
6;48;0;0
7;48;0;0
8;48;0;0
9;48;0;0
10;48;0;0
11;48;0;0
12;48;0;0
13;48;0;0
14;48;41;0
15;48;41;0
16;48;41;0
17;48;41;0
18;48;41;0
19;48;41;0
20;48;56;0
21;48;0;0
22;48;0;0
23;48;0;0
24;48;0;0
25;48;0;0
26;48;0;0
27;48;0;0
28;48;0;0
29;48;0;0
30;48;0;0
31;48;0;0
32;48;0;0
33;48;0;0
34;48;0;0
35;48;0;0
36;48;0;0
37;48;0;0
38;48;0;0
39;48;0;0
40;48;0;0
41;48;0;0
42;48;0;0
43;48;0;0
44;48;0;0
45;48;0;0
46;48;0;0
47;48;0;0
48;48;0;0
49;48;0;0
50;48;0;0
51;48;0;0
52;48;0;0
53;48;0;0
54;48;0;0
55;48;0;0
56;48;0;0
57;48;0;0
58;48;0;0
59;48;0;0
60;48;0;0
61;48;0;0
62;48;0;0
63;48;0;0
64;48;0;0
65;48;0;0
66;48;0;0
67;48;0;0
68;48;0;0
69;48;0;0
70;48;0;0
71;48;0;0
72;48;0;0
73;48;0;0
74;48;0;0
75;48;0;0
0;49;0;0
1;49;0;0
2;49;0;0
3;49;0;0
4;49;0;0
5;49;0;0
6;49;0;0
7;49;0;0
8;49;0;0
9;49;0;0
10;49;0;0
11;49;0;0
12;49;0;0
13;49;0;0
14;49;0;0
15;49;0;0
16;49;0;0
17;49;0;0
18;49;0;0
19;49;0;0
20;49;0;0
21;49;0;0
22;49;0;0
23;49;0;0
24;49;0;0
25;49;0;0
26;49;0;0
27;49;0;0
28;49;0;0
29;49;0;0
30;49;0;0
31;49;0;0
32;49;0;0
33;49;0;0
34;49;0;0
35;49;0;0
36;49;0;0
37;49;0;0
38;49;0;0
39;49;0;0
40;49;0;0
41;49;0;0
42;49;0;0
43;49;0;0
44;49;0;0
45;49;0;0
46;49;0;0
47;49;0;0
48;49;0;0
49;49;0;0
50;49;0;0
51;49;0;0
52;49;0;0
53;49;0;0
54;49;0;0
55;49;0;0
56;49;0;0
57;49;0;0
58;49;0;0
59;49;0;0
60;49;0;0
61;49;0;0
62;49;0;0
63;49;0;0
64;49;0;0
65;49;0;0
66;49;0;0
67;49;0;0
68;49;0;0
69;49;0;0
70;49;0;0
71;49;0;0
72;49;0;0
73;49;0;0
74;49;0;0
75;49;0;0
