31;0;623;333
32;0;287;333
33;0;287;333
77;0;287;333
78;0;287;333
79;0;287;333
80;0;287;333
81;0;287;333
82;0;287;333
83;0;597;333
84;0;597;333
85;0;597;333
85;0;597;333
86;0;597;333
87;0;597;333
88;0;287;333
31;1;629;333
32;1;630;333
33;1;287;333
34;1;287;333
35;1;287;333
36;1;287;333
37;1;287;333
38;1;287;333
74;1;287;333
75;1;287;333
76;1;287;333
77;1;287;333
78;1;622;333
79;1;622;333
80;1;622;333
81;1;1245;333
81;1;622;333
82;1;1245;333
82;1;622;333
88;1;287;333
89;1;287;333
32;2;623;333
33;2;287;333
34;2;628;333
35;2;1245;333
35;2;622;333
36;2;622;333
37;2;622;333
38;2;287;333
39;2;287;333
40;2;287;333
74;2;287;333
75;2;622;333
76;2;622;333
77;2;622;333
78;2;628;333
79;2;412;333
88;2;629;333
89;2;287;333
90;2;287;333
91;2;287;333
32;3;338;333
32;3;629;333
33;3;1251;333
33;3;622;333
34;3;628;333
37;3;35;333
39;3;597;333
40;3;287;333
41;3;287;333
49;3;287;333
50;3;287;333
51;3;287;333
52;3;287;333
53;3;287;333
73;3;287;333
74;3;287;333
89;3;622;333
90;3;630;333
91;3;287;333
92;3;287;333
32;4;338;333
33;4;1250;333
34;4;412;333
38;4;422;333
40;4;409;333
41;4;287;333
42;4;287;333
44;4;287;333
45;4;287;333
46;4;287;333
47;4;287;333
48;4;287;333
49;4;287;333
50;4;915;333
50;4;622;333
51;4;914;333
51;4;622;333
51;4;622;333
52;4;630;333
53;4;287;333
54;4;287;333
55;4;287;333
56;4;287;333
57;4;287;333
72;4;287;333
73;4;287;333
75;4;628;333
90;4;629;333
91;4;630;333
92;4;287;333
93;4;287;333
94;4;287;333
34;5;422;333
41;5;1246;333
42;5;626;333
43;5;626;333
44;5;287;333
45;5;596;333
46;5;622;333
47;5;622;333
48;5;622;333
49;5;622;333
50;5;628;333
52;5;629;333
53;5;622;333
54;5;622;333
55;5;915;333
55;5;622;333
56;5;1245;333
56;5;622;333
57;5;287;333
58;5;287;333
72;5;287;333
74;5;628;333
90;5;232;333
91;5;629;333
92;5;622;333
93;5;630;333
94;5;287;333
34;6;1251;333
45;6;422;333
56;6;914;333
56;6;629;333
57;6;1246;333
57;6;630;333
58;6;287;333
71;6;287;333
72;6;287;333
73;6;628;333
92;6;915;333
93;6;629;333
94;6;287;333
95;6;287;333
34;7;338;333
37;7;1246;333
57;7;1245;333
57;7;623;333
58;7;287;333
70;7;287;333
71;7;287;333
72;7;628;333
93;7;629;333
94;7;915;333
94;7;630;333
95;7;287;333
35;8;338;333
36;8;1247;333
37;8;422;333
41;8;422;333
42;8;1247;333
57;8;623;333
58;8;287;333
59;8;287;333
67;8;287;333
67;8;287;333
69;8;287;333
70;8;287;333
90;8;1245;333
91;8;1246;333
94;8;623;333
95;8;287;333
36;9;338;333
37;9;1250;333
38;9;1251;333
40;9;1247;333
41;9;1250;333
42;9;627;333
57;9;629;333
58;9;622;333
59;9;287;333
60;9;287;333
65;9;287;333
66;9;287;333
66;9;287;333
66;9;287;333
67;9;287;333
68;9;287;333
68;9;287;333
69;9;597;333
92;9;1245;333
93;9;1246;333
94;9;623;333
95;9;287;333
38;10;338;333
39;10;338;333
42;10;623;333
43;10;287;333
59;10;622;333
60;10;287;333
64;10;287;333
65;10;287;333
65;10;597;333
65;10;597;333
66;10;287;333
67;10;287;333
68;10;287;333
69;10;597;333
81;10;287;333
86;10;232;333
89;10;1254;333
92;10;410;333
93;10;627;333
94;10;623;333
95;10;287;333
42;11;623;333
43;11;287;333
59;11;623;333
60;11;287;333
61;11;287;333
64;11;287;333
65;11;597;333
66;11;597;333
67;11;597;333
68;11;597;333
79;11;287;333
80;11;287;333
81;11;287;333
92;11;1246;333
93;11;623;333
94;11;287;333
95;11;287;333
41;12;623;333
42;12;287;333
43;12;287;333
60;12;623;333
61;12;287;333
62;12;287;333
63;12;287;333
64;12;287;333
77;12;287;333
78;12;287;333
79;12;287;333
80;12;622;333
81;12;622;333
90;12;1246;333
91;12;1245;333
93;12;623;333
93;12;623;333
93;12;623;333
94;12;287;333
41;13;287;333
42;13;287;333
61;13;622;333
62;13;1246;333
62;13;622;333
63;13;915;333
63;13;622;333
64;13;622;333
76;13;287;333
77;13;287;333
78;13;628;333
79;13;622;333
92;13;915;333
93;13;623;333
94;13;287;333
39;14;623;333
40;14;287;333
41;14;287;333
73;14;287;333
74;14;287;333
75;14;287;333
76;14;287;333
77;14;628;333
93;14;623;333
94;14;287;333
38;15;623;333
39;15;287;333
40;15;287;333
72;15;287;333
73;15;287;333
74;15;628;333
74;15;622;333
75;15;622;333
76;15;622;333
93;15;287;333
94;15;287;333
37;16;623;333
38;16;287;333
39;16;287;333
71;16;287;333
72;16;287;333
73;16;628;333
92;16;287;333
93;16;287;333
37;17;623;333
38;17;287;333
70;17;287;333
71;17;287;333
72;17;628;333
91;17;287;333
92;17;287;333
36;18;623;333
37;18;287;333
38;18;287;333
68;18;287;333
69;18;287;333
70;18;287;333
71;18;628;333
90;18;287;333
91;18;287;333
36;19;623;333
37;19;287;333
66;19;287;333
67;19;287;333
68;19;287;333
69;19;1246;333
70;19;915;333
70;19;628;333
90;19;287;333
35;20;623;333
36;20;287;333
37;20;287;333
42;20;287;333
43;20;287;333
44;20;287;333
45;20;287;333
46;20;287;333
47;20;287;333
48;20;287;333
49;20;287;333
50;20;287;333
51;20;287;333
52;20;287;333
53;20;287;333
66;20;287;333
67;20;622;333
68;20;622;333
68;20;622;333
69;20;1245;333
90;20;287;333
91;20;287;333
35;21;623;333
36;21;287;333
42;21;287;333
43;21;472;333
43;21;3087;333
44;21;3085;333
45;21;3085;333
46;21;3085;333
47;21;3085;333
48;21;3085;333
49;21;622;333
50;21;622;333
51;21;622;333
52;21;622;333
53;21;287;333
54;21;287;333
55;21;287;333
65;21;287;333
66;21;287;333
67;21;914;333
68;21;1246;333
90;21;626;333
91;21;287;333
92;21;287;333
93;21;287;333
34;22;623;333
35;22;287;333
36;22;287;333
42;22;287;333
43;22;3087;333
53;22;629;333
54;22;1245;333
54;22;630;333
55;22;287;333
56;22;287;333
65;22;287;333
66;22;622;333
91;22;629;333
92;22;626;333
93;22;287;333
22;23;620;333
22;23;422;333
23;23;620;333
24;23;620;333
25;23;620;333
26;23;620;333
27;23;620;333
28;23;620;333
29;23;620;333
34;23;623;333
35;23;287;333
43;23;3087;333
54;23;629;333
55;23;1246;333
55;23;630;333
56;23;287;333
57;23;287;333
58;23;287;333
59;23;287;333
60;23;287;333
61;23;287;333
63;23;287;333
64;23;287;333
65;23;287;333
92;23;630;333
93;23;287;333
94;23;287;333
22;24;620;333
23;24;620;333
24;24;620;333
25;24;620;333
26;24;620;333
27;24;620;333
27;24;405;333
28;24;620;333
29;24;620;333
31;24;338;333
33;24;623;333
33;24;623;333
34;24;287;333
43;24;3087;333
44;24;2805;333
47;24;2805;333
48;24;3086;333
55;24;629;333
56;24;1245;333
56;24;622;333
57;24;622;333
58;24;914;333
58;24;622;333
59;24;622;333
60;24;915;333
60;24;622;333
61;24;287;333
62;24;287;333
63;24;287;333
64;24;622;333
65;24;622;333
92;24;629;333
93;24;626;333
94;24;287;333
23;25;338;333
24;25;338;333
25;25;616;333
26;25;616;333
28;25;338;333
29;25;338;333
33;25;623;333
34;25;287;333
43;25;613;333
48;25;3088;333
49;25;287;333
60;25;629;333
61;25;622;333
62;25;622;333
63;25;622;333
93;25;623;333
94;25;287;333
16;26;338;333
21;26;338;333
24;26;338;333
25;26;616;333
26;26;616;333
28;26;338;333
31;26;338;333
32;26;338;333
32;26;623;333
32;26;623;333
32;26;623;333
33;26;287;333
33;26;623;333
34;26;287;333
43;26;613;333
47;26;403;333
48;26;613;333
49;26;287;333
70;26;287;333
71;26;287;333
72;26;287;333
73;26;287;333
74;26;287;333
75;26;287;333
76;26;287;333
93;26;623;333
94;26;287;333
95;26;287;333
17;27;338;333
20;27;338;333
22;27;405;333
23;27;338;333
23;27;274;333
25;27;616;333
26;27;616;333
27;27;1251;333
28;27;1250;333
29;27;338;333
32;27;338;333
32;27;623;333
33;27;287;333
43;27;613;333
48;27;613;333
49;27;287;333
69;27;287;333
70;27;287;333
71;27;287;333
72;27;626;333
73;27;1245;333
73;27;622;333
74;27;914;333
74;27;622;333
75;27;622;333
76;27;287;333
76;27;622;333
76;27;630;333
77;27;287;333
77;27;622;333
78;27;287;333
78;27;622;333
79;27;287;333
79;27;622;333
80;27;287;333
80;27;622;333
81;27;287;333
94;27;626;333
95;27;287;333
20;28;274;333
22;28;338;333
22;28;274;333
23;28;1250;333
24;28;1251;333
25;28;617;333
26;28;617;333
27;28;1783;333
28;28;274;333
29;28;1247;333
30;28;338;333
31;28;338;333
31;28;623;333
32;28;287;333
32;28;623;333
33;28;287;333
43;28;3087;333
48;28;3088;333
49;28;287;333
66;28;287;333
67;28;287;333
68;28;287;333
69;28;287;333
70;28;287;333
71;28;626;333
73;28;1246;333
75;28;629;333
76;28;622;333
77;28;622;333
78;28;622;333
79;28;622;333
80;28;622;333
81;28;287;333
82;28;287;333
93;28;232;333
94;28;623;333
95;28;287;333
17;29;274;333
18;29;274;333
21;29;274;333
22;29;1247;333
29;29;1251;333
30;29;1783;333
31;29;338;333
31;29;623;333
32;29;287;333
32;29;623;333
43;29;3087;333
44;29;2805;333
47;29;2805;333
48;29;3088;333
49;29;287;333
65;29;287;333
66;29;287;333
67;29;287;333
68;29;287;333
69;29;287;333
70;29;626;333
80;29;629;333
81;29;630;333
82;29;287;333
83;29;287;333
84;29;287;333
85;29;287;333
94;29;623;333
95;29;287;333
0;30;287;333
1;30;287;333
2;30;287;333
3;30;287;333
4;30;287;333
5;30;287;333
6;30;287;333
7;30;287;333
8;30;287;333
9;30;287;333
10;30;287;333
11;30;287;333
12;30;287;333
19;30;232;333
20;30;1250;333
28;30;420;333
30;30;1250;333
30;30;627;333
31;30;287;333
32;30;287;333
38;30;3087;333
39;30;3085;333
40;30;3085;333
41;30;3085;333
42;30;3085;333
43;30;3085;333
47;30;395;333
48;30;613;333
49;30;287;333
66;30;287;333
67;30;626;333
68;30;626;333
69;30;626;333
81;30;629;333
82;30;622;333
83;30;622;333
84;30;630;333
85;30;287;333
86;30;287;333
94;30;623;333
95;30;287;333
12;31;287;333
13;31;287;333
14;31;1247;333
14;31;628;333
15;31;1250;333
16;31;1251;333
17;31;1250;333
18;31;1247;333
19;31;420;333
30;31;1245;333
30;31;623;333
31;31;287;333
38;31;3087;333
48;31;613;333
49;31;287;333
84;31;629;333
85;31;622;333
86;31;915;333
86;31;622;333
87;31;1246;333
87;31;628;333
94;31;623;333
95;31;287;333
11;32;287;333
12;32;287;333
13;32;628;333
22;32;914;333
29;32;1246;333
30;32;915;333
30;32;623;333
31;32;287;333
38;32;3087;333
47;32;403;333
48;32;613;333
49;32;287;333
94;32;623;333
95;32;287;333
9;33;287;333
10;33;287;333
11;33;287;333
12;33;628;333
13;33;232;333
21;33;915;333
25;33;422;333
30;33;914;333
30;33;623;333
30;33;613;333
31;33;287;333
38;33;3087;333
48;33;3088;333
49;33;287;333
94;33;623;333
95;33;287;333
9;34;287;333
11;34;628;333
19;34;1246;333
20;34;1245;333
30;34;623;333
30;34;613;333
31;34;287;333
38;34;3087;333
43;34;3088;333
44;34;2805;333
47;34;2805;333
48;34;3088;333
49;34;287;333
94;34;287;333
95;34;287;333
8;35;287;333
9;35;287;333
10;35;628;333
26;35;1245;333
30;35;623;333
30;35;613;333
31;35;287;333
38;35;3087;333
43;35;3088;333
49;35;287;333
50;35;287;333
51;35;287;333
52;35;287;333
53;35;287;333
54;35;287;333
55;35;287;333
56;35;287;333
57;35;287;333
58;35;287;333
59;35;287;333
60;35;287;333
61;35;287;333
94;35;287;333
7;36;287;333
8;36;287;333
9;36;613;333
14;36;914;333
17;36;1254;333
26;36;1246;333
30;36;623;333
31;36;287;333
38;36;3087;333
43;36;3088;333
44;36;3085;333
45;36;474;333
45;36;3085;333
46;36;474;333
46;36;3085;333
47;36;474;333
47;36;3085;333
48;36;3085;333
49;36;613;333
50;36;613;333
51;36;3085;333
52;36;3085;333
53;36;3085;333
54;36;3085;333
55;36;3085;333
58;36;3085;333
59;36;3085;333
60;36;3088;333
61;36;287;333
68;36;287;333
69;36;287;333
70;36;287;333
71;36;287;333
72;36;287;333
73;36;287;333
74;36;287;333
75;36;287;333
76;36;287;333
77;36;287;333
78;36;287;333
79;36;287;333
80;36;287;333
81;36;287;333
82;36;287;333
83;36;287;333
84;36;287;333
85;36;287;333
86;36;287;333
87;36;287;333
88;36;287;333
89;36;287;333
90;36;287;333
91;36;287;333
92;36;287;333
93;36;287;333
94;36;287;333
6;37;287;333
7;37;287;333
8;37;613;333
9;37;628;333
9;37;613;333
15;37;1245;333
30;37;623;333
31;37;287;333
38;37;3087;333
43;37;3088;333
53;37;613;333
60;37;613;333
61;37;287;333
68;37;287;333
69;37;3092;333
69;37;3087;333
70;37;3085;333
71;37;3085;333
72;37;613;333
73;37;613;333
74;37;613;333
75;37;3085;333
76;37;613;333
77;37;613;333
78;37;613;333
79;37;3085;333
80;37;3085;333
81;37;3085;333
82;37;613;333
83;37;3085;333
84;37;3085;333
85;37;613;333
86;37;613;333
87;37;613;333
88;37;3085;333
89;37;3085;333
90;37;3085;333
91;37;3085;333
92;37;3092;333
93;37;287;333
6;38;287;333
8;38;628;333
14;38;1246;333
29;38;1246;333
30;38;623;333
31;38;287;333
38;38;3087;333
43;38;613;333
46;38;337;333
48;38;337;333
50;38;337;333
53;38;613;333
58;38;337;333
60;38;613;333
61;38;287;333
68;38;287;333
69;38;3087;333
73;38;401;333
76;38;401;333
81;38;401;333
87;38;401;333
91;38;2805;333
92;38;3088;333
93;38;287;333
5;39;287;333
6;39;287;333
6;39;628;333
30;39;623;333
30;39;613;333
31;39;287;333
31;39;613;333
38;39;3087;333
43;39;613;333
52;39;2805;333
53;39;613;333
54;39;2805;333
60;39;3088;333
61;39;287;333
69;39;3087;333
89;39;2937;333
91;39;2854;333
92;39;3088;333
93;39;287;333
4;40;287;333
5;40;287;333
7;40;628;333
27;40;2927;333
29;40;2927;333
30;40;623;333
31;40;287;333
38;40;3087;333
50;40;2937;333
60;40;3088;333
61;40;287;333
69;40;3087;333
91;40;2805;333
92;40;3088;333
93;40;287;333
3;41;287;333
4;41;287;333
6;41;628;333
24;41;627;333
26;41;915;333
30;41;623;333
31;41;287;333
38;41;3087;333
58;41;337;333
60;41;3088;333
61;41;287;333
69;41;3087;333
69;41;3086;333
70;41;3086;333
71;41;3087;333
75;41;3088;333
76;41;3086;333
77;41;3086;333
78;41;3086;333
79;41;3086;333
80;41;3086;333
81;41;3086;333
82;41;474;333
82;41;3085;333
83;41;474;333
83;41;3085;333
84;41;613;333
85;41;613;333
86;41;613;333
90;41;613;333
91;41;613;333
92;41;3088;333
93;41;287;333
3;42;599;333
24;42;623;333
24;42;623;333
25;42;287;333
30;42;1245;333
30;42;623;333
30;42;613;333
31;42;287;333
31;42;613;333
38;42;3087;333
43;42;3088;333
52;42;2805;333
53;42;613;333
54;42;2805;333
60;42;3088;333
61;42;287;333
70;42;3087;333
75;42;36;333
76;42;3088;333
77;42;287;333
78;42;287;333
79;42;287;333
80;42;287;333
81;42;3087;333
85;42;1360;333
88;42;2937;333
91;42;613;333
92;42;613;333
93;42;287;333
3;43;599;333
24;43;623;333
25;43;287;333
26;43;914;333
30;43;623;333
31;43;287;333
38;43;613;333
43;43;3088;333
53;43;613;333
60;43;3088;333
61;43;287;333
70;43;3087;333
75;43;2805;333
76;43;3088;333
77;43;287;333
81;43;3087;333
91;43;1362;333
92;43;3088;333
93;43;287;333
2;44;599;333
3;44;599;333
23;44;287;333
24;44;287;333
25;44;287;333
30;44;623;333
31;44;287;333
32;44;287;333
33;44;287;333
34;44;287;333
35;44;287;333
36;44;287;333
38;44;613;333
43;44;3088;333
53;44;3088;333
58;44;337;333
60;44;613;333
61;44;287;333
70;44;613;333
75;44;36;333
76;44;3088;333
77;44;287;333
81;44;613;333
84;44;1361;333
88;44;1367;333
92;44;613;333
93;44;287;333
1;45;599;333
2;45;599;333
3;45;599;333
23;45;287;333
23;45;613;333
24;45;3085;333
25;45;3085;333
26;45;3087;333
28;45;403;333
29;45;613;333
30;45;613;333
31;45;613;333
32;45;613;333
33;45;613;333
34;45;613;333
35;45;613;333
36;45;613;333
37;45;613;333
38;45;613;333
39;45;3085;333
40;45;3085;333
41;45;3085;333
42;45;3085;333
43;45;470;333
43;45;613;333
44;45;613;333
45;45;613;333
46;45;3085;333
47;45;3085;333
48;45;3085;333
49;45;613;333
50;45;613;333
51;45;3085;333
52;45;3085;333
53;45;3088;333
60;45;613;333
61;45;287;333
70;45;613;333
76;45;3088;333
77;45;287;333
81;45;613;333
85;45;1367;333
88;45;1360;333
91;45;1362;333
92;45;613;333
93;45;287;333
1;46;599;333
23;46;287;333
23;46;613;333
24;46;3087;333
29;46;2805;333
34;46;401;333
37;46;2805;333
39;46;395;333
40;46;2805;333
41;46;2805;333
44;46;2805;333
45;46;2907;333
47;46;2805;333
50;46;2805;333
51;46;2805;333
53;46;395;333
58;46;2937;333
60;46;3088;333
61;46;287;333
70;46;613;333
75;46;2038;333
76;46;613;333
77;46;287;333
81;46;3087;333
86;46;2937;333
90;46;1362;333
92;46;613;333
93;46;287;333
1;47;599;333
1;47;613;333
1;47;613;333
6;47;627;333
23;47;287;333
23;47;613;333
24;47;3087;333
29;47;2805;333
30;47;2880;333
33;47;2937;333
35;47;2880;333
37;47;2805;333
40;47;36;333
43;47;2046;333
44;47;2805;333
45;47;337;333
46;47;337;333
47;47;2805;333
48;47;2046;333
49;47;2937;333
51;47;75;333
60;47;3088;333
61;47;287;333
70;47;3087;333
76;47;613;333
77;47;287;333
81;47;3087;333
87;47;1367;333
89;47;1367;333
92;47;613;333
93;47;287;333
1;48;599;333
1;48;613;333
6;48;623;333
7;48;287;333
23;48;287;333
23;48;613;333
24;48;3087;333
58;48;337;333
60;48;3088;333
61;48;287;333
70;48;3087;333
75;48;1880;333
76;48;613;333
77;48;287;333
81;48;613;333
84;48;1367;333
85;48;1362;333
89;48;1360;333
92;48;613;333
93;48;287;333
1;49;599;333
1;49;599;333
1;49;599;333
6;49;623;333
7;49;287;333
23;49;287;333
23;49;613;333
24;49;3087;333
60;49;3088;333
61;49;287;333
70;49;3087;333
74;49;2937;333
76;49;613;333
77;49;287;333
81;49;613;333
92;49;3088;333
92;49;3088;333
93;49;287;333
6;50;623;333
7;50;287;333
8;50;287;333
23;50;287;333
23;50;613;333
24;50;3087;333
29;50;2805;333
37;50;2805;333
38;50;3087;333
53;50;613;333
54;50;3087;333
60;50;3088;333
61;50;287;333
62;50;287;333
63;50;287;333
64;50;287;333
65;50;287;333
66;50;287;333
67;50;287;333
70;50;613;333
76;50;3088;333
77;50;287;333
81;50;613;333
92;50;3088;333
93;50;287;333
6;51;629;333
7;51;630;333
8;51;287;333
23;51;287;333
23;51;613;333
24;51;3087;333
29;51;2805;333
37;51;2805;333
38;51;3087;333
52;51;2038;333
53;51;613;333
54;51;3087;333
54;51;3087;333
58;51;474;333
58;51;3085;333
59;51;474;333
59;51;613;333
60;51;613;333
61;51;3085;333
62;51;3085;333
63;51;613;333
64;51;613;333
65;51;613;333
66;51;3085;333
67;51;3085;333
68;51;613;333
69;51;613;333
70;51;613;333
75;51;2805;333
76;51;613;333
77;51;287;333
81;51;613;333
82;51;613;333
83;51;3086;333
84;51;3086;333
85;51;613;333
86;51;613;333
87;51;3086;333
88;51;3086;333
89;51;3086;333
90;51;3086;333
91;51;3086;333
92;51;3092;333
93;51;287;333
7;52;914;333
7;52;623;333
8;52;287;333
9;52;287;333
10;52;287;333
23;52;287;333
23;52;613;333
24;52;3087;333
25;52;3087;333
28;52;403;333
29;52;613;333
30;52;613;333
31;52;613;333
32;52;613;333
33;52;3086;333
34;52;3086;333
35;52;3086;333
36;52;3086;333
37;52;3086;333
38;52;3087;333
53;52;3088;333
54;52;3087;333
58;52;2805;333
59;52;401;333
60;52;212;333
61;52;212;333
63;52;401;333
66;52;212;333
67;52;212;333
68;52;401;333
69;52;2805;333
70;52;613;333
75;52;403;333
76;52;613;333
77;52;287;333
90;52;287;333
91;52;287;333
92;52;287;333
93;52;287;333
7;53;629;333
8;53;1246;333
8;53;622;333
9;53;1245;333
9;53;630;333
9;53;600;333
10;53;287;333
11;53;287;333
24;53;287;333
25;53;3087;333
26;53;915;333
29;53;623;333
30;53;287;333
31;53;287;333
38;53;3087;333
53;53;3088;333
54;53;3087;333
70;53;666;333
76;53;3088;333
76;53;3088;333
77;53;287;333
9;54;629;333
10;54;630;333
10;54;600;333
11;54;287;333
12;54;287;333
13;54;287;333
24;54;287;333
29;54;623;333
30;54;287;333
38;54;3087;333
53;54;3088;333
54;54;3087;333
70;54;670;333
76;54;3088;333
76;54;3088;333
76;54;3088;333
77;54;287;333
84;54;613;333
85;54;613;333
86;54;613;333
87;54;613;333
88;54;613;333
88;54;613;333
88;54;613;333
89;54;613;333
10;55;629;333
11;55;622;333
12;55;622;333
13;55;597;333
14;55;597;333
15;55;597;333
16;55;623;333
17;55;287;333
18;55;287;333
19;55;287;333
20;55;287;333
21;55;287;333
22;55;287;333
23;55;287;333
24;55;622;333
25;55;1246;333
29;55;623;333
30;55;287;333
38;55;3087;333
53;55;3088;333
54;55;3087;333
58;55;2805;333
60;55;214;333
61;55;214;333
66;55;214;333
67;55;214;333
69;55;2805;333
70;55;613;333
76;55;3088;333
76;55;3088;333
76;55;3088;333
77;55;287;333
84;55;613;333
85;55;613;333
86;55;613;333
87;55;287;333
87;55;613;333
88;55;287;333
88;55;613;333
89;55;287;333
89;55;613;333
90;55;287;333
91;55;287;333
92;55;287;333
93;55;287;333
94;55;287;333
95;55;287;333
4;56;232;333
14;56;1245;333
15;56;1246;333
16;56;914;333
16;56;623;333
17;56;287;333
18;56;287;333
19;56;287;333
20;56;622;333
21;56;622;333
22;56;622;333
23;56;622;333
24;56;596;333
29;56;1245;333
29;56;623;333
29;56;613;333
30;56;287;333
30;56;613;333
30;56;613;333
38;56;3087;333
42;56;403;333
43;56;613;333
44;56;613;333
45;56;3086;333
46;56;3086;333
47;56;3086;333
48;56;3086;333
49;56;3086;333
50;56;3086;333
51;56;3086;333
52;56;3086;333
53;56;3086;333
54;56;3086;333
55;56;3086;333
56;56;3086;333
57;56;3086;333
58;56;3086;333
59;56;3086;333
60;56;3086;333
61;56;3086;333
62;56;3086;333
63;56;3086;333
64;56;3086;333
65;56;3086;333
66;56;3086;333
67;56;3086;333
68;56;3086;333
69;56;3086;333
70;56;3086;333
70;56;3086;333
71;56;3086;333
72;56;3086;333
74;56;3086;333
75;56;3086;333
76;56;3086;333
76;56;3086;333
77;56;287;333
84;56;613;333
84;56;613;333
85;56;287;333
85;56;613;333
85;56;613;333
86;56;287;333
86;56;613;333
87;56;287;333
87;56;613;333
87;56;613;333
88;56;1246;333
88;56;622;333
88;56;613;333
89;56;1245;333
89;56;622;333
90;56;622;333
91;56;622;333
92;56;622;333
93;56;622;333
94;56;622;333
95;56;287;333
95;56;613;333
96;56;613;333
96;56;613;333
16;57;623;333
17;57;287;333
18;57;287;333
19;57;287;333
24;57;596;333
29;57;1246;333
29;57;623;333
29;57;613;333
30;57;287;333
30;57;613;333
38;57;3087;333
43;57;1360;333
44;57;613;333
57;57;3085;333
57;57;3087;333
58;57;3085;333
59;57;3085;333
60;57;3085;333
61;57;613;333
62;57;613;333
63;57;3085;333
64;57;3085;333
65;57;3085;333
66;57;3092;333
67;57;287;333
68;57;287;333
69;57;287;333
70;57;287;333
71;57;287;333
72;57;287;333
73;57;287;333
74;57;287;333
75;57;287;333
76;57;287;333
77;57;287;333
83;57;287;333
84;57;287;333
84;57;613;333
85;57;287;333
85;57;613;333
86;57;613;333
87;57;613;333
88;57;628;333
93;57;232;333
95;57;287;333
95;57;613;333
96;57;287;333
96;57;613;333
97;57;613;333
16;58;623;333
17;58;287;333
18;58;287;333
19;58;287;333
24;58;596;333
28;58;403;333
29;58;914;333
29;58;623;333
29;58;613;333
30;58;287;333
30;58;613;333
38;58;3087;333
42;58;2937;333
44;58;613;333
57;58;3087;333
61;58;401;333
66;58;3088;333
67;58;287;333
83;58;287;333
84;58;622;333
85;58;622;333
86;58;622;333
95;58;623;333
96;58;287;333
3;59;1254;333
16;59;623;333
17;59;915;333
17;59;287;333
18;59;287;333
19;59;287;333
20;59;628;333
21;59;1254;333
24;59;596;333
29;59;623;333
30;59;287;333
38;59;3087;333
44;59;613;333
57;59;3087;333
59;59;337;333
62;59;337;333
63;59;337;333
64;59;337;333
66;59;613;333
67;59;287;333
82;59;287;333
83;59;287;333
95;59;623;333
96;59;287;333
3;60;1245;333
16;60;629;333
17;60;622;333
18;60;622;333
19;60;622;333
20;60;628;333
24;60;596;333
26;60;1246;333
29;60;915;333
29;60;623;333
30;60;287;333
38;60;3087;333
44;60;3088;333
57;60;3087;333
61;60;337;333
66;60;613;333
67;60;287;333
82;60;287;333
95;60;623;333
96;60;287;333
14;61;1254;333
15;61;1245;333
18;61;600;333
24;61;596;333
29;61;623;333
30;61;287;333
38;61;3087;333
43;61;403;333
44;61;613;333
57;61;613;333
65;61;403;333
66;61;613;333
67;61;287;333
82;61;287;333
87;61;287;333
95;61;623;333
96;61;287;333
12;62;1245;333
29;62;623;333
30;62;287;333
38;62;3087;333
44;62;340;333
44;62;3088;333
45;62;3085;333
46;62;613;333
47;62;613;333
48;62;3085;333
49;62;3085;333
50;62;613;333
51;62;3085;333
52;62;3085;333
53;62;3085;333
54;62;613;333
55;62;613;333
56;62;613;333
57;62;613;333
59;62;337;333
60;62;337;333
62;62;337;333
66;62;3088;333
67;62;287;333
68;62;287;333
69;62;287;333
70;62;287;333
71;62;287;333
72;62;287;333
73;62;287;333
74;62;287;333
75;62;287;333
81;62;287;333
82;62;287;333
87;62;287;333
95;62;623;333
96;62;287;333
11;63;914;333
12;63;1246;333
12;63;627;333
29;63;623;333
30;63;287;333
38;63;3087;333
39;63;2805;333
43;63;2805;333
44;63;3085;333
46;63;2853;333
48;63;2853;333
50;63;2853;333
52;63;2853;333
54;63;2853;333
56;63;2038;333
57;63;401;333
64;63;337;333
66;63;3088;333
67;63;3085;333
68;63;3085;333
69;63;3085;333
70;63;613;333
71;63;613;333
72;63;613;333
73;63;3085;333
74;63;473;333
74;63;3088;333
75;63;287;333
79;63;627;333
81;63;287;333
86;63;287;333
87;63;287;333
95;63;287;333
95;63;613;333
96;63;287;333
6;64;232;333
12;64;623;333
13;64;287;333
29;64;623;333
30;64;287;333
38;64;3087;333
63;64;337;333
66;64;3085;333
67;64;1360;333
71;64;401;333
73;64;395;333
74;64;3088;333
75;64;287;333
79;64;623;333
80;64;287;333
81;64;287;333
86;64;287;333
95;64;287;333
95;64;613;333
96;64;613;333
11;65;232;333
12;65;623;333
12;65;600;333
13;65;287;333
29;65;623;333
30;65;287;333
31;65;287;333
32;65;287;333
38;65;3087;333
74;65;613;333
75;65;287;333
79;65;629;333
80;65;622;333
81;65;622;333
86;65;287;333
95;65;287;333
95;65;613;333
96;65;287;333
12;66;623;333
12;66;600;333
13;66;287;333
29;66;629;333
30;66;622;333
30;66;613;333
31;66;1246;333
31;66;630;333
31;66;613;333
32;66;287;333
32;66;613;333
33;66;287;333
38;66;3087;333
72;66;1367;333
73;66;403;333
74;66;613;333
75;66;287;333
85;66;915;333
86;66;287;333
95;66;623;333
96;66;287;333
12;67;623;333
12;67;600;333
13;67;287;333
31;67;915;333
31;67;629;333
32;67;630;333
32;67;613;333
32;67;613;333
33;67;287;333
38;67;3087;333
46;67;2853;333
48;67;2853;333
50;67;2853;333
52;67;2853;333
66;67;3086;333
74;67;613;333
75;67;287;333
86;67;287;333
95;67;623;333
96;67;287;333
12;68;623;333
12;68;600;333
12;68;600;333
13;68;287;333
13;68;600;333
32;68;630;333
32;68;613;333
33;68;287;333
33;68;613;333
34;68;287;333
38;68;3087;333
38;68;3086;333
39;68;3086;333
40;68;3086;333
41;68;3086;333
42;68;3086;333
43;68;3086;333
44;68;3086;333
45;68;3086;333
46;68;3086;333
47;68;3086;333
48;68;3086;333
49;68;3086;333
50;68;3086;333
51;68;3086;333
52;68;3087;333
56;68;613;333
57;68;613;333
58;68;3086;333
59;68;3086;333
60;68;613;333
61;68;613;333
62;68;613;333
63;68;613;333
64;68;613;333
65;68;613;333
66;68;3087;333
72;68;2854;333
74;68;3088;333
75;68;287;333
86;68;287;333
94;68;232;333
95;68;623;333
96;68;287;333
12;69;623;333
12;69;600;333
13;69;287;333
32;69;629;333
33;69;914;333
33;69;630;333
33;69;613;333
34;69;287;333
51;69;3087;333
57;69;613;333
66;69;613;333
70;69;2854;333
71;69;2854;333
72;69;2805;333
74;69;613;333
75;69;287;333
85;69;287;333
86;69;287;333
95;69;287;333
95;69;613;333
96;69;287;333
12;70;623;333
13;70;287;333
13;70;600;333
33;70;629;333
34;70;287;333
51;70;3087;333
52;70;2805;333
56;70;2805;333
57;70;613;333
66;70;3087;333
70;70;2937;333
74;70;3088;333
75;70;287;333
84;70;1245;333
85;70;287;333
95;70;623;333
96;70;287;333
12;71;623;333
13;71;287;333
14;71;287;333
33;71;626;333
34;71;287;333
34;71;613;333
35;71;287;333
35;71;613;333
36;71;287;333
51;71;3087;333
56;71;403;333
57;71;613;333
58;71;287;333
66;71;3087;333
70;71;2937;333
72;71;1879;333
74;71;613;333
75;71;287;333
83;71;914;333
84;71;287;333
85;71;287;333
95;71;623;333
96;71;287;333
12;72;629;333
13;72;630;333
14;72;287;333
35;72;626;333
36;72;287;333
36;72;613;333
37;72;287;333
38;72;287;333
39;72;287;333
40;72;287;333
41;72;287;333
51;72;613;333
57;72;3088;333
58;72;287;333
66;72;613;333
70;72;2854;333
71;72;2854;333
72;72;2805;333
74;72;613;333
75;72;287;333
84;72;287;333
95;72;623;333
96;72;287;333
13;73;623;333
13;73;600;333
14;73;287;333
36;73;626;333
37;73;626;333
38;73;914;333
38;73;626;333
39;73;1245;333
39;73;626;333
40;73;626;333
40;73;613;333
41;73;287;333
51;73;613;333
52;73;2805;333
56;73;2805;333
57;73;3088;333
58;73;287;333
66;73;613;333
72;73;2854;333
73;73;403;333
74;73;613;333
75;73;287;333
83;73;1246;333
84;73;287;333
95;73;623;333
96;73;287;333
13;74;623;333
13;74;600;333
14;74;287;333
39;74;1246;333
40;74;915;333
40;74;626;333
41;74;287;333
51;74;613;333
57;74;613;333
58;74;287;333
66;74;613;333
74;74;613;333
75;74;287;333
84;74;287;333
95;74;623;333
96;74;287;333
13;75;623;333
14;75;287;333
15;75;287;333
40;75;626;333
41;75;287;333
42;75;287;333
51;75;3087;333
52;75;2805;333
56;75;2805;333
57;75;613;333
58;75;287;333
66;75;613;333
74;75;3088;333
75;75;287;333
82;75;623;333
83;75;287;333
84;75;287;333
95;75;623;333
96;75;287;333
13;76;629;333
14;76;630;333
14;76;600;333
15;76;287;333
40;76;626;333
41;76;626;333
41;76;613;333
42;76;287;333
51;76;613;333
52;76;2805;333
56;76;2805;333
57;76;613;333
58;76;287;333
66;76;3087;333
74;76;3088;333
75;76;287;333
82;76;623;333
83;76;287;333
95;76;287;333
96;76;287;333
13;77;232;333
14;77;623;333
15;77;287;333
16;77;287;333
18;77;287;333
19;77;287;333
20;77;287;333
21;77;287;333
22;77;287;333
23;77;287;333
24;77;287;333
41;77;626;333
42;77;287;333
42;77;626;333
51;77;3087;333
57;77;3088;333
58;77;287;333
66;77;3087;333
66;77;3086;333
67;77;3086;333
68;77;613;333
69;77;613;333
70;77;613;333
71;77;3086;333
72;77;3086;333
73;77;613;333
74;77;613;333
75;77;287;333
77;77;287;333
82;77;623;333
82;77;3092;333
83;77;287;333
94;77;287;333
95;77;287;333
14;78;629;333
15;78;630;333
15;78;600;333
16;78;287;333
17;78;287;333
18;78;287;333
19;78;622;333
20;78;1245;333
20;78;622;333
20;78;600;333
21;78;622;333
21;78;600;333
22;78;622;333
22;78;600;333
23;78;630;333
24;78;287;333
25;78;287;333
26;78;287;333
41;78;626;333
42;78;287;333
42;78;626;333
51;78;613;333
52;78;2805;333
56;78;2805;333
57;78;3088;333
58;78;287;333
75;78;287;333
77;78;287;333
82;78;623;333
82;78;3092;333
83;78;287;333
94;78;287;333
15;79;914;333
15;79;629;333
16;79;622;333
17;79;1246;333
17;79;622;333
18;79;622;333
19;79;628;333
21;79;1246;333
22;79;417;333
23;79;629;333
24;79;622;333
25;79;630;333
26;79;287;333
27;79;287;333
41;79;626;333
42;79;287;333
42;79;626;333
43;79;287;333
51;79;613;333
57;79;3088;333
58;79;287;333
76;79;287;333
77;79;287;333
82;79;623;333
82;79;613;333
83;79;287;333
94;79;287;333
17;80;915;333
18;80;232;333
23;80;1245;333
25;80;629;333
26;80;630;333
27;80;287;333
41;80;626;333
42;80;626;333
43;80;287;333
51;80;613;333
56;80;403;333
57;80;613;333
58;80;287;333
75;80;287;333
76;80;287;333
82;80;623;333
82;80;613;333
83;80;287;333
93;80;287;333
94;80;287;333
24;81;1254;333
26;81;915;333
26;81;622;333
26;81;600;333
27;81;287;333
42;81;623;333
42;81;613;333
43;81;287;333
51;81;3087;333
52;81;2805;333
56;81;2805;333
57;81;613;333
58;81;287;333
68;81;287;333
69;81;287;333
70;81;287;333
71;81;287;333
72;81;287;333
73;81;287;333
74;81;287;333
75;81;287;333
81;81;287;333
82;81;287;333
83;81;287;333
87;81;287;333
93;81;287;333
94;81;287;333
11;82;1246;333
20;82;35;333
26;82;622;333
26;82;600;333
27;82;287;333
42;82;623;333
42;82;613;333
43;82;287;333
51;82;613;333
57;82;3088;333
58;82;287;333
67;82;287;333
68;82;287;333
69;82;622;333
70;82;622;333
71;82;1246;333
71;82;622;333
71;82;613;333
72;82;914;333
72;82;622;333
72;82;613;333
73;82;1245;333
73;82;622;333
74;82;622;333
75;82;622;333
81;82;287;333
87;82;287;333
93;82;626;333
94;82;287;333
94;82;613;333
95;82;287;333
96;82;287;333
11;83;1245;333
24;83;232;333
25;83;416;333
26;83;622;333
26;83;600;333
27;83;287;333
42;83;623;333
42;83;600;333
43;83;287;333
51;83;613;333
52;83;613;333
56;83;613;333
57;83;613;333
58;83;287;333
66;83;287;333
67;83;287;333
67;83;628;333
68;83;628;333
79;83;287;333
80;83;287;333
81;83;287;333
86;83;287;333
87;83;287;333
94;83;1246;333
95;83;1245;333
95;83;626;333
96;83;287;333
96;83;613;333
97;83;287;333
98;83;287;333
13;84;232;333
24;84;914;333
26;84;622;333
26;84;600;333
27;84;287;333
42;84;623;333
42;84;600;333
43;84;287;333
52;84;395;333
56;84;395;333
57;84;623;333
58;84;287;333
65;84;287;333
66;84;287;333
79;84;287;333
86;84;287;333
95;84;914;333
97;84;626;333
98;84;287;333
98;84;613;333
99;84;287;333
14;85;1245;333
25;85;1254;333
27;85;287;333
42;85;623;333
42;85;600;333
43;85;287;333
57;85;1246;333
57;85;623;333
58;85;287;333
64;85;287;333
65;85;287;333
66;85;628;333
67;85;628;333
76;85;287;333
77;85;287;333
78;85;287;333
79;85;287;333
85;85;287;333
86;85;287;333
89;85;2038;333
93;85;2038;333
96;85;1254;333
97;85;915;333
98;85;1246;333
98;85;626;333
99;85;287;333
14;86;1246;333
23;86;232;333
26;86;287;333
27;86;287;333
28;86;628;333
42;86;623;333
43;86;287;333
57;86;623;333
58;86;287;333
64;86;287;333
74;86;287;333
74;86;613;333
75;86;287;333
75;86;613;333
76;86;287;333
85;86;287;333
87;86;2038;333
95;86;2038;333
98;86;422;333
99;86;287;333
15;87;914;333
20;87;1245;333
22;87;1246;333
22;87;627;333
24;87;287;333
25;87;287;333
26;87;287;333
27;87;622;333
42;87;623;333
43;87;287;333
44;87;287;333
51;87;1245;333
57;87;623;333
58;87;287;333
63;87;287;333
64;87;287;333
65;87;628;333
84;87;287;333
85;87;287;333
88;87;395;333
94;87;395;333
97;87;623;333
98;87;287;333
99;87;287;333
16;88;1246;333
18;88;600;333
19;88;1246;333
19;88;627;333
19;88;600;333
20;88;600;333
22;88;623;333
23;88;287;333
24;88;287;333
25;88;622;333
26;88;622;333
27;88;628;333
42;88;629;333
43;88;915;333
43;88;630;333
43;88;613;333
44;88;287;333
57;88;623;333
58;88;287;333
62;88;287;333
63;88;287;333
64;88;628;333
82;88;287;333
83;88;287;333
84;88;287;333
86;88;2038;333
91;88;2853;333
96;88;2038;333
97;88;623;333
98;88;287;333
17;89;1254;333
19;89;623;333
19;89;600;333
20;89;287;333
20;89;600;333
21;89;287;333
22;89;287;333
23;89;287;333
24;89;622;333
26;89;628;333
43;89;623;333
44;89;287;333
56;89;627;333
57;89;287;333
57;89;3092;333
57;89;3090;333
58;89;287;333
61;89;287;333
62;89;287;333
63;89;628;333
81;89;287;333
82;89;287;333
84;89;915;333
97;89;623;333
98;89;287;333
19;90;629;333
20;90;622;333
21;90;622;333
22;90;622;333
23;90;622;333
24;90;628;333
43;90;1246;333
43;90;623;333
44;90;287;333
56;90;623;333
57;90;287;333
57;90;3092;333
58;90;287;333
59;90;287;333
60;90;287;333
61;90;287;333
62;90;628;333
74;90;287;333
75;90;287;333
75;90;622;333
76;90;287;333
76;90;622;333
77;90;287;333
77;90;622;333
78;90;287;333
78;90;622;333
79;90;287;333
79;90;613;333
80;90;287;333
80;90;613;333
80;90;613;333
81;90;287;333
82;90;1245;333
89;90;2854;333
91;90;2805;333
93;90;2854;333
97;90;623;333
98;90;287;333
43;91;623;333
44;91;287;333
45;91;287;333
56;91;629;333
57;91;622;333
58;91;622;333
59;91;622;333
60;91;622;333
61;91;622;333
73;91;287;333
74;91;287;333
74;91;613;333
75;91;622;333
76;91;622;333
77;91;622;333
78;91;622;333
79;91;287;333
79;91;613;333
81;91;914;333
82;91;1246;333
91;91;2937;333
97;91;623;333
98;91;287;333
99;91;287;333
43;92;629;333
44;92;630;333
45;92;287;333
46;92;287;333
46;92;613;333
47;92;287;333
47;92;613;333
48;92;287;333
71;92;287;333
72;92;287;333
73;92;287;333
73;92;613;333
74;92;613;333
74;92;613;333
86;92;2038;333
91;92;2853;333
96;92;2038;333
97;92;629;333
98;92;914;333
98;92;630;333
98;92;613;333
99;92;287;333
44;93;629;333
45;93;622;333
46;93;1245;333
46;93;622;333
46;93;613;333
47;93;1246;333
47;93;630;333
47;93;613;333
48;93;287;333
69;93;287;333
70;93;287;333
71;93;287;333
72;93;1246;333
73;93;1245;333
88;93;395;333
94;93;395;333
98;93;623;333
98;93;613;333
99;93;287;333
47;94;629;333
47;94;613;333
48;94;287;333
48;94;613;333
49;94;287;333
50;94;287;333
67;94;287;333
68;94;287;333
69;94;287;333
85;94;914;333
87;94;2038;333
95;94;2038;333
97;94;1245;333
98;94;623;333
98;94;613;333
99;94;287;333
48;95;626;333
48;95;613;333
49;95;630;333
49;95;613;333
50;95;287;333
50;95;613;333
51;95;287;333
51;95;613;333
52;95;287;333
52;95;613;333
53;95;287;333
54;95;287;333
55;95;287;333
56;95;287;333
57;95;287;333
58;95;287;333
59;95;287;333
60;95;287;333
64;95;287;333
64;95;613;333
65;95;287;333
66;95;287;333
66;95;613;333
67;95;287;333
67;95;613;333
81;95;1245;333
84;95;915;333
89;95;2038;333
93;95;2038;333
97;95;915;333
98;95;1246;333
98;95;623;333
99;95;287;333
49;96;629;333
49;96;613;333
50;96;622;333
50;96;613;333
51;96;622;333
51;96;613;333
52;96;622;333
52;96;613;333
53;96;622;333
54;96;622;333
55;96;622;333
55;96;3092;333
56;96;622;333
56;96;3092;333
57;96;622;333
57;96;3092;333
58;96;622;333
59;96;622;333
60;96;622;333
61;96;287;333
62;96;287;333
63;96;287;333
64;96;287;333
79;96;1246;333
80;96;914;333
82;96;1246;333
95;96;1246;333
98;96;623;333
98;96;613;333
99;96;287;333
82;97;1245;333
83;97;1246;333
84;97;1254;333
86;97;1246;333
94;97;1246;333
95;97;915;333
96;97;1245;333
97;97;914;333
98;97;623;333
98;97;613;333
99;97;287;333
85;98;1245;333
94;98;627;333
94;98;613;333
95;98;613;333
96;98;613;333
97;98;627;333
97;98;613;333
98;98;287;333
98;98;613;333
99;98;287;333
94;99;623;333
94;99;613;333
95;99;287;333
95;99;613;333
96;99;287;333
96;99;613;333
97;99;287;333
98;99;287;333
