16;12;1266;333
17;12;627;333
18;12;626;333
16;13;627;333
17;13;626;333
18;13;628;333
19;13;627;333
20;13;626;333
15;14;627;333
16;14;629;333
17;14;628;333
18;14;915;333
19;14;629;333
20;14;628;333
15;15;629;333
18;15;914;333
19;15;629;333
20;15;628;333
15;16;915;333
16;16;914;333
18;16;232;333
19;16;1783;333
20;16;627;333
21;16;626;333
15;17;627;333
16;17;626;333
18;17;1251;333
19;17;1783;333
20;17;629;333
21;17;628;333
15;18;629;333
16;18;628;333
18;18;1266;333
19;18;915;333
15;19;232;333
17;19;1783;333
19;19;627;333
20;19;626;333
16;20;1266;333
17;20;1251;333
18;20;232;333
19;20;629;333
20;20;628;333
15;21;232;333
16;21;1783;333
20;21;627;333
21;21;626;333
19;22;914;333
20;22;629;333
21;22;628;333
15;23;627;333
16;23;626;333
19;23;1783;333
15;24;629;333
16;24;628;333
17;24;1254;333
20;24;232;333
14;25;915;333
19;25;627;333
20;25;626;333
15;26;627;333
16;26;626;333
17;26;627;333
18;26;626;333
19;26;629;333
20;26;628;333
15;27;629;333
16;27;628;333
17;27;629;333
18;27;628;333
19;27;627;333
20;27;626;333
17;28;1251;333
18;28;1254;333
19;28;627;333
20;28;626;333
18;29;1783;333
19;29;629;333
20;29;628;333
28;43;627;333
29;43;626;333
26;44;627;333
27;44;626;333
28;44;629;333
29;44;628;333
26;45;629;333
27;45;628;333
31;45;627;333
32;45;627;333
33;45;626;333
28;46;627;333
29;46;626;333
31;46;629;333
32;46;629;333
33;46;628;333
25;47;627;333
26;47;626;333
28;47;629;333
29;47;628;333
32;47;627;333
33;47;626;333
25;48;629;333
26;48;628;333
31;48;1817;333
32;48;629;333
33;48;628;333
34;48;626;333
27;49;233;333
28;49;914;333
33;49;629;333
34;49;628;333
35;49;627;333
36;49;626;333
22;50;627;333
23;50;626;333
27;50;914;333
29;50;1245;333
31;50;233;333
35;50;629;333
36;50;628;333
22;51;629;333
23;51;628;333
25;51;1783;333
28;51;520;333
30;51;1783;333
35;51;627;333
36;51;626;333
21;52;1783;333
23;52;914;333
29;52;1817;333
31;52;914;333
35;52;629;333
36;52;627;333
37;52;626;333
23;53;1817;333
36;53;629;333
37;53;627;333
38;53;626;333
26;54;627;333
27;54;627;333
28;54;627;333
37;54;629;333
38;54;628;333
21;55;627;333
22;55;626;333
26;55;623;333
27;55;287;333
28;55;287;333
29;55;287;333
30;55;287;333
31;55;287;333
39;55;627;333
40;55;626;333
21;56;629;333
22;56;628;333
26;56;623;333
27;56;287;333
28;56;287;333
29;56;287;333
30;56;287;333
31;56;287;333
39;56;629;333
40;56;627;333
41;56;626;333
22;57;1245;333
24;57;233;333
25;57;627;333
26;57;623;333
27;57;287;333
28;57;287;333
29;57;287;333
30;57;287;333
31;57;287;333
32;57;287;333
33;57;287;333
40;57;629;333
41;57;628;333
42;57;627;333
43;57;626;333
23;58;1817;333
25;58;623;333
26;58;287;333
27;58;287;333
28;58;287;333
29;58;287;333
30;58;287;333
31;58;287;333
32;58;287;333
33;58;287;333
36;58;914;333
42;58;629;333
43;58;628;333
22;59;914;333
24;59;627;333
25;59;623;333
26;59;287;333
27;59;287;333
28;59;287;333
29;59;287;333
30;59;287;333
31;59;287;333
32;59;287;333
33;59;287;333
43;59;627;333
44;59;626;333
25;60;623;333
26;60;287;333
27;60;287;333
28;60;287;333
29;60;287;333
29;60;287;333
30;60;287;333
30;60;287;333
31;60;287;333
32;60;287;333
33;60;287;333
43;60;629;333
44;60;628;333
22;61;627;333
23;61;626;333
25;61;623;333
26;61;287;333
27;61;287;333
28;61;287;333
28;61;287;333
29;61;287;333
29;61;287;333
29;61;287;333
29;61;287;333
30;61;287;333
31;61;287;333
31;61;287;333
32;61;287;333
32;61;287;333
33;61;287;333
34;61;287;333
35;61;287;333
36;61;287;333
37;61;287;333
43;61;629;333
44;61;628;333
45;61;627;333
46;61;626;333
47;61;627;333
48;61;626;333
22;62;629;333
23;62;628;333
25;62;623;333
26;62;287;333
27;62;287;333
28;62;613;333
29;62;613;333
30;62;613;333
31;62;613;333
32;62;613;333
33;62;613;333
34;62;287;333
35;62;287;333
36;62;287;333
37;62;287;333
45;62;629;333
46;62;628;333
47;62;629;333
48;62;628;333
21;63;1817;333
24;63;623;333
25;63;287;333
26;63;287;333
27;63;287;333
31;63;28;333
33;63;613;333
34;63;287;333
35;63;287;333
36;63;287;333
37;63;287;333
21;64;627;333
22;64;626;333
24;64;623;333
25;64;287;333
26;64;287;333
27;64;287;333
33;64;613;333
34;64;287;333
35;64;287;333
36;64;287;333
37;64;287;333
38;64;287;333
39;64;287;333
41;64;287;333
42;64;287;333
43;64;287;333
44;64;287;333
45;64;287;333
46;64;287;333
47;64;287;333
49;64;626;333
20;65;1783;333
21;65;629;333
22;65;628;333
24;65;623;333
25;65;287;333
26;65;287;333
27;65;622;333
33;65;613;333
34;65;287;333
35;65;287;333
36;65;287;333
37;65;287;333
38;65;287;333
39;65;287;333
40;65;287;333
41;65;613;333
42;65;613;333
43;65;613;333
44;65;613;333
45;65;613;333
46;65;613;333
47;65;287;333
48;65;629;333
49;65;627;333
50;65;626;333
20;66;627;333
21;66;626;333
24;66;629;333
25;66;630;333
26;66;287;333
33;66;613;333
34;66;613;333
35;66;613;333
36;66;613;333
37;66;613;333
38;66;613;333
39;66;613;333
40;66;613;333
41;66;613;333
46;66;2832;333
47;66;613;333
49;66;629;333
50;66;628;333
20;67;629;333
21;67;628;333
25;67;629;333
26;67;287;333
28;67;623;333
29;67;287;333
30;67;287;333
31;67;664;333
32;67;660;333
33;67;287;333
34;67;626;333
36;67;295;333
40;67;3075;333
41;67;687;333
47;67;613;333
20;68;627;333
21;68;626;333
23;68;1817;333
25;68;623;333
26;68;287;333
27;68;287;333
28;68;287;333
29;68;287;333
30;68;622;333
33;68;629;333
33;68;2927;333
34;68;628;333
41;68;671;333
46;68;623;333
47;68;287;333
49;68;627;333
50;68;626;333
20;69;629;333
21;69;628;333
25;69;233;333
25;69;623;333
26;69;287;333
27;69;622;333
28;69;622;333
28;69;622;333
29;69;622;333
41;69;639;333
45;69;623;333
46;69;287;333
47;69;287;333
49;69;629;333
50;69;628;333
23;70;627;333
24;70;626;333
25;70;623;333
26;70;287;333
41;70;639;333
41;70;691;333
46;70;287;333
47;70;622;333
50;70;627;333
51;70;626;333
22;71;627;333
23;71;626;333
24;71;628;333
25;71;1783;333
25;71;623;333
26;71;287;333
42;71;682;333
43;71;623;333
44;71;287;333
45;71;287;333
46;71;622;333
47;71;1245;333
50;71;629;333
51;71;628;333
22;72;629;333
23;72;628;333
24;72;1817;333
25;72;629;333
26;72;630;333
27;72;287;333
42;72;623;333
43;72;287;333
44;72;287;333
45;72;622;333
48;72;914;333
50;72;629;333
51;72;628;333
52;72;626;333
26;73;629;333
27;73;630;333
28;73;287;333
42;73;623;333
43;73;287;333
43;73;287;333
44;73;622;333
51;73;629;333
52;73;628;333
27;74;629;333
28;74;630;333
29;74;287;333
40;74;915;333
41;74;623;333
42;74;287;333
43;74;622;333
46;74;520;333
27;75;914;333
28;75;623;333
29;75;287;333
41;75;623;333
42;75;287;333
47;75;1783;333
48;75;1245;333
50;75;1817;333
51;75;627;333
52;75;626;333
25;76;1817;333
28;76;629;333
29;76;630;333
30;76;287;333
40;76;623;333
41;76;287;333
42;76;287;333
45;76;1817;333
51;76;629;333
52;76;628;333
26;77;627;333
27;77;626;333
29;77;629;333
30;77;630;333
31;77;287;333
39;77;623;333
40;77;287;333
41;77;287;333
42;77;622;333
46;77;914;333
49;77;627;333
50;77;626;333
25;78;627;333
26;78;626;333
27;78;628;333
30;78;623;333
31;78;287;333
32;78;287;333
33;78;287;333
34;78;287;333
35;78;287;333
36;78;287;333
37;78;287;333
38;78;287;333
39;78;287;333
40;78;287;333
41;78;287;333
42;78;628;333
49;78;629;333
50;78;628;333
25;79;629;333
26;79;628;333
30;79;629;333
31;79;622;333
32;79;622;333
33;79;622;333
34;79;622;333
35;79;622;333
36;79;627;333
37;79;626;333
38;79;622;333
39;79;622;333
40;79;622;333
41;79;622;333
42;79;628;333
43;79;1817;333
47;79;627;333
48;79;626;333
27;80;914;333
32;80;627;333
33;80;626;333
35;80;627;333
36;80;626;333
37;80;628;333
38;80;1817;333
40;80;628;333
45;80;627;333
46;80;626;333
47;80;629;333
48;80;628;333
27;81;233;333
29;81;1817;333
32;81;629;333
33;81;628;333
35;81;629;333
36;81;628;333
37;81;233;333
40;81;1783;333
41;81;1817;333
42;81;233;333
43;81;627;333
44;81;626;333
45;81;629;333
46;81;628;333
25;82;519;333
26;82;1783;333
29;82;627;333
30;82;626;333
37;82;914;333
43;82;629;333
44;82;628;333
27;83;1783;333
27;83;1817;333
29;83;629;333
30;83;628;333
