57;0;0;287;0;333
58;0;0;287;0;333
59;0;0;287;0;333
60;0;0;287;0;333
61;0;0;287;0;333
62;0;0;287;0;333
63;0;0;287;0;333
64;0;0;287;0;333
65;0;0;287;0;333
66;0;0;287;0;333
67;0;0;287;0;333
68;0;0;287;0;333
69;0;0;287;0;333
70;0;0;287;0;333
71;0;0;287;0;333
72;0;0;287;0;333
73;0;0;287;0;333
74;0;0;287;0;333
75;0;0;287;0;333
76;0;0;287;0;333
77;0;0;287;0;333
78;0;0;287;0;333
79;0;0;287;0;333
80;0;0;287;0;333
81;0;0;287;0;333
82;0;0;287;0;333
83;0;0;287;0;333
84;0;0;287;0;333
85;0;0;287;0;333
86;0;0;287;0;333
87;0;0;287;0;333
121;0;0;623;0;333
122;0;0;287;0;333
57;1;0;287;0;333
58;1;0;287;0;333
59;1;0;287;0;333
60;1;0;287;0;333
61;1;0;287;0;333
62;1;0;287;0;333
63;1;0;287;0;333
64;1;0;287;0;333
65;1;0;287;0;333
66;1;0;287;0;333
67;1;0;287;0;333
68;1;0;287;0;333
69;1;0;287;0;333
70;1;0;287;0;333
71;1;0;287;0;333
72;1;0;287;0;333
73;1;0;287;0;333
74;1;0;287;0;333
75;1;0;287;0;333
76;1;0;287;0;333
77;1;0;287;0;333
78;1;0;287;0;333
79;1;0;287;0;333
80;1;0;287;0;333
81;1;0;287;0;333
82;1;0;287;0;333
83;1;0;287;0;333
84;1;0;287;0;333
85;1;0;287;0;333
86;1;0;287;0;333
87;1;0;287;0;333
120;1;0;3093;0;333
122;1;0;287;0;333
57;2;0;287;0;333
58;2;0;287;0;333
59;2;0;287;0;333
60;2;0;287;0;333
61;2;0;287;0;333
62;2;0;287;0;333
63;2;0;287;0;333
64;2;0;287;0;333
65;2;0;287;0;333
66;2;0;287;0;333
67;2;0;287;0;333
68;2;0;287;0;333
69;2;0;287;0;333
70;2;0;287;0;333
71;2;0;287;0;333
72;2;0;287;0;333
73;2;0;287;0;333
74;2;0;287;0;333
75;2;0;287;0;333
76;2;0;287;0;333
77;2;0;287;0;333
78;2;0;287;0;333
79;2;0;287;0;333
80;2;0;287;0;333
81;2;0;287;0;333
82;2;0;287;0;333
83;2;0;287;0;333
84;2;0;287;0;333
85;2;0;287;0;333
86;2;0;287;0;333
87;2;0;287;0;333
121;2;0;623;0;333
122;2;0;287;0;333
56;3;0;287;0;333
57;3;0;287;0;333
58;3;0;287;0;333
59;3;0;287;0;333
60;3;0;287;0;333
61;3;0;287;0;333
62;3;0;287;0;333
63;3;0;287;0;333
64;3;0;287;0;333
65;3;0;287;0;333
66;3;0;287;0;333
67;3;0;287;0;333
68;3;0;287;0;333
69;3;0;287;0;333
70;3;0;287;0;333
71;3;0;287;0;333
72;3;0;287;0;333
73;3;0;287;0;333
74;3;0;287;0;333
75;3;0;287;0;333
76;3;0;287;0;333
77;3;0;287;0;333
78;3;0;287;0;333
79;3;0;287;0;333
80;3;0;287;0;333
81;3;0;287;0;333
82;3;0;287;0;333
83;3;0;287;0;333
84;3;0;287;0;333
85;3;0;287;0;333
116;3;0;1246;0;333
120;3;0;3097;0;333
121;3;0;596;0;333
122;3;0;287;0;333
47;4;0;287;0;333
48;4;0;287;0;333
49;4;0;287;0;333
50;4;0;287;0;333
51;4;0;287;0;333
52;4;0;287;0;333
53;4;0;287;0;333
54;4;0;287;0;333
55;4;0;287;0;333
56;4;0;287;0;333
57;4;0;287;0;333
58;4;0;287;0;333
59;4;0;287;0;333
60;4;0;287;0;333
61;4;0;287;0;333
62;4;0;287;0;333
63;4;0;597;0;333
64;4;0;622;0;333
65;4;0;597;0;333
66;4;0;622;0;333
67;4;0;630;0;333
68;4;0;287;0;333
69;4;0;287;0;333
70;4;0;287;0;333
71;4;0;287;0;333
72;4;0;287;0;333
73;4;0;287;0;333
74;4;0;287;0;333
75;4;0;287;0;333
76;4;0;287;0;333
77;4;0;287;0;333
78;4;0;287;0;333
79;4;0;287;0;333
80;4;0;287;0;333
81;4;0;287;0;333
82;4;0;287;0;333
83;4;0;287;0;333
84;4;0;287;0;333
85;4;0;287;0;333
116;4;0;2927;0;333
117;4;0;422;0;333
121;4;0;623;0;333
122;4;0;287;0;333
47;5;0;287;0;333
48;5;0;287;0;333
49;5;0;287;0;333
50;5;0;287;0;333
51;5;0;287;0;333
52;5;0;287;0;333
53;5;0;287;0;333
54;5;0;287;0;333
55;5;0;287;0;333
56;5;0;287;0;333
57;5;0;287;0;333
58;5;0;287;0;333
59;5;0;287;0;333
60;5;0;287;0;333
62;5;0;622;0;333
64;5;0;1246;0;333
67;5;0;623;0;333
68;5;0;287;0;333
69;5;0;287;0;333
70;5;0;287;0;333
71;5;0;287;0;333
72;5;0;287;0;333
73;5;0;287;0;333
74;5;0;287;0;333
75;5;0;287;0;333
76;5;0;287;0;333
77;5;0;287;0;333
78;5;0;287;0;333
79;5;0;287;0;333
80;5;0;287;0;333
81;5;0;287;0;333
82;5;0;287;0;333
83;5;0;287;0;333
84;5;0;287;0;333
85;5;0;287;0;333
116;5;0;422;0;333
117;5;0;914;0;333
119;5;0;3093;0;333
121;5;0;596;0;333
122;5;0;287;0;333
37;6;0;287;0;333
38;6;0;287;0;333
39;6;0;287;0;333
40;6;0;287;0;333
41;6;0;287;0;333
42;6;0;287;0;333
43;6;0;287;0;333
44;6;0;287;0;333
45;6;0;287;0;333
46;6;0;287;0;333
47;6;0;287;0;333
48;6;0;287;0;333
49;6;0;287;0;333
50;6;0;287;0;333
51;6;0;287;0;333
52;6;0;287;0;333
53;6;0;287;0;333
54;6;0;287;0;333
55;6;0;287;0;333
56;6;0;287;0;333
57;6;0;597;0;333
58;6;0;622;0;333
59;6;0;597;0;333
60;6;0;622;0;333
61;6;0;628;0;333
64;6;0;3100;0;333
66;6;0;627;0;333
67;6;0;623;0;333
68;6;0;287;0;333
69;6;0;287;0;333
70;6;0;287;0;333
71;6;0;287;0;333
72;6;0;287;0;333
73;6;0;287;0;333
74;6;0;287;0;333
75;6;0;287;0;333
76;6;0;287;0;333
77;6;0;287;0;333
78;6;0;287;0;333
79;6;0;287;0;333
80;6;0;287;0;333
81;6;0;287;0;333
82;6;0;287;0;333
83;6;0;287;0;333
84;6;0;287;0;333
85;6;0;287;0;333
121;6;0;623;0;333
122;6;0;287;0;333
30;7;0;287;0;333
31;7;0;287;0;333
32;7;0;287;0;333
33;7;0;287;0;333
34;7;0;287;0;333
35;7;0;287;0;333
36;7;0;287;0;333
37;7;0;287;0;333
38;7;0;287;0;333
39;7;0;287;0;333
40;7;0;287;0;333
41;7;0;287;0;333
42;7;0;287;0;333
43;7;0;287;0;333
44;7;0;287;0;333
45;7;0;287;0;333
46;7;0;287;0;333
47;7;0;287;0;333
48;7;0;287;0;333
49;7;0;287;0;333
50;7;0;287;0;333
51;7;0;287;0;333
52;7;0;287;0;333
53;7;0;287;0;333
54;7;0;622;0;333
56;7;0;425;0;333
58;7;0;3100;0;333
60;7;0;3098;0;333
62;7;0;3098;0;333
66;7;0;915;0;333
67;7;0;629;0;333
68;7;0;630;0;333
69;7;0;287;0;333
70;7;0;287;0;333
71;7;0;287;0;333
72;7;0;287;0;333
73;7;0;287;0;333
74;7;0;287;0;333
75;7;0;287;0;333
76;7;0;287;0;333
77;7;0;287;0;333
78;7;0;287;0;333
79;7;0;287;0;333
80;7;0;287;0;333
81;7;0;287;0;333
82;7;0;287;0;333
83;7;0;287;0;333
84;7;0;287;0;333
85;7;0;287;0;333
121;7;0;629;0;333
122;7;0;287;0;333
123;7;0;287;0;333
30;8;0;287;0;333
31;8;0;287;0;333
32;8;0;287;0;333
33;8;0;287;0;333
34;8;0;287;0;333
35;8;0;287;0;333
36;8;0;287;0;333
37;8;0;287;0;333
38;8;0;287;0;333
39;8;0;287;0;333
40;8;0;287;0;333
41;8;0;287;0;333
42;8;0;287;0;333
43;8;0;287;0;333
44;8;0;287;0;333
45;8;0;287;0;333
46;8;0;287;0;333
47;8;0;287;0;333
48;8;0;287;0;333
49;8;0;287;0;333
50;8;0;622;0;333
51;8;0;597;0;333
52;8;0;622;0;333
58;8;0;914;0;333
59;8;0;3100;0;333
68;8;0;623;0;333
69;8;0;287;0;333
70;8;0;287;0;333
71;8;0;287;0;333
72;8;0;287;0;333
73;8;0;287;0;333
74;8;0;287;0;333
75;8;0;287;0;333
76;8;0;287;0;333
77;8;0;287;0;333
78;8;0;287;0;333
79;8;0;287;0;333
80;8;0;287;0;333
81;8;0;287;0;333
82;8;0;287;0;333
83;8;0;287;0;333
84;8;0;287;0;333
85;8;0;287;0;333
122;8;0;596;0;333
123;8;0;287;0;333
30;9;0;287;0;333
31;9;0;287;0;333
32;9;0;287;0;333
33;9;0;287;0;333
34;9;0;287;0;333
35;9;0;287;0;333
36;9;0;287;0;333
37;9;0;287;0;333
38;9;0;287;0;333
39;9;0;287;0;333
40;9;0;287;0;333
41;9;0;287;0;333
42;9;0;287;0;333
43;9;0;287;0;333
44;9;0;287;0;333
45;9;0;287;0;333
46;9;0;287;0;333
47;9;0;622;0;333
48;9;0;597;0;333
49;9;0;622;0;333
52;9;0;1247;0;333
68;9;0;623;0;333
69;9;0;287;0;333
70;9;0;287;0;333
71;9;0;287;0;333
72;9;0;287;0;333
73;9;0;287;0;333
74;9;0;287;0;333
75;9;0;287;0;333
76;9;0;287;0;333
77;9;0;287;0;333
78;9;0;287;0;333
79;9;0;287;0;333
80;9;0;287;0;333
81;9;0;287;0;333
120;9;0;915;0;333
122;9;0;623;0;333
123;9;0;287;0;333
25;10;0;287;0;333
26;10;0;287;0;333
27;10;0;287;0;333
28;10;0;287;0;333
29;10;0;287;0;333
30;10;0;287;0;333
31;10;0;287;0;333
32;10;0;287;0;333
33;10;0;287;0;333
34;10;0;287;0;333
35;10;0;287;0;333
36;10;0;622;0;333
37;10;0;622;0;333
38;10;0;622;0;333
39;10;0;630;0;333
40;10;0;287;0;333
41;10;0;622;0;333
42;10;0;597;0;333
43;10;0;622;0;333
44;10;0;597;0;333
45;10;0;622;0;333
46;10;0;597;0;333
48;10;0;1245;0;333
53;10;0;232;0;333
63;10;0;1265;0;333
66;10;0;232;0;333
69;10;0;630;0;333
70;10;0;287;0;333
71;10;0;287;0;333
72;10;0;287;0;333
73;10;0;287;0;333
74;10;0;287;0;333
75;10;0;287;0;333
76;10;0;287;0;333
77;10;0;287;0;333
78;10;0;287;0;333
79;10;0;287;0;333
80;10;0;287;0;333
81;10;0;287;0;333
122;10;0;596;0;333
123;10;0;287;0;333
25;11;0;287;0;333
26;11;0;287;0;333
27;11;0;287;0;333
28;11;0;287;0;333
29;11;0;287;0;333
30;11;0;287;0;333
31;11;0;287;0;333
32;11;0;287;0;333
33;11;0;622;0;333
34;11;0;622;0;333
35;11;0;622;0;333
36;11;0;628;0;333
37;11;0;915;0;333
39;11;0;623;0;333
40;11;0;287;0;333
42;11;0;287;0;333
43;11;0;287;0;333
69;11;0;629;0;333
71;11;0;630;0;333
72;11;0;287;0;333
73;11;0;287;0;333
74;11;0;287;0;333
75;11;0;287;0;333
76;11;0;287;0;333
77;11;0;287;0;333
78;11;0;287;0;333
79;11;0;287;0;333
80;11;0;287;0;333
81;11;0;287;0;333
120;11;0;3097;0;333
121;11;0;627;0;333
122;11;0;623;0;333
123;11;0;287;0;333
21;12;0;287;0;333
22;12;0;287;0;333
23;12;0;287;0;333
24;12;0;287;0;333
25;12;0;287;0;333
26;12;0;287;0;333
27;12;0;287;0;333
28;12;0;287;0;333
29;12;0;622;0;333
30;12;0;622;0;333
31;12;0;622;0;333
32;12;0;622;0;333
33;12;0;418;0;333
34;12;0;628;0;333
38;12;0;416;0;333
39;12;0;629;0;333
40;12;0;287;0;333
41;12;0;287;0;333
42;12;0;287;0;333
43;12;0;287;0;333
70;12;0;3098;0;333
71;12;0;623;0;333
72;12;0;287;0;333
73;12;0;287;0;333
74;12;0;287;0;333
75;12;0;287;0;333
76;12;0;287;0;333
77;12;0;287;0;333
78;12;0;287;0;333
117;12;0;1272;0;333
122;12;0;596;0;333
123;12;0;287;0;333
124;12;0;287;0;333
21;13;0;287;0;333
22;13;0;287;0;333
23;13;0;287;0;333
24;13;0;287;0;333
25;13;0;622;0;333
26;13;0;622;0;333
27;13;0;622;0;333
28;13;0;622;0;333
29;13;0;3097;0;333
30;13;0;628;0;333
34;13;0;915;0;333
36;13;0;2937;0;333
38;13;0;2038;0;333
39;13;0;232;0;333
40;13;0;597;0;333
41;13;0;287;0;333
42;13;0;287;0;333
43;13;0;287;0;333
58;13;0;232;0;333
70;13;0;3097;0;333
71;13;0;623;0;333
72;13;0;287;0;333
73;13;0;287;0;333
121;13;0;3100;0;333
122;13;0;629;0;333
123;13;0;630;0;333
124;13;0;287;0;333
21;14;0;287;0;333
22;14;0;287;0;333
23;14;0;287;0;333
24;14;0;622;0;333
26;14;0;628;0;333
27;14;0;3097;0;333
28;14;0;915;0;333
30;14;0;3101;0;333
36;14;0;3101;0;333
38;14;0;2937;0;333
39;14;0;232;0;333
40;14;0;598;0;333
41;14;0;287;0;333
42;14;0;287;0;333
43;14;0;287;0;333
51;14;0;914;0;333
56;14;0;914;0;333
71;14;0;596;0;333
72;14;0;287;0;333
73;14;0;287;0;333
123;14;0;623;0;333
124;14;0;287;0;333
21;15;0;287;0;333
22;15;0;287;0;333
23;15;0;287;0;333
26;15;0;418;0;333
34;15;0;3101;0;333
36;15;0;2038;0;333
37;15;0;2038;0;333
38;15;0;2926;0;333
39;15;0;232;0;333
40;15;0;287;0;333
41;15;0;287;0;333
42;15;0;287;0;333
43;15;0;287;0;333
71;15;0;623;0;333
72;15;0;287;0;333
115;15;0;914;0;333
121;15;0;1246;0;333
122;15;0;3097;0;333
123;15;0;596;0;333
124;15;0;287;0;333
17;16;0;287;0;333
18;16;0;287;0;333
19;16;0;287;0;333
20;16;0;287;0;333
21;16;0;287;0;333
22;16;0;622;0;333
23;16;0;622;0;333
26;16;0;2038;0;333
28;16;0;3101;0;333
36;16;0;2937;0;333
38;16;0;627;0;333
39;16;0;626;0;333
40;16;0;287;0;333
41;16;0;287;0;333
42;16;0;287;0;333
60;16;0;287;0;333
61;16;0;287;0;333
62;16;0;287;0;333
63;16;0;287;0;333
64;16;0;287;0;333
65;16;0;287;0;333
71;16;0;596;0;333
72;16;0;287;0;333
117;16;0;2937;0;333
123;16;0;623;0;333
124;16;0;287;0;333
17;17;0;287;0;333
18;17;0;287;0;333
19;17;0;287;0;333
20;17;0;287;0;333
21;17;0;287;0;333
23;17;0;914;0;333
35;17;0;3101;0;333
37;17;0;2038;0;333
38;17;0;623;0;333
39;17;0;287;0;333
40;17;0;287;0;333
41;17;0;287;0;333
42;17;0;287;0;333
48;17;0;1247;0;333
55;17;0;287;0;333
56;17;0;287;0;333
57;17;0;287;0;333
58;17;0;287;0;333
59;17;0;287;0;333
60;17;0;287;0;333
63;17;0;287;0;333
64;17;0;287;0;333
65;17;0;287;0;333
66;17;0;287;0;333
71;17;0;623;0;333
72;17;0;287;0;333
121;17;0;627;0;333
122;17;0;623;0;333
123;17;0;287;0;333
124;17;0;287;0;333
17;18;0;287;0;333
18;18;0;287;0;333
19;18;0;287;0;333
20;18;0;622;0;333
21;18;0;622;0;333
28;18;0;627;0;333
29;18;0;626;0;333
30;18;0;626;0;333
31;18;0;626;0;333
32;18;0;626;0;333
36;18;0;915;0;333
37;18;0;3099;0;333
38;18;0;623;0;333
39;18;0;287;0;333
40;18;0;287;0;333
41;18;0;287;0;333
42;18;0;287;0;333
53;18;0;287;0;333
54;18;0;287;0;333
65;18;0;287;0;333
66;18;0;287;0;333
71;18;0;596;0;333
72;18;0;287;0;333
73;18;0;287;0;333
115;18;0;1247;0;333
120;18;0;914;0;333
122;18;0;596;0;333
123;18;0;287;0;333
124;18;0;287;0;333
17;19;0;287;0;333
18;19;0;287;0;333
19;19;0;287;0;333
23;19;0;3101;0;333
27;19;0;3093;0;333
28;19;0;596;0;333
29;19;0;287;0;333
30;19;0;287;0;333
31;19;0;287;0;333
32;19;0;626;0;333
37;19;0;627;0;333
38;19;0;626;0;333
39;19;0;287;0;333
40;19;0;287;0;333
41;19;0;287;0;333
42;19;0;287;0;333
49;19;0;287;0;333
50;19;0;287;0;333
51;19;0;287;0;333
52;19;0;287;0;333
53;19;0;287;0;333
54;19;0;287;0;333
66;19;0;287;0;333
72;19;0;630;0;333
73;19;0;287;0;333
122;19;0;623;0;333
123;19;0;287;0;333
124;19;0;287;0;333
17;20;0;287;0;333
18;20;0;287;0;333
19;20;0;622;0;333
22;20;0;1272;0;333
23;20;0;1272;0;333
25;20;0;3101;0;333
27;20;0;3093;0;333
28;20;0;596;0;333
28;20;0;3099;0;333
29;20;0;287;0;333
30;20;0;287;0;333
31;20;0;287;0;333
32;20;0;626;0;333
36;20;0;416;0;333
37;20;0;623;0;333
38;20;0;287;0;333
39;20;0;287;0;333
40;20;0;287;0;333
41;20;0;287;0;333
42;20;0;287;0;333
49;20;0;287;0;333
50;20;0;287;0;333
51;20;0;287;0;333
52;20;0;287;0;333
66;20;0;622;0;333
69;20;0;1272;0;333
71;20;0;416;0;333
72;20;0;596;0;333
73;20;0;287;0;333
120;20;0;627;0;333
122;20;0;287;0;333
123;20;0;287;0;333
124;20;0;287;0;333
17;21;0;287;0;333
18;21;0;287;0;333
22;21;0;1272;0;333
23;21;0;3101;0;333
28;21;0;629;0;333
29;21;0;597;0;333
29;21;0;3099;0;333
30;21;0;597;0;333
30;21;0;3099;0;333
31;21;0;597;0;333
32;21;0;628;0;333
35;21;0;3101;0;333
37;21;0;623;0;333
38;21;0;287;0;333
39;21;0;287;0;333
40;21;0;287;0;333
41;21;0;287;0;333
42;21;0;287;0;333
47;21;0;287;0;333
48;21;0;287;0;333
49;21;0;287;0;333
72;21;0;623;0;333
73;21;0;287;0;333
74;21;0;287;0;333
120;21;0;623;0;333
121;21;0;287;0;333
122;21;0;287;0;333
123;21;0;287;0;333
124;21;0;287;0;333
15;22;0;287;0;333
16;22;0;287;0;333
17;22;0;287;0;333
18;22;0;622;0;333
27;22;0;3097;0;333
28;22;0;3100;0;333
29;22;0;420;0;333
30;22;0;2038;0;333
31;22;0;3099;0;333
35;22;0;914;0;333
36;22;0;627;0;333
37;22;0;626;0;333
38;22;0;287;0;333
39;22;0;287;0;333
40;22;0;287;0;333
41;22;0;287;0;333
42;22;0;287;0;333
43;22;0;287;0;333
44;22;0;287;0;333
45;22;0;287;0;333
46;22;0;287;0;333
47;22;0;287;0;333
48;22;0;287;0;333
73;22;0;630;0;333
74;22;0;287;0;333
120;22;0;596;0;333
121;22;0;287;0;333
122;22;0;287;0;333
123;22;0;287;0;333
124;22;0;287;0;333
15;23;0;287;0;333
16;23;0;287;0;333
17;23;0;622;0;333
23;23;0;914;0;333
24;23;0;3098;0;333
25;23;0;3097;0;333
26;23;0;3098;0;333
27;23;0;3098;0;333
29;23;0;1254;0;333
32;23;0;3101;0;333
36;23;0;623;0;333
37;23;0;287;0;333
38;23;0;287;0;333
39;23;0;287;0;333
40;23;0;287;0;333
41;23;0;287;0;333
42;23;0;287;0;333
43;23;0;287;0;333
44;23;0;287;0;333
45;23;0;287;0;333
46;23;0;287;0;333
47;23;0;287;0;333
48;23;0;287;0;333
72;23;0;3099;0;333
73;23;0;596;0;333
74;23;0;287;0;333
75;23;0;287;0;333
120;23;0;623;0;333
121;23;0;287;0;333
15;24;0;287;0;333
16;24;0;287;0;333
19;24;0;1272;0;333
24;24;0;3097;0;333
31;24;0;1272;0;333
32;24;0;3101;0;333
36;24;0;623;0;333
37;24;0;287;0;333
38;24;0;287;0;333
39;24;0;287;0;333
72;24;0;1246;0;333
73;24;0;3097;0;333
74;24;0;630;0;333
75;24;0;287;0;333
120;24;0;596;0;333
121;24;0;287;0;333
15;25;0;287;0;333
16;25;0;287;0;333
22;25;0;3097;0;333
23;25;0;3097;0;333
24;25;0;3098;0;333
27;25;0;3101;0;333
28;25;0;3101;0;333
31;25;0;3101;0;333
33;25;0;3099;0;333
34;25;0;3099;0;333
36;25;0;287;0;333
37;25;0;287;0;333
38;25;0;287;0;333
39;25;0;287;0;333
73;25;0;3100;0;333
74;25;0;623;0;333
75;25;0;287;0;333
76;25;0;287;0;333
109;25;0;287;0;333
110;25;0;287;0;333
117;25;0;627;0;333
119;25;0;596;0;333
120;25;0;287;0;333
121;25;0;287;0;333
15;26;0;287;0;333
16;26;0;287;0;333
19;26;0;1254;0;333
22;26;0;3097;0;333
32;26;0;3099;0;333
33;26;0;3099;0;333
36;26;0;287;0;333
36;26;0;287;0;333
37;26;0;287;0;333
38;26;0;287;0;333
39;26;0;287;0;333
75;26;0;630;0;333
76;26;0;287;0;333
77;26;0;287;0;333
78;26;0;287;0;333
79;26;0;287;0;333
80;26;0;287;0;333
81;26;0;287;0;333
82;26;0;287;0;333
83;26;0;287;0;333
84;26;0;287;0;333
85;26;0;287;0;333
86;26;0;287;0;333
87;26;0;287;0;333
88;26;0;287;0;333
89;26;0;287;0;333
90;26;0;287;0;333
91;26;0;287;0;333
92;26;0;287;0;333
93;26;0;287;0;333
94;26;0;287;0;333
107;26;0;287;0;333
108;26;0;287;0;333
109;26;0;287;0;333
110;26;0;622;0;333
111;26;0;628;0;333
112;26;0;1246;0;333
118;26;0;623;0;333
119;26;0;287;0;333
120;26;0;287;0;333
121;26;0;287;0;333
15;27;0;287;0;333
16;27;0;287;0;333
20;27;0;415;0;333
21;27;0;623;0;333
22;27;0;287;0;333
23;27;0;287;0;333
24;27;0;626;0;333
30;27;0;1254;0;333
31;27;0;3099;0;333
33;27;0;287;0;333
34;27;0;287;0;333
35;27;0;287;0;333
36;27;0;287;0;333
76;27;0;597;0;333
77;27;0;630;0;333
78;27;0;287;0;333
79;27;0;287;0;333
80;27;0;287;0;333
81;27;0;287;0;333
82;27;0;287;0;333
83;27;0;287;0;333
84;27;0;287;0;333
85;27;0;287;0;333
86;27;0;287;0;333
87;27;0;287;0;333
88;27;0;287;0;333
89;27;0;287;0;333
90;27;0;287;0;333
91;27;0;287;0;333
92;27;0;287;0;333
93;27;0;287;0;333
94;27;0;287;0;333
95;27;0;287;0;333
96;27;0;287;0;333
97;27;0;287;0;333
98;27;0;287;0;333
107;27;0;287;0;333
108;27;0;287;0;333
109;27;0;287;0;333
112;27;0;914;0;333
117;27;0;422;0;333
118;27;0;596;0;333
119;27;0;287;0;333
12;28;0;287;0;333
13;28;0;287;0;333
14;28;0;287;0;333
15;28;0;287;0;333
16;28;0;628;0;333
20;28;0;3093;0;333
21;28;0;287;0;333
22;28;0;287;0;333
23;28;0;287;0;333
24;28;0;626;0;333
25;28;0;3101;0;333
27;28;0;3101;0;333
32;28;0;287;0;333
33;28;0;287;0;333
33;28;0;287;0;333
34;28;0;287;0;333
35;28;0;287;0;333
36;28;0;287;0;333
76;28;0;3095;0;333
78;28;0;630;0;333
79;28;0;287;0;333
80;28;0;287;0;333
81;28;0;287;0;333
82;28;0;622;0;333
83;28;0;597;0;333
84;28;0;622;0;333
85;28;0;287;0;333
86;28;0;287;0;333
87;28;0;287;0;333
88;28;0;287;0;333
89;28;0;287;0;333
90;28;0;287;0;333
91;28;0;287;0;333
92;28;0;287;0;333
93;28;0;287;0;333
94;28;0;287;0;333
95;28;0;287;0;333
96;28;0;287;0;333
97;28;0;287;0;333
98;28;0;287;0;333
100;28;0;287;0;333
101;28;0;287;0;333
102;28;0;287;0;333
103;28;0;287;0;333
104;28;0;287;0;333
105;28;0;287;0;333
106;28;0;287;0;333
107;28;0;287;0;333
108;28;0;622;0;333
109;28;0;622;0;333
110;28;0;628;0;333
118;28;0;623;0;333
119;28;0;287;0;333
12;29;0;287;0;333
13;29;0;287;0;333
14;29;0;287;0;333
15;29;0;287;0;333
16;29;0;628;0;333
19;29;0;1254;0;333
21;29;0;597;0;333
22;29;0;597;0;333
23;29;0;3093;0;333
24;29;0;628;0;333
26;29;0;2038;0;333
30;29;0;287;0;333
31;29;0;287;0;333
32;29;0;287;0;333
33;29;0;287;0;333
77;29;0;914;0;333
79;29;0;597;0;333
80;29;0;622;0;333
81;29;0;597;0;333
83;29;0;3100;0;333
85;29;0;629;0;333
86;29;0;287;0;333
87;29;0;287;0;333
88;29;0;287;0;333
89;29;0;287;0;333
91;29;0;597;0;333
92;29;0;622;0;333
93;29;0;630;0;333
94;29;0;287;0;333
95;29;0;287;0;333
96;29;0;287;0;333
97;29;0;287;0;333
98;29;0;287;0;333
99;29;0;287;0;333
100;29;0;287;0;333
101;29;0;597;0;333
102;29;0;287;0;333
103;29;0;287;0;333
104;29;0;287;0;333
105;29;0;287;0;333
106;29;0;622;0;333
107;29;0;422;0;333
115;29;0;232;0;333
116;29;0;3100;0;333
118;29;0;287;0;333
119;29;0;287;0;333
12;30;0;287;0;333
13;30;0;287;0;333
14;30;0;622;0;333
15;30;0;622;0;333
16;30;0;628;0;333
23;30;0;915;0;333
25;30;0;407;0;333
28;30;0;287;0;333
29;30;0;287;0;333
30;30;0;287;0;333
31;30;0;287;0;333
32;30;0;287;0;333
33;30;0;287;0;333
72;30;0;1246;0;333
75;30;0;1265;0;333
83;30;0;1254;0;333
85;30;0;914;0;333
86;30;0;597;0;333
88;30;0;597;0;333
89;30;0;417;0;333
91;30;0;1247;0;333
94;30;0;597;0;333
95;30;0;622;0;333
96;30;0;630;0;333
97;30;0;287;0;333
98;30;0;287;0;333
99;30;0;287;0;333
100;30;0;287;0;333
102;30;0;622;0;333
103;30;0;597;0;333
104;30;0;622;0;333
105;30;0;597;0;333
108;30;0;1245;0;333
113;30;0;1265;0;333
114;30;0;3097;0;333
117;30;0;287;0;333
118;30;0;287;0;333
119;30;0;287;0;333
12;31;0;287;0;333
13;31;0;622;0;333
14;31;0;628;0;333
16;31;0;1272;0;333
17;31;0;1272;0;333
18;31;0;1272;0;333
19;31;0;627;0;333
20;31;0;626;0;333
25;31;0;627;0;333
26;31;0;287;0;333
27;31;0;287;0;333
28;31;0;287;0;333
29;31;0;287;0;333
30;31;0;287;0;333
31;31;0;287;0;333
32;31;0;287;0;333
33;31;0;287;0;333
72;31;0;914;0;333
85;31;0;1272;0;333
93;31;0;3097;0;333
95;31;0;3097;0;333
96;31;0;629;0;333
97;31;0;597;0;333
98;31;0;597;0;333
99;31;0;622;0;333
100;31;0;597;0;333
103;31;0;914;0;333
105;31;0;3095;0;333
115;31;0;287;0;333
116;31;0;287;0;333
117;31;0;287;0;333
12;32;0;622;0;333
13;32;0;628;0;333
19;32;0;629;0;333
20;32;0;628;0;333
23;32;0;1272;0;333
26;32;0;287;0;333
27;32;0;287;0;333
81;32;0;2038;0;333
98;32;0;915;0;333
115;32;0;287;0;333
116;32;0;287;0;333
117;32;0;287;0;333
15;33;0;627;0;333
16;33;0;626;0;333
22;33;0;627;0;333
24;33;0;287;0;333
25;33;0;287;0;333
26;33;0;287;0;333
27;33;0;287;0;333
92;33;0;1265;0;333
105;33;0;1272;0;333
113;33;0;287;0;333
114;33;0;287;0;333
14;34;0;1272;0;333
15;34;0;629;0;333
16;34;0;628;0;333
17;34;0;422;0;333
21;34;0;1246;0;333
22;34;0;623;0;333
23;34;0;287;0;333
24;34;0;287;0;333
25;34;0;287;0;333
26;34;0;287;0;333
27;34;0;287;0;333
72;34;0;623;0;333
73;34;0;287;0;333
74;34;0;287;0;333
111;34;0;287;0;333
112;34;0;287;0;333
17;35;0;1246;0;333
21;35;0;627;0;333
22;35;0;623;0;333
23;35;0;287;0;333
24;35;0;287;0;333
74;35;0;287;0;333
75;35;0;287;0;333
110;35;0;287;0;333
15;36;0;1254;0;333
21;36;0;623;0;333
22;36;0;287;0;333
23;36;0;287;0;333
24;36;0;287;0;333
74;36;0;287;0;333
75;36;0;287;0;333
82;36;0;287;0;333
83;36;0;287;0;333
84;36;0;287;0;333
108;36;0;287;0;333
109;36;0;287;0;333
110;36;0;287;0;333
13;37;0;914;0;333
21;37;0;623;0;333
22;37;0;287;0;333
23;37;0;287;0;333
24;37;0;287;0;333
75;37;0;287;0;333
76;37;0;287;0;333
77;37;0;287;0;333
78;37;0;287;0;333
79;37;0;287;0;333
80;37;0;287;0;333
81;37;0;287;0;333
82;37;0;287;0;333
83;37;0;287;0;333
84;37;0;287;0;333
85;37;0;287;0;333
86;37;0;287;0;333
87;37;0;287;0;333
88;37;0;287;0;333
89;37;0;287;0;333
90;37;0;287;0;333
91;37;0;287;0;333
92;37;0;287;0;333
100;37;0;287;0;333
101;37;0;287;0;333
102;37;0;287;0;333
103;37;0;287;0;333
104;37;0;287;0;333
105;37;0;287;0;333
106;37;0;287;0;333
107;37;0;287;0;333
108;37;0;287;0;333
19;38;0;1246;0;333
22;38;0;630;0;333
23;38;0;287;0;333
24;38;0;287;0;333
90;38;0;287;0;333
91;38;0;287;0;333
92;38;0;287;0;333
93;38;0;287;0;333
94;38;0;287;0;333
95;38;0;287;0;333
96;38;0;287;0;333
97;38;0;287;0;333
98;38;0;287;0;333
99;38;0;287;0;333
100;38;0;287;0;333
14;39;0;627;0;333
15;39;0;626;0;333
19;39;0;422;0;333
22;39;0;596;0;333
23;39;0;287;0;333
24;39;0;287;0;333
90;39;0;287;0;333
91;39;0;287;0;333
92;39;0;287;0;333
93;39;0;287;0;333
94;39;0;287;0;333
95;39;0;287;0;333
96;39;0;287;0;333
97;39;0;287;0;333
98;39;0;287;0;333
99;39;0;287;0;333
100;39;0;287;0;333
14;40;0;629;0;333
15;40;0;628;0;333
19;40;0;627;0;333
20;40;0;626;0;333
22;40;0;623;0;333
23;40;0;287;0;333
24;40;0;287;0;333
14;41;0;914;0;333
19;41;0;629;0;333
20;41;0;628;0;333
22;41;0;596;0;333
23;41;0;287;0;333
24;41;0;287;0;333
14;42;0;1272;0;333
22;42;0;623;0;333
23;42;0;287;0;333
24;42;0;287;0;333
20;43;0;1254;0;333
22;43;0;596;0;333
23;43;0;287;0;333
24;43;0;287;0;333
12;44;0;287;0;333
21;44;0;409;0;333
22;44;0;623;0;333
23;44;0;287;0;333
24;44;0;287;0;333
12;45;0;287;0;333
13;45;0;287;0;333
22;45;0;596;0;333
23;45;0;287;0;333
24;45;0;287;0;333
12;46;0;287;0;333
13;46;0;287;0;333
21;46;0;1246;0;333
22;46;0;287;0;333
23;46;0;287;0;333
24;46;0;287;0;333
12;47;0;287;0;333
13;47;0;287;0;333
14;47;0;287;0;333
20;47;0;1272;0;333
22;47;0;287;0;333
23;47;0;287;0;333
24;47;0;287;0;333
12;48;0;287;0;333
13;48;0;287;0;333
14;48;0;287;0;333
22;48;0;287;0;333
23;48;0;287;0;333
24;48;0;287;0;333
12;49;0;287;0;333
13;49;0;287;0;333
14;49;0;287;0;333
16;49;0;1272;0;333
20;49;0;914;0;333
22;49;0;287;0;333
23;49;0;287;0;333
24;49;0;287;0;333
12;50;0;287;0;333
13;50;0;287;0;333
14;50;0;287;0;333
16;50;0;914;0;333
22;50;0;287;0;333
23;50;0;287;0;333
24;50;0;287;0;333
