0;0;0;287;0;333
1;0;0;287;0;333
2;0;0;287;0;333
3;0;0;287;0;333
4;0;0;287;0;333
5;0;0;287;0;333
6;0;0;287;0;333
7;0;0;287;0;333
7;0;0;287;0;333
8;0;0;287;0;333
9;0;0;287;0;333
10;0;0;287;0;333
11;0;0;287;0;333
12;0;0;287;0;333
13;0;0;287;0;333
14;0;0;287;0;333
15;0;0;287;0;333
16;0;0;287;0;333
17;0;0;287;0;333
18;0;0;287;0;333
19;0;0;287;0;333
20;0;0;287;0;333
21;0;0;287;0;333
22;0;0;287;0;333
23;0;0;287;0;333
24;0;0;287;0;333
25;0;0;287;0;333
26;0;0;287;0;333
27;0;0;287;0;333
28;0;0;287;0;333
29;0;0;287;0;333
30;0;0;287;0;333
31;0;0;287;0;333
32;0;0;287;0;333
33;0;0;287;0;333
34;0;0;287;0;333
35;0;0;287;0;333
36;0;0;287;0;333
37;0;0;287;0;333
38;0;0;287;0;333
39;0;0;287;0;333
40;0;0;287;0;333
41;0;0;287;0;333
42;0;0;287;0;333
43;0;0;287;0;333
44;0;0;287;0;333
45;0;0;287;0;333
46;0;0;287;0;333
47;0;0;287;0;333
48;0;0;287;0;333
49;0;0;287;0;333
50;0;0;287;0;333
51;0;0;287;0;333
52;0;0;287;0;333
53;0;0;287;0;333
54;0;0;287;0;333
54;0;0;287;0;333
55;0;0;287;0;333
58;0;0;232;0;333
61;0;0;1817;0;333
62;0;0;627;0;333
63;0;0;626;0;333
0;1;0;287;0;333
1;1;0;287;0;333
2;1;0;287;0;333
3;1;0;287;0;333
4;1;0;287;0;333
5;1;0;287;0;333
6;1;0;287;0;333
7;1;0;287;0;333
7;1;0;287;0;333
8;1;0;287;0;333
9;1;0;287;0;333
10;1;0;287;0;333
11;1;0;287;0;333
12;1;0;287;0;333
13;1;0;287;0;333
14;1;0;287;0;333
15;1;0;287;0;333
16;1;0;287;0;333
17;1;0;287;0;333
18;1;0;287;0;333
19;1;0;287;0;333
20;1;0;287;0;333
21;1;0;287;0;333
22;1;0;287;0;333
23;1;0;287;0;333
24;1;0;287;0;333
25;1;0;287;0;333
26;1;0;287;0;333
27;1;0;287;0;333
28;1;0;287;0;333
29;1;0;287;0;333
30;1;0;287;0;333
31;1;0;287;0;333
32;1;0;287;0;333
33;1;0;287;0;333
34;1;0;287;0;333
35;1;0;287;0;333
36;1;0;287;0;333
37;1;0;287;0;333
38;1;0;287;0;333
39;1;0;287;0;333
40;1;0;287;0;333
41;1;0;287;0;333
42;1;0;287;0;333
43;1;0;287;0;333
44;1;0;287;0;333
45;1;0;287;0;333
46;1;0;287;0;333
47;1;0;287;0;333
48;1;0;287;0;333
49;1;0;287;0;333
50;1;0;287;0;333
51;1;0;287;0;333
52;1;0;287;0;333
53;1;0;287;0;333
54;1;0;287;0;333
54;1;0;287;0;333
55;1;0;287;0;333
58;1;0;274;0;333
61;1;0;274;0;333
62;1;0;629;0;333
63;1;0;627;0;333
64;1;0;626;0;333
0;2;0;287;0;333
1;2;0;287;0;333
2;2;0;287;0;333
3;2;0;287;0;333
4;2;0;287;0;333
5;2;0;287;0;333
6;2;0;287;0;333
7;2;0;287;0;333
7;2;0;287;0;333
8;2;0;287;0;333
9;2;0;287;0;333
10;2;0;287;0;333
11;2;0;287;0;333
12;2;0;287;0;333
13;2;0;287;0;333
14;2;0;287;0;333
15;2;0;287;0;333
16;2;0;287;0;333
17;2;0;287;0;333
18;2;0;287;0;333
19;2;0;287;0;333
20;2;0;287;0;333
21;2;0;287;0;333
22;2;0;287;0;333
23;2;0;287;0;333
24;2;0;287;0;333
25;2;0;287;0;333
26;2;0;287;0;333
27;2;0;287;0;333
28;2;0;287;0;333
29;2;0;287;0;333
30;2;0;287;0;333
31;2;0;287;0;333
32;2;0;287;0;333
33;2;0;287;0;333
34;2;0;287;0;333
35;2;0;287;0;333
36;2;0;287;0;333
37;2;0;287;0;333
38;2;0;287;0;333
39;2;0;287;0;333
40;2;0;287;0;333
41;2;0;287;0;333
42;2;0;287;0;333
43;2;0;287;0;333
44;2;0;287;0;333
45;2;0;287;0;333
46;2;0;287;0;333
47;2;0;287;0;333
48;2;0;287;0;333
49;2;0;287;0;333
50;2;0;287;0;333
51;2;0;287;0;333
52;2;0;287;0;333
53;2;0;287;0;333
54;2;0;287;0;333
61;2;0;1783;0;333
63;2;0;629;0;333
64;2;0;628;0;333
0;3;0;287;0;333
1;3;0;287;0;333
2;3;0;287;0;333
3;3;0;287;0;333
4;3;0;287;0;333
5;3;0;287;0;333
6;3;0;287;0;333
7;3;0;287;0;333
8;3;0;287;0;333
9;3;0;287;0;333
10;3;0;287;0;333
11;3;0;287;0;333
12;3;0;287;0;333
13;3;0;287;0;333
14;3;0;287;0;333
15;3;0;287;0;333
16;3;0;287;0;333
17;3;0;287;0;333
18;3;0;287;0;333
19;3;0;287;0;333
20;3;0;287;0;333
21;3;0;287;0;333
22;3;0;287;0;333
23;3;0;287;0;333
24;3;0;287;0;333
25;3;0;287;0;333
26;3;0;287;0;333
27;3;0;287;0;333
28;3;0;287;0;333
29;3;0;287;0;333
30;3;0;287;0;333
31;3;0;287;0;333
32;3;0;287;0;333
33;3;0;287;0;333
34;3;0;287;0;333
35;3;0;287;0;333
36;3;0;287;0;333
37;3;0;287;0;333
38;3;0;287;0;333
39;3;0;287;0;333
40;3;0;287;0;333
41;3;0;287;0;333
42;3;0;287;0;333
43;3;0;287;0;333
44;3;0;287;0;333
45;3;0;287;0;333
46;3;0;287;0;333
47;3;0;287;0;333
48;3;0;287;0;333
49;3;0;287;0;333
50;3;0;287;0;333
51;3;0;287;0;333
52;3;0;287;0;333
53;3;0;287;0;333
63;3;0;627;0;333
64;3;0;626;0;333
0;4;0;287;0;333
1;4;0;287;0;333
2;4;0;287;0;333
3;4;0;287;0;333
4;4;0;287;0;333
5;4;0;287;0;333
6;4;0;287;0;333
7;4;0;287;0;333
8;4;0;287;0;333
9;4;0;287;0;333
10;4;0;287;0;333
11;4;0;287;0;333
12;4;0;287;0;333
13;4;0;287;0;333
14;4;0;287;0;333
15;4;0;287;0;333
16;4;0;287;0;333
17;4;0;287;0;333
18;4;0;287;0;333
19;4;0;287;0;333
20;4;0;287;0;333
21;4;0;287;0;333
22;4;0;287;0;333
23;4;0;287;0;333
24;4;0;287;0;333
25;4;0;287;0;333
26;4;0;287;0;333
27;4;0;287;0;333
28;4;0;287;0;333
29;4;0;287;0;333
30;4;0;287;0;333
31;4;0;287;0;333
32;4;0;287;0;333
33;4;0;287;0;333
34;4;0;287;0;333
35;4;0;287;0;333
36;4;0;287;0;333
37;4;0;287;0;333
38;4;0;287;0;333
39;4;0;287;0;333
40;4;0;287;0;333
41;4;0;287;0;333
42;4;0;287;0;333
43;4;0;287;0;333
44;4;0;287;0;333
45;4;0;287;0;333
46;4;0;287;0;333
47;4;0;287;0;333
48;4;0;287;0;333
49;4;0;287;0;333
50;4;0;287;0;333
51;4;0;287;0;333
52;4;0;287;0;333
52;4;0;287;0;333
53;4;0;287;0;333
59;4;0;1783;0;333
61;4;0;914;0;333
63;4;0;627;0;333
64;4;0;626;0;333
0;5;0;287;0;333
1;5;0;287;0;333
2;5;0;287;0;333
3;5;0;287;0;333
4;5;0;287;0;333
5;5;0;287;0;333
6;5;0;287;0;333
7;5;0;287;0;333
8;5;0;287;0;333
9;5;0;287;0;333
10;5;0;287;0;333
11;5;0;287;0;333
12;5;0;287;0;333
13;5;0;287;0;333
14;5;0;287;0;333
15;5;0;287;0;333
16;5;0;287;0;333
17;5;0;287;0;333
18;5;0;287;0;333
19;5;0;287;0;333
20;5;0;287;0;333
21;5;0;287;0;333
22;5;0;287;0;333
23;5;0;287;0;333
24;5;0;287;0;333
25;5;0;287;0;333
26;5;0;287;0;333
27;5;0;287;0;333
28;5;0;287;0;333
29;5;0;287;0;333
30;5;0;287;0;333
31;5;0;287;0;333
32;5;0;287;0;333
33;5;0;287;0;333
34;5;0;287;0;333
35;5;0;287;0;333
36;5;0;287;0;333
37;5;0;287;0;333
38;5;0;287;0;333
39;5;0;287;0;333
40;5;0;287;0;333
41;5;0;287;0;333
42;5;0;287;0;333
43;5;0;287;0;333
44;5;0;287;0;333
45;5;0;287;0;333
46;5;0;287;0;333
47;5;0;287;0;333
48;5;0;287;0;333
49;5;0;287;0;333
50;5;0;287;0;333
51;5;0;287;0;333
52;5;0;287;0;333
52;5;0;287;0;333
53;5;0;287;0;333
63;5;0;629;0;333
64;5;0;627;0;333
65;5;0;626;0;333
0;6;0;287;0;333
1;6;0;287;0;333
2;6;0;287;0;333
3;6;0;287;0;333
4;6;0;287;0;333
5;6;0;287;0;333
6;6;0;287;0;333
7;6;0;287;0;333
8;6;0;287;0;333
9;6;0;287;0;333
10;6;0;287;0;333
11;6;0;287;0;333
12;6;0;287;0;333
13;6;0;287;0;333
14;6;0;287;0;333
15;6;0;287;0;333
16;6;0;287;0;333
17;6;0;287;0;333
18;6;0;287;0;333
19;6;0;287;0;333
20;6;0;287;0;333
21;6;0;287;0;333
22;6;0;287;0;333
23;6;0;287;0;333
24;6;0;287;0;333
25;6;0;287;0;333
26;6;0;287;0;333
27;6;0;287;0;333
28;6;0;287;0;333
29;6;0;287;0;333
30;6;0;287;0;333
31;6;0;287;0;333
32;6;0;287;0;333
33;6;0;287;0;333
34;6;0;287;0;333
35;6;0;287;0;333
36;6;0;287;0;333
37;6;0;287;0;333
38;6;0;287;0;333
39;6;0;287;0;333
40;6;0;287;0;333
41;6;0;287;0;333
42;6;0;287;0;333
43;6;0;287;0;333
44;6;0;287;0;333
45;6;0;287;0;333
46;6;0;287;0;333
47;6;0;287;0;333
48;6;0;287;0;333
49;6;0;287;0;333
50;6;0;287;0;333
51;6;0;287;0;333
52;6;0;287;0;333
52;6;0;287;0;333
53;6;0;287;0;333
62;6;0;1817;0;333
63;6;0;274;0;333
64;6;0;629;0;333
65;6;0;628;0;333
0;7;0;287;0;333
1;7;0;287;0;333
2;7;0;287;0;333
3;7;0;287;0;333
4;7;0;287;0;333
5;7;0;287;0;333
6;7;0;287;0;333
7;7;0;287;0;333
8;7;0;287;0;333
9;7;0;287;0;333
10;7;0;287;0;333
11;7;0;287;0;333
12;7;0;287;0;333
13;7;0;287;0;333
14;7;0;287;0;333
15;7;0;287;0;333
16;7;0;287;0;333
17;7;0;287;0;333
18;7;0;287;0;333
19;7;0;287;0;333
20;7;0;287;0;333
21;7;0;287;0;333
22;7;0;287;0;333
23;7;0;287;0;333
24;7;0;287;0;333
25;7;0;287;0;333
26;7;0;287;0;333
27;7;0;287;0;333
28;7;0;287;0;333
29;7;0;287;0;333
30;7;0;287;0;333
31;7;0;287;0;333
32;7;0;287;0;333
33;7;0;287;0;333
34;7;0;287;0;333
35;7;0;287;0;333
36;7;0;287;0;333
37;7;0;287;0;333
38;7;0;287;0;333
39;7;0;287;0;333
40;7;0;287;0;333
41;7;0;287;0;333
42;7;0;287;0;333
43;7;0;287;0;333
44;7;0;287;0;333
45;7;0;287;0;333
46;7;0;287;0;333
47;7;0;287;0;333
48;7;0;287;0;333
49;7;0;287;0;333
50;7;0;287;0;333
51;7;0;287;0;333
52;7;0;287;0;333
59;7;0;1783;0;333
62;7;0;274;0;333
63;7;0;627;0;333
64;7;0;626;0;333
65;7;0;626;0;333
0;8;0;287;0;333
1;8;0;287;0;333
2;8;0;287;0;333
3;8;0;287;0;333
4;8;0;287;0;333
5;8;0;287;0;333
6;8;0;287;0;333
7;8;0;287;0;333
8;8;0;287;0;333
9;8;0;287;0;333
10;8;0;287;0;333
11;8;0;287;0;333
12;8;0;287;0;333
13;8;0;287;0;333
14;8;0;287;0;333
15;8;0;287;0;333
16;8;0;287;0;333
17;8;0;287;0;333
18;8;0;287;0;333
19;8;0;287;0;333
20;8;0;287;0;333
21;8;0;287;0;333
22;8;0;287;0;333
23;8;0;287;0;333
24;8;0;287;0;333
25;8;0;287;0;333
26;8;0;287;0;333
27;8;0;287;0;333
28;8;0;287;0;333
29;8;0;287;0;333
30;8;0;287;0;333
31;8;0;287;0;333
32;8;0;287;0;333
33;8;0;287;0;333
34;8;0;287;0;333
35;8;0;287;0;333
36;8;0;287;0;333
37;8;0;287;0;333
38;8;0;287;0;333
39;8;0;287;0;333
40;8;0;287;0;333
41;8;0;287;0;333
42;8;0;287;0;333
43;8;0;287;0;333
44;8;0;287;0;333
45;8;0;287;0;333
46;8;0;287;0;333
47;8;0;287;0;333
48;8;0;287;0;333
49;8;0;287;0;333
50;8;0;287;0;333
51;8;0;287;0;333
52;8;0;287;0;333
62;8;0;627;0;333
63;8;0;629;0;333
64;8;0;628;0;333
65;8;0;628;0;333
0;9;0;287;0;333
1;9;0;287;0;333
2;9;0;287;0;333
3;9;0;287;0;333
4;9;0;287;0;333
5;9;0;287;0;333
6;9;0;287;0;333
7;9;0;287;0;333
8;9;0;287;0;333
9;9;0;287;0;333
10;9;0;287;0;333
11;9;0;287;0;333
12;9;0;287;0;333
13;9;0;287;0;333
14;9;0;287;0;333
15;9;0;287;0;333
16;9;0;287;0;333
17;9;0;287;0;333
18;9;0;287;0;333
19;9;0;287;0;333
20;9;0;287;0;333
21;9;0;287;0;333
22;9;0;287;0;333
23;9;0;287;0;333
24;9;0;287;0;333
25;9;0;287;0;333
26;9;0;287;0;333
27;9;0;287;0;333
28;9;0;287;0;333
29;9;0;287;0;333
30;9;0;287;0;333
31;9;0;287;0;333
32;9;0;287;0;333
33;9;0;287;0;333
34;9;0;287;0;333
35;9;0;287;0;333
36;9;0;287;0;333
37;9;0;287;0;333
38;9;0;287;0;333
39;9;0;287;0;333
40;9;0;287;0;333
41;9;0;287;0;333
42;9;0;287;0;333
43;9;0;287;0;333
44;9;0;287;0;333
45;9;0;287;0;333
46;9;0;287;0;333
47;9;0;287;0;333
48;9;0;287;0;333
49;9;0;287;0;333
50;9;0;287;0;333
51;9;0;287;0;333
52;9;0;287;0;333
62;9;0;629;0;333
63;9;0;628;0;333
64;9;0;1246;0;333
0;10;0;287;0;333
1;10;0;287;0;333
2;10;0;287;0;333
3;10;0;287;0;333
4;10;0;287;0;333
5;10;0;287;0;333
6;10;0;287;0;333
7;10;0;287;0;333
8;10;0;287;0;333
9;10;0;287;0;333
10;10;0;287;0;333
11;10;0;287;0;333
12;10;0;287;0;333
13;10;0;287;0;333
14;10;0;287;0;333
15;10;0;287;0;333
16;10;0;287;0;333
17;10;0;287;0;333
18;10;0;287;0;333
19;10;0;287;0;333
20;10;0;287;0;333
21;10;0;287;0;333
22;10;0;287;0;333
23;10;0;287;0;333
24;10;0;287;0;333
25;10;0;287;0;333
26;10;0;287;0;333
27;10;0;287;0;333
28;10;0;287;0;333
29;10;0;287;0;333
30;10;0;287;0;333
31;10;0;287;0;333
32;10;0;287;0;333
33;10;0;287;0;333
34;10;0;287;0;333
35;10;0;287;0;333
36;10;0;287;0;333
37;10;0;287;0;333
38;10;0;287;0;333
39;10;0;287;0;333
40;10;0;287;0;333
41;10;0;287;0;333
42;10;0;287;0;333
43;10;0;287;0;333
44;10;0;287;0;333
45;10;0;287;0;333
46;10;0;287;0;333
47;10;0;287;0;333
48;10;0;287;0;333
49;10;0;287;0;333
50;10;0;287;0;333
51;10;0;287;0;333
52;10;0;287;0;333
62;10;0;1245;0;333
64;10;0;1245;0;333
0;11;0;287;0;333
1;11;0;287;0;333
2;11;0;287;0;333
3;11;0;287;0;333
4;11;0;287;0;333
5;11;0;287;0;333
6;11;0;287;0;333
7;11;0;287;0;333
8;11;0;287;0;333
9;11;0;287;0;333
10;11;0;287;0;333
11;11;0;287;0;333
12;11;0;287;0;333
13;11;0;287;0;333
14;11;0;287;0;333
15;11;0;287;0;333
16;11;0;287;0;333
17;11;0;287;0;333
18;11;0;287;0;333
19;11;0;287;0;333
20;11;0;287;0;333
21;11;0;287;0;333
22;11;0;287;0;333
23;11;0;287;0;333
24;11;0;287;0;333
25;11;0;287;0;333
26;11;0;287;0;333
27;11;0;287;0;333
28;11;0;287;0;333
29;11;0;287;0;333
30;11;0;287;0;333
31;11;0;287;0;333
32;11;0;287;0;333
33;11;0;287;0;333
34;11;0;287;0;333
35;11;0;287;0;333
36;11;0;287;0;333
37;11;0;287;0;333
38;11;0;287;0;333
39;11;0;287;0;333
40;11;0;287;0;333
41;11;0;287;0;333
42;11;0;287;0;333
43;11;0;287;0;333
44;11;0;287;0;333
45;11;0;287;0;333
46;11;0;287;0;333
47;11;0;287;0;333
48;11;0;287;0;333
49;11;0;287;0;333
50;11;0;287;0;333
51;11;0;287;0;333
52;11;0;287;0;333
53;11;0;287;0;333
64;11;0;914;0;333
0;12;0;287;0;333
1;12;0;287;0;333
2;12;0;287;0;333
3;12;0;287;0;333
4;12;0;287;0;333
5;12;0;287;0;333
6;12;0;287;0;333
7;12;0;287;0;333
8;12;0;287;0;333
9;12;0;287;0;333
10;12;0;287;0;333
11;12;0;287;0;333
12;12;0;287;0;333
13;12;0;287;0;333
14;12;0;287;0;333
15;12;0;287;0;333
16;12;0;287;0;333
17;12;0;287;0;333
18;12;0;287;0;333
19;12;0;287;0;333
20;12;0;287;0;333
21;12;0;287;0;333
21;12;0;287;0;333
22;12;0;287;0;333
22;12;0;287;0;333
23;12;0;287;0;333
23;12;0;287;0;333
24;12;0;287;0;333
24;12;0;287;0;333
25;12;0;287;0;333
25;12;0;287;0;333
26;12;0;287;0;333
26;12;0;287;0;333
27;12;0;287;0;333
27;12;0;287;0;333
28;12;0;287;0;333
28;12;0;287;0;333
29;12;0;287;0;333
30;12;0;287;0;333
31;12;0;287;0;333
32;12;0;287;0;333
33;12;0;287;0;333
33;12;0;287;0;333
34;12;0;287;0;333
35;12;0;287;0;333
36;12;0;287;0;333
37;12;0;622;0;333
38;12;0;622;0;333
39;12;0;622;0;333
40;12;0;630;0;333
41;12;0;287;0;333
42;12;0;287;0;333
43;12;0;287;0;333
44;12;0;287;0;333
45;12;0;287;0;333
46;12;0;287;0;333
47;12;0;287;0;333
48;12;0;287;0;333
49;12;0;287;0;333
50;12;0;287;0;333
51;12;0;287;0;333
52;12;0;287;0;333
53;12;0;287;0;333
54;12;0;287;0;333
63;12;0;274;0;333
64;12;0;915;0;333
0;13;0;287;0;333
1;13;0;287;0;333
2;13;0;287;0;333
3;13;0;287;0;333
4;13;0;287;0;333
5;13;0;287;0;333
6;13;0;287;0;333
7;13;0;287;0;333
8;13;0;287;0;333
9;13;0;287;0;333
10;13;0;287;0;333
11;13;0;287;0;333
12;13;0;287;0;333
13;13;0;287;0;333
14;13;0;287;0;333
15;13;0;287;0;333
16;13;0;287;0;333
17;13;0;287;0;333
18;13;0;287;0;333
19;13;0;287;0;333
20;13;0;287;0;333
21;13;0;287;0;333
22;13;0;287;0;333
23;13;0;287;0;333
24;13;0;287;0;333
25;13;0;287;0;333
26;13;0;287;0;333
27;13;0;287;0;333
28;13;0;287;0;333
29;13;0;622;0;333
30;13;0;622;0;333
31;13;0;630;0;333
32;13;0;287;0;333
33;13;0;287;0;333
34;13;0;622;0;333
35;13;0;622;0;333
36;13;0;622;0;333
37;13;0;628;0;333
39;13;0;1245;0;333
40;13;0;623;0;333
41;13;0;287;0;333
42;13;0;287;0;333
43;13;0;287;0;333
44;13;0;287;0;333
45;13;0;287;0;333
46;13;0;287;0;333
47;13;0;287;0;333
48;13;0;287;0;333
49;13;0;287;0;333
50;13;0;287;0;333
51;13;0;287;0;333
52;13;0;287;0;333
53;13;0;287;0;333
54;13;0;287;0;333
64;13;0;1245;0;333
0;14;0;287;0;333
1;14;0;287;0;333
2;14;0;287;0;333
3;14;0;287;0;333
4;14;0;287;0;333
5;14;0;287;0;333
6;14;0;287;0;333
7;14;0;287;0;333
8;14;0;287;0;333
9;14;0;287;0;333
10;14;0;287;0;333
11;14;0;287;0;333
12;14;0;287;0;333
13;14;0;287;0;333
14;14;0;287;0;333
15;14;0;287;0;333
16;14;0;287;0;333
17;14;0;287;0;333
18;14;0;287;0;333
19;14;0;287;0;333
20;14;0;622;0;333
21;14;0;622;0;333
22;14;0;622;0;333
23;14;0;622;0;333
24;14;0;622;0;333
25;14;0;622;0;333
26;14;0;622;0;333
27;14;0;622;0;333
28;14;0;622;0;333
31;14;0;629;0;333
32;14;0;630;0;333
33;14;0;622;0;333
36;14;0;1246;0;333
40;14;0;623;0;333
41;14;0;287;0;333
42;14;0;287;0;333
43;14;0;287;0;333
44;14;0;287;0;333
45;14;0;287;0;333
46;14;0;287;0;333
47;14;0;287;0;333
48;14;0;287;0;333
49;14;0;287;0;333
50;14;0;287;0;333
51;14;0;287;0;333
52;14;0;287;0;333
53;14;0;287;0;333
54;14;0;287;0;333
55;14;0;287;0;333
61;14;0;1783;0;333
64;14;0;627;0;333
65;14;0;626;0;333
0;15;0;287;0;333
1;15;0;287;0;333
2;15;0;287;0;333
3;15;0;287;0;333
4;15;0;287;0;333
5;15;0;287;0;333
6;15;0;287;0;333
7;15;0;287;0;333
8;15;0;287;0;333
9;15;0;287;0;333
10;15;0;287;0;333
11;15;0;287;0;333
12;15;0;287;0;333
13;15;0;287;0;333
14;15;0;287;0;333
15;15;0;287;0;333
16;15;0;287;0;333
17;15;0;287;0;333
18;15;0;287;0;333
19;15;0;287;0;333
23;15;0;1254;0;333
27;15;0;628;0;333
30;15;0;915;0;333
32;15;0;629;0;333
38;15;0;35;0;333
40;15;0;623;0;333
41;15;0;287;0;333
42;15;0;287;0;333
43;15;0;287;0;333
44;15;0;287;0;333
45;15;0;287;0;333
46;15;0;287;0;333
47;15;0;287;0;333
48;15;0;287;0;333
49;15;0;287;0;333
50;15;0;287;0;333
51;15;0;287;0;333
52;15;0;287;0;333
53;15;0;287;0;333
54;15;0;287;0;333
55;15;0;287;0;333
64;15;0;627;0;333
65;15;0;627;0;333
66;15;0;626;0;333
0;16;0;287;0;333
1;16;0;287;0;333
2;16;0;287;0;333
3;16;0;287;0;333
4;16;0;287;0;333
5;16;0;287;0;333
6;16;0;287;0;333
7;16;0;287;0;333
8;16;0;287;0;333
9;16;0;287;0;333
10;16;0;287;0;333
11;16;0;287;0;333
12;16;0;287;0;333
13;16;0;287;0;333
14;16;0;287;0;333
15;16;0;287;0;333
16;16;0;287;0;333
17;16;0;287;0;333
18;16;0;287;0;333
19;16;0;287;0;333
39;16;0;627;0;333
40;16;0;623;0;333
41;16;0;287;0;333
42;16;0;287;0;333
43;16;0;287;0;333
44;16;0;287;0;333
45;16;0;287;0;333
46;16;0;287;0;333
47;16;0;287;0;333
48;16;0;287;0;333
49;16;0;287;0;333
50;16;0;287;0;333
51;16;0;287;0;333
52;16;0;287;0;333
53;16;0;287;0;333
54;16;0;287;0;333
55;16;0;287;0;333
56;16;0;287;0;333
64;16;0;629;0;333
65;16;0;629;0;333
66;16;0;628;0;333
0;17;0;287;0;333
1;17;0;287;0;333
2;17;0;287;0;333
3;17;0;287;0;333
4;17;0;287;0;333
5;17;0;287;0;333
6;17;0;287;0;333
7;17;0;287;0;333
8;17;0;287;0;333
9;17;0;287;0;333
10;17;0;287;0;333
11;17;0;287;0;333
12;17;0;287;0;333
13;17;0;287;0;333
14;17;0;287;0;333
15;17;0;287;0;333
16;17;0;287;0;333
17;17;0;287;0;333
18;17;0;287;0;333
19;17;0;287;0;333
39;17;0;623;0;333
40;17;0;287;0;333
41;17;0;287;0;333
42;17;0;287;0;333
43;17;0;287;0;333
44;17;0;287;0;333
45;17;0;287;0;333
46;17;0;287;0;333
47;17;0;287;0;333
48;17;0;287;0;333
49;17;0;287;0;333
50;17;0;287;0;333
51;17;0;287;0;333
52;17;0;287;0;333
53;17;0;287;0;333
54;17;0;287;0;333
55;17;0;287;0;333
56;17;0;287;0;333
57;17;0;287;0;333
63;17;0;274;0;333
65;17;0;627;0;333
66;17;0;626;0;333
0;18;0;287;0;333
1;18;0;287;0;333
2;18;0;287;0;333
3;18;0;287;0;333
4;18;0;287;0;333
5;18;0;287;0;333
6;18;0;287;0;333
7;18;0;287;0;333
8;18;0;287;0;333
9;18;0;287;0;333
10;18;0;287;0;333
11;18;0;287;0;333
12;18;0;287;0;333
13;18;0;287;0;333
14;18;0;287;0;333
15;18;0;287;0;333
16;18;0;287;0;333
16;18;0;287;0;333
17;18;0;287;0;333
18;18;0;287;0;333
19;18;0;287;0;333
34;18;0;1246;0;333
35;18;0;627;0;333
36;18;0;627;0;333
37;18;0;627;0;333
38;18;0;623;0;333
39;18;0;287;0;333
40;18;0;287;0;333
41;18;0;287;0;333
42;18;0;287;0;333
43;18;0;287;0;333
44;18;0;287;0;333
45;18;0;287;0;333
46;18;0;287;0;333
47;18;0;287;0;333
48;18;0;287;0;333
49;18;0;287;0;333
50;18;0;287;0;333
51;18;0;287;0;333
52;18;0;287;0;333
53;18;0;287;0;333
54;18;0;287;0;333
55;18;0;287;0;333
56;18;0;287;0;333
57;18;0;287;0;333
65;18;0;627;0;333
66;18;0;627;0;333
67;18;0;626;0;333
0;19;0;287;0;333
1;19;0;287;0;333
2;19;0;287;0;333
3;19;0;287;0;333
4;19;0;622;0;333
5;19;0;622;0;333
6;19;0;622;0;333
7;19;0;630;0;333
8;19;0;287;0;333
9;19;0;287;0;333
10;19;0;287;0;333
11;19;0;287;0;333
12;19;0;287;0;333
13;19;0;287;0;333
14;19;0;287;0;333
14;19;0;287;0;333
15;19;0;287;0;333
16;19;0;287;0;333
17;19;0;287;0;333
17;19;0;287;0;333
18;19;0;287;0;333
18;19;0;287;0;333
18;19;0;287;0;333
18;19;0;287;0;333
19;19;0;287;0;333
19;19;0;287;0;333
20;19;0;599;0;333
21;19;0;596;0;333
22;19;0;287;0;333
23;19;0;287;0;333
35;19;0;623;0;333
36;19;0;287;0;333
37;19;0;287;0;333
38;19;0;287;0;333
39;19;0;287;0;333
40;19;0;287;0;333
41;19;0;287;0;333
42;19;0;287;0;333
43;19;0;287;0;333
44;19;0;287;0;333
45;19;0;287;0;333
46;19;0;287;0;333
47;19;0;287;0;333
48;19;0;287;0;333
49;19;0;287;0;333
50;19;0;287;0;333
51;19;0;287;0;333
52;19;0;287;0;333
53;19;0;287;0;333
54;19;0;287;0;333
55;19;0;287;0;333
56;19;0;287;0;333
57;19;0;287;0;333
63;19;0;627;0;333
64;19;0;626;0;333
65;19;0;629;0;333
66;19;0;629;0;333
67;19;0;628;0;333
0;20;0;622;0;333
1;20;0;622;0;333
2;20;0;622;0;333
3;20;0;622;0;333
4;20;0;628;0;333
5;20;0;301;0;333
6;20;0;301;0;333
7;20;0;629;0;333
8;20;0;622;0;333
9;20;0;630;0;333
10;20;0;287;0;333
11;20;0;287;0;333
12;20;0;287;0;333
13;20;0;287;0;333
14;20;0;287;0;333
15;20;0;287;0;333
16;20;0;287;0;333
17;20;0;287;0;333
18;20;0;622;0;333
19;20;0;622;0;333
22;20;0;630;0;333
23;20;0;287;0;333
24;20;0;287;0;333
25;20;0;287;0;333
26;20;0;287;0;333
35;20;0;629;0;333
36;20;0;630;0;333
37;20;0;287;0;333
38;20;0;287;0;333
39;20;0;287;0;333
40;20;0;287;0;333
41;20;0;287;0;333
42;20;0;287;0;333
43;20;0;287;0;333
44;20;0;287;0;333
45;20;0;287;0;333
46;20;0;287;0;333
47;20;0;287;0;333
48;20;0;287;0;333
49;20;0;287;0;333
50;20;0;287;0;333
51;20;0;287;0;333
52;20;0;287;0;333
53;20;0;287;0;333
54;20;0;287;0;333
55;20;0;287;0;333
56;20;0;287;0;333
57;20;0;287;0;333
63;20;0;629;0;333
64;20;0;628;0;333
65;20;0;627;0;333
66;20;0;626;0;333
1;21;0;628;0;333
2;21;0;273;0;333
3;21;0;914;0;333
4;21;0;1245;0;333
9;21;0;629;0;333
10;21;0;630;0;333
11;21;0;287;0;333
12;21;0;287;0;333
13;21;0;287;0;333
14;21;0;287;0;333
15;21;0;622;0;333
16;21;0;622;0;333
17;21;0;622;0;333
18;21;0;628;0;333
22;21;0;629;0;333
23;21;0;622;0;333
24;21;0;622;0;333
25;21;0;622;0;333
26;21;0;630;0;333
27;21;0;287;0;333
28;21;0;287;0;333
36;21;0;629;0;333
37;21;0;630;0;333
38;21;0;287;0;333
39;21;0;287;0;333
40;21;0;287;0;333
41;21;0;287;0;333
42;21;0;287;0;333
43;21;0;287;0;333
44;21;0;287;0;333
45;21;0;287;0;333
46;21;0;287;0;333
47;21;0;287;0;333
48;21;0;287;0;333
49;21;0;287;0;333
50;21;0;287;0;333
51;21;0;287;0;333
52;21;0;287;0;333
53;21;0;287;0;333
54;21;0;287;0;333
55;21;0;287;0;333
56;21;0;287;0;333
57;21;0;287;0;333
60;21;0;1783;0;333
65;21;0;629;0;333
66;21;0;628;0;333
67;21;0;1246;0;333
0;22;0;274;0;333
9;22;0;1246;0;333
10;22;0;629;0;333
11;22;0;622;0;333
12;22;0;622;0;333
13;22;0;622;0;333
14;22;0;622;0;333
15;22;0;628;0;333
16;22;0;273;0;333
17;22;0;1246;0;333
19;22;0;1783;0;333
23;22;0;628;0;333
26;22;0;629;0;333
27;22;0;622;0;333
28;22;0;630;0;333
29;22;0;287;0;333
30;22;0;287;0;333
37;22;0;623;0;333
38;22;0;287;0;333
39;22;0;287;0;333
40;22;0;287;0;333
41;22;0;287;0;333
42;22;0;287;0;333
43;22;0;287;0;333
44;22;0;287;0;333
45;22;0;287;0;333
46;22;0;287;0;333
47;22;0;287;0;333
48;22;0;287;0;333
49;22;0;287;0;333
50;22;0;287;0;333
51;22;0;287;0;333
52;22;0;287;0;333
53;22;0;287;0;333
54;22;0;287;0;333
55;22;0;287;0;333
56;22;0;287;0;333
56;22;0;287;0;333
57;22;0;287;0;333
64;22;0;1817;0;333
66;22;0;1245;0;333
67;22;0;1246;0;333
4;23;0;1817;0;333
6;23;0;627;0;333
7;23;0;626;0;333
11;23;0;628;0;333
12;23;0;1245;0;333
13;23;0;628;0;333
26;23;0;274;0;333
27;23;0;301;0;333
28;23;0;629;0;333
29;23;0;622;0;333
30;23;0;630;0;333
31;23;0;287;0;333
37;23;0;623;0;333
38;23;0;287;0;333
39;23;0;287;0;333
40;23;0;287;0;333
41;23;0;287;0;333
42;23;0;287;0;333
43;23;0;287;0;333
44;23;0;287;0;333
45;23;0;287;0;333
46;23;0;287;0;333
47;23;0;287;0;333
48;23;0;287;0;333
49;23;0;287;0;333
50;23;0;287;0;333
51;23;0;287;0;333
52;23;0;287;0;333
53;23;0;287;0;333
54;23;0;287;0;333
55;23;0;287;0;333
56;23;0;287;0;333
62;23;0;914;0;333
65;23;0;1783;0;333
67;23;0;627;0;333
68;23;0;626;0;333
0;24;0;627;0;333
1;24;0;626;0;333
5;24;0;915;0;333
6;24;0;629;0;333
7;24;0;628;0;333
9;24;0;308;0;333
10;24;0;1245;0;333
11;24;0;2169;0;333
13;24;0;1783;0;333
14;24;0;273;0;333
16;24;0;308;0;333
19;24;0;627;0;333
20;24;0;626;0;333
24;24;0;561;0;333
27;24;0;273;0;333
28;24;0;914;0;333
29;24;0;1245;0;333
30;24;0;623;0;333
31;24;0;287;0;333
36;24;0;627;0;333
37;24;0;623;0;333
38;24;0;287;0;333
39;24;0;287;0;333
39;24;0;287;0;333
40;24;0;287;0;333
40;24;0;287;0;333
41;24;0;287;0;333
41;24;0;287;0;333
42;24;0;287;0;333
43;24;0;287;0;333
44;24;0;287;0;333
45;24;0;287;0;333
46;24;0;287;0;333
47;24;0;287;0;333
48;24;0;287;0;333
49;24;0;287;0;333
50;24;0;287;0;333
51;24;0;287;0;333
52;24;0;287;0;333
53;24;0;287;0;333
54;24;0;287;0;333
55;24;0;287;0;333
56;24;0;287;0;333
65;24;0;274;0;333
67;24;0;629;0;333
68;24;0;628;0;333
0;25;0;629;0;333
1;25;0;627;0;333
2;25;0;626;0;333
14;25;0;914;0;333
18;25;0;274;0;333
19;25;0;629;0;333
20;25;0;628;0;333
22;25;0;1817;0;333
24;25;0;274;0;333
29;25;0;627;0;333
30;25;0;623;0;333
31;25;0;287;0;333
36;25;0;404;0;333
36;25;0;2588;0;333
37;25;0;629;0;333
38;25;0;630;0;333
39;25;0;287;0;333
43;25;0;287;0;333
44;25;0;287;0;333
45;25;0;287;0;333
46;25;0;287;0;333
47;25;0;287;0;333
48;25;0;287;0;333
49;25;0;287;0;333
50;25;0;287;0;333
51;25;0;287;0;333
52;25;0;287;0;333
53;25;0;287;0;333
54;25;0;287;0;333
55;25;0;287;0;333
56;25;0;287;0;333
66;25;0;915;0;333
68;25;0;627;0;333
69;25;0;626;0;333
70;25;0;627;0;333
71;25;0;626;0;333
1;26;0;629;0;333
2;26;0;628;0;333
7;26;0;274;0;333
18;26;0;915;0;333
19;26;0;1245;0;333
20;26;0;274;0;333
28;26;0;627;0;333
29;26;0;623;0;333
30;26;0;287;0;333
31;26;0;287;0;333
36;26;0;915;0;333
38;26;0;629;0;333
39;26;0;287;0;333
43;26;0;287;0;333
44;26;0;287;0;333
45;26;0;287;0;333
46;26;0;287;0;333
47;26;0;287;0;333
48;26;0;287;0;333
49;26;0;287;0;333
50;26;0;287;0;333
51;26;0;287;0;333
52;26;0;287;0;333
53;26;0;287;0;333
54;26;0;287;0;333
55;26;0;287;0;333
56;26;0;287;0;333
57;26;0;287;0;333
67;26;0;273;0;333
68;26;0;629;0;333
69;26;0;628;0;333
70;26;0;629;0;333
71;26;0;628;0;333
1;27;0;627;0;333
2;27;0;626;0;333
4;27;0;308;0;333
17;27;0;1272;0;333
25;27;0;1272;0;333
27;27;0;627;0;333
28;27;0;623;0;333
29;27;0;287;0;333
30;27;0;287;0;333
31;27;0;622;0;333
39;27;0;496;3001;333
43;27;0;287;0;333
44;27;0;287;0;333
45;27;0;287;0;333
46;27;0;287;0;333
47;27;0;287;0;333
48;27;0;287;0;333
49;27;0;287;0;333
50;27;0;287;0;333
51;27;0;287;0;333
52;27;0;287;0;333
53;27;0;287;0;333
54;27;0;287;0;333
55;27;0;287;0;333
56;27;0;287;0;333
57;27;0;287;0;333
70;27;0;627;0;333
71;27;0;626;0;333
1;28;0;629;0;333
2;28;0;628;0;333
4;28;0;308;0;333
7;28;0;1272;0;333
27;28;0;623;0;333
28;28;0;287;0;333
29;28;0;287;0;333
30;28;0;622;0;333
39;28;0;287;0;333
43;28;0;287;0;333
44;28;0;287;0;333
45;28;0;287;0;333
46;28;0;287;0;333
47;28;0;287;0;333
48;28;0;287;0;333
49;28;0;287;0;333
50;28;0;287;0;333
51;28;0;287;0;333
52;28;0;287;0;333
53;28;0;287;0;333
54;28;0;287;0;333
55;28;0;287;0;333
56;28;0;287;0;333
57;28;0;287;0;333
70;28;0;629;0;333
71;28;0;628;0;333
72;28;0;626;0;333
4;29;0;274;0;333
22;29;0;1246;0;333
23;29;0;627;0;333
24;29;0;627;0;333
25;29;0;627;0;333
27;29;0;623;0;333
28;29;0;287;0;333
29;29;0;622;0;333
35;29;0;1272;0;333
38;29;0;623;0;333
39;29;0;287;0;333
40;29;0;287;0;333
41;29;0;287;0;333
42;29;0;287;0;333
43;29;0;287;0;333
44;29;0;287;0;333
45;29;0;287;0;333
46;29;0;287;0;333
47;29;0;287;0;333
48;29;0;287;0;333
49;29;0;287;0;333
50;29;0;287;0;333
51;29;0;287;0;333
52;29;0;287;0;333
53;29;0;287;0;333
54;29;0;287;0;333
55;29;0;287;0;333
56;29;0;287;0;333
57;29;0;287;0;333
58;29;0;287;0;333
66;29;0;273;0;333
71;29;0;629;0;333
72;29;0;628;0;333
2;30;0;1783;0;333
20;30;0;1783;0;333
23;30;0;623;0;333
24;30;0;287;0;333
25;30;0;287;0;333
26;30;0;287;0;333
27;30;0;287;0;333
28;30;0;287;0;333
37;30;0;627;0;333
38;30;0;623;0;333
39;30;0;287;0;333
40;30;0;287;0;333
41;30;0;287;0;333
42;30;0;287;0;333
43;30;0;287;0;333
44;30;0;287;0;333
45;30;0;287;0;333
46;30;0;287;0;333
47;30;0;287;0;333
48;30;0;287;0;333
49;30;0;287;0;333
50;30;0;287;0;333
51;30;0;287;0;333
52;30;0;287;0;333
53;30;0;287;0;333
54;30;0;287;0;333
55;30;0;287;0;333
56;30;0;287;0;333
57;30;0;287;0;333
58;30;0;287;0;333
59;30;0;287;0;333
60;30;0;287;0;333
66;30;0;308;0;333
69;30;0;273;0;333
71;30;0;629;0;333
72;30;0;628;0;333
3;31;0;273;0;333
4;31;0;915;0;333
5;31;0;274;0;333
17;31;0;915;0;333
21;31;0;914;0;333
22;31;0;627;0;333
23;31;0;623;0;333
24;31;0;287;0;333
25;31;0;287;0;333
26;31;0;287;0;333
27;31;0;287;0;333
28;31;0;287;0;333
37;31;0;623;0;333
38;31;0;287;0;333
39;31;0;287;0;333
40;31;0;287;0;333
41;31;0;287;0;333
42;31;0;287;0;333
43;31;0;287;0;333
44;31;0;287;0;333
45;31;0;287;0;333
46;31;0;287;0;333
47;31;0;287;0;333
48;31;0;287;0;333
49;31;0;287;0;333
50;31;0;287;0;333
51;31;0;287;0;333
52;31;0;287;0;333
53;31;0;287;0;333
54;31;0;287;0;333
55;31;0;287;0;333
56;31;0;287;0;333
57;31;0;287;0;333
58;31;0;287;0;333
59;31;0;287;0;333
60;31;0;287;0;333
65;31;0;2169;0;333
67;31;0;308;0;333
71;31;0;629;0;333
72;31;0;628;0;333
13;32;0;1272;0;333
17;32;0;308;0;333
21;32;0;627;0;333
22;32;0;623;0;333
23;32;0;287;0;333
24;32;0;287;0;333
25;32;0;287;0;333
26;32;0;287;0;333
27;32;0;287;0;333
28;32;0;287;0;333
37;32;0;623;0;333
38;32;0;287;0;333
39;32;0;287;0;333
40;32;0;287;0;333
41;32;0;287;0;333
42;32;0;287;0;333
43;32;0;287;0;333
44;32;0;287;0;333
45;32;0;287;0;333
46;32;0;287;0;333
47;32;0;287;0;333
48;32;0;287;0;333
49;32;0;287;0;333
50;32;0;287;0;333
51;32;0;287;0;333
52;32;0;287;0;333
53;32;0;287;0;333
54;32;0;287;0;333
55;32;0;287;0;333
56;32;0;287;0;333
57;32;0;287;0;333
58;32;0;287;0;333
59;32;0;287;0;333
60;32;0;287;0;333
61;32;0;287;0;333
72;32;0;627;0;333
73;32;0;626;0;333
5;33;0;627;0;333
6;33;0;626;0;333
9;33;0;274;0;333
10;33;0;274;0;333
15;33;0;623;0;333
16;33;0;287;0;333
17;33;0;287;0;333
18;33;0;287;0;333
19;33;0;627;0;333
21;33;0;623;0;333
21;33;0;627;0;333
21;33;0;627;0;333
22;33;0;287;0;333
23;33;0;287;0;333
24;33;0;287;0;333
24;33;0;287;0;333
25;33;0;287;0;333
26;33;0;287;0;333
27;33;0;287;0;333
28;33;0;287;0;333
37;33;0;623;0;333
38;33;0;287;0;333
39;33;0;287;0;333
40;33;0;287;0;333
41;33;0;287;0;333
42;33;0;287;0;333
43;33;0;287;0;333
44;33;0;287;0;333
45;33;0;287;0;333
46;33;0;287;0;333
47;33;0;287;0;333
48;33;0;287;0;333
49;33;0;287;0;333
50;33;0;287;0;333
51;33;0;287;0;333
52;33;0;287;0;333
53;33;0;287;0;333
54;33;0;287;0;333
55;33;0;287;0;333
56;33;0;287;0;333
57;33;0;287;0;333
58;33;0;287;0;333
59;33;0;287;0;333
60;33;0;287;0;333
61;33;0;287;0;333
66;33;0;914;0;333
72;33;0;629;0;333
73;33;0;628;0;333
5;34;0;629;0;333
6;34;0;627;0;333
7;34;0;626;0;333
14;34;0;623;0;333
15;34;0;287;0;333
16;34;0;287;0;333
17;34;0;287;0;333
18;34;0;287;0;333
18;34;0;287;0;333
19;34;0;623;0;333
20;34;0;287;0;333
21;34;0;287;0;333
22;34;0;287;0;333
23;34;0;287;0;333
24;34;0;287;0;333
25;34;0;287;0;333
26;34;0;287;0;333
27;34;0;287;0;333
28;34;0;287;0;333
31;34;0;287;0;333
32;34;0;287;0;333
33;34;0;287;0;333
34;34;0;287;0;333
35;34;0;599;0;333
36;34;0;596;0;333
37;34;0;287;0;333
38;34;0;287;0;333
39;34;0;287;0;333
40;34;0;287;0;333
41;34;0;287;0;333
42;34;0;287;0;333
43;34;0;287;0;333
44;34;0;287;0;333
45;34;0;287;0;333
46;34;0;287;0;333
47;34;0;287;0;333
48;34;0;287;0;333
49;34;0;287;0;333
50;34;0;287;0;333
51;34;0;287;0;333
52;34;0;287;0;333
53;34;0;287;0;333
54;34;0;287;0;333
55;34;0;287;0;333
56;34;0;287;0;333
57;34;0;287;0;333
58;34;0;287;0;333
59;34;0;287;0;333
60;34;0;287;0;333
61;34;0;287;0;333
72;34;0;627;0;333
73;34;0;626;0;333
5;35;0;627;0;333
6;35;0;629;0;333
7;35;0;628;0;333
13;35;0;627;0;333
14;35;0;680;0;333
15;35;0;633;0;333
16;35;0;633;0;333
17;35;0;633;0;333
18;35;0;681;0;333
19;35;0;287;0;333
20;35;0;287;0;333
21;35;0;287;0;333
22;35;0;287;0;333
23;35;0;287;0;333
24;35;0;287;0;333
25;35;0;287;0;333
26;35;0;287;0;333
27;35;0;287;0;333
28;35;0;287;0;333
29;35;0;287;0;333
30;35;0;287;0;333
31;35;0;287;0;333
32;35;0;622;0;333
33;35;0;622;0;333
34;35;0;628;0;333
38;35;0;630;0;333
39;35;0;287;0;333
40;35;0;287;0;333
41;35;0;287;0;333
41;35;0;287;0;333
42;35;0;287;0;333
42;35;0;287;0;333
43;35;0;287;0;333
44;35;0;287;0;333
45;35;0;287;0;333
46;35;0;287;0;333
47;35;0;287;0;333
48;35;0;287;0;333
49;35;0;287;0;333
50;35;0;287;0;333
51;35;0;287;0;333
52;35;0;287;0;333
53;35;0;287;0;333
54;35;0;287;0;333
55;35;0;287;0;333
56;35;0;287;0;333
57;35;0;287;0;333
58;35;0;287;0;333
59;35;0;287;0;333
60;35;0;287;0;333
61;35;0;287;0;333
68;35;0;308;0;333
69;35;0;274;0;333
71;35;0;627;0;333
72;35;0;626;0;333
73;35;0;628;0;333
4;36;0;627;0;333
5;36;0;626;0;333
6;36;0;628;0;333
11;36;0;2588;0;333
13;36;0;680;0;333
14;36;0;688;0;333
15;36;0;319;0;333
17;36;0;2832;0;333
18;36;0;635;0;333
19;36;0;622;0;333
19;36;0;1246;0;333
20;36;0;597;0;333
21;36;0;622;0;333
22;36;0;597;0;333
23;36;0;622;0;333
24;36;0;597;0;333
25;36;0;622;0;333
26;36;0;597;0;333
27;36;0;622;0;333
28;36;0;622;0;333
29;36;0;622;0;333
30;36;0;622;0;333
31;36;0;622;0;333
32;36;0;628;0;333
37;36;0;404;0;333
37;36;0;2588;0;333
38;36;0;623;0;333
39;36;0;287;0;333
40;36;0;287;0;333
41;36;0;287;0;333
41;36;0;287;0;333
42;36;0;287;0;333
43;36;0;287;0;333
44;36;0;287;0;333
45;36;0;287;0;333
46;36;0;287;0;333
47;36;0;287;0;333
48;36;0;287;0;333
49;36;0;287;0;333
50;36;0;287;0;333
51;36;0;287;0;333
52;36;0;287;0;333
53;36;0;287;0;333
54;36;0;287;0;333
55;36;0;287;0;333
56;36;0;287;0;333
57;36;0;287;0;333
58;36;0;287;0;333
59;36;0;287;0;333
60;36;0;287;0;333
61;36;0;287;0;333
67;36;0;273;0;333
71;36;0;627;0;333
72;36;0;626;0;333
4;37;0;629;0;333
5;37;0;628;0;333
12;37;0;680;0;333
12;37;0;690;0;333
13;37;0;688;0;333
18;37;0;635;0;333
18;37;0;321;7;333
19;37;0;1246;0;333
27;37;0;628;0;333
30;37;0;914;0;333
31;37;0;628;0;333
38;37;0;629;0;333
39;37;0;630;0;333
40;37;0;287;0;333
41;37;0;287;0;333
42;37;0;287;0;333
43;37;0;287;0;333
44;37;0;287;0;333
45;37;0;287;0;333
46;37;0;287;0;333
47;37;0;287;0;333
48;37;0;287;0;333
49;37;0;287;0;333
50;37;0;287;0;333
51;37;0;287;0;333
52;37;0;287;0;333
53;37;0;287;0;333
54;37;0;287;0;333
55;37;0;287;0;333
56;37;0;287;0;333
57;37;0;287;0;333
58;37;0;287;0;333
59;37;0;287;0;333
60;37;0;287;0;333
61;37;0;287;0;333
64;37;0;274;0;333
65;37;0;1272;0;333
71;37;0;629;0;333
72;37;0;628;0;333
85;37;0;627;0;333
86;37;0;626;0;333
4;38;0;914;0;333
5;38;0;627;0;333
6;38;0;626;0;333
11;38;0;687;0;333
18;38;0;687;0;333
38;38;0;1272;0;333
39;38;0;629;0;333
40;38;0;630;0;333
41;38;0;287;0;333
42;38;0;287;0;333
43;38;0;287;0;333
43;38;0;287;0;333
44;38;0;287;0;333
44;38;0;287;0;333
44;38;0;287;0;333
45;38;0;287;0;333
45;38;0;287;0;333
45;38;0;287;0;333
46;38;0;287;0;333
46;38;0;287;0;333
46;38;0;287;0;333
47;38;0;287;0;333
47;38;0;287;0;333
48;38;0;287;0;333
49;38;0;287;0;333
50;38;0;287;0;333
51;38;0;287;0;333
51;38;0;287;0;333
52;38;0;287;0;333
53;38;0;287;0;333
54;38;0;287;0;333
55;38;0;287;0;333
56;38;0;287;0;333
57;38;0;287;0;333
58;38;0;287;0;333
59;38;0;287;0;333
60;38;0;287;0;333
61;38;0;287;0;333
68;38;0;915;0;333
70;38;0;627;0;333
71;38;0;626;0;333
85;38;0;629;0;333
86;38;0;627;0;333
87;38;0;626;0;333
88;38;0;627;0;333
89;38;0;626;0;333
5;39;0;627;0;333
6;39;0;626;0;333
11;39;0;663;0;333
18;39;0;663;0;333
27;39;0;673;0;333
28;39;0;673;0;333
29;39;0;673;0;333
30;39;0;673;0;333
31;39;0;673;0;333
32;39;0;673;0;333
33;39;0;673;0;333
34;39;0;673;0;333
39;39;0;914;0;333
40;39;0;629;0;333
41;39;0;623;0;333
42;39;0;287;0;333
43;39;0;287;0;333
44;39;0;287;0;333
45;39;0;287;0;333
46;39;0;287;0;333
47;39;0;287;0;333
48;39;0;622;0;333
49;39;0;630;0;333
50;39;0;287;0;333
51;39;0;287;0;333
52;39;0;287;0;333
53;39;0;287;0;333
54;39;0;287;0;333
55;39;0;287;0;333
56;39;0;287;0;333
57;39;0;287;0;333
58;39;0;287;0;333
59;39;0;287;0;333
60;39;0;287;0;333
61;39;0;622;0;333
70;39;0;629;0;333
71;39;0;627;0;333
72;39;0;627;0;333
73;39;0;626;0;333
83;39;0;627;0;333
84;39;0;627;0;333
85;39;0;626;0;333
86;39;0;629;0;333
87;39;0;628;0;333
88;39;0;629;0;333
89;39;0;627;0;333
90;39;0;626;0;333
5;40;0;629;0;333
6;40;0;674;0;333
11;40;0;689;0;333
12;40;0;634;0;333
18;40;0;635;0;333
24;40;0;673;0;333
24;40;0;673;0;333
25;40;0;673;0;333
26;40;0;719;0;333
26;40;0;716;0;333
35;40;0;678;0;333
36;40;0;673;0;333
41;40;0;623;0;333
42;40;0;287;0;333
43;40;0;287;0;333
44;40;0;622;0;333
45;40;0;622;0;333
46;40;0;622;0;333
47;40;0;622;0;333
49;40;0;629;0;333
50;40;0;622;0;333
51;40;0;630;0;333
52;40;0;287;0;333
53;40;0;287;0;333
54;40;0;287;0;333
55;40;0;287;0;333
56;40;0;287;0;333
57;40;0;287;0;333
58;40;0;287;0;333
59;40;0;287;0;333
60;40;0;287;0;333
64;40;0;564;0;333
71;40;0;629;0;333
72;40;0;629;0;333
73;40;0;627;0;333
74;40;0;627;0;333
75;40;0;626;0;333
76;40;0;627;0;333
77;40;0;626;0;333
83;40;0;629;0;333
84;40;0;629;0;333
85;40;0;628;0;333
86;40;0;1817;0;333
87;40;0;232;0;333
88;40;0;1245;0;333
89;40;0;629;0;333
90;40;0;627;0;333
91;40;0;626;0;333
92;40;0;627;0;333
93;40;0;626;0;333
6;41;0;674;0;333
10;41;0;404;0;333
10;41;0;2588;0;333
11;41;0;680;0;333
12;41;0;633;0;333
13;41;0;633;0;333
14;41;0;633;0;333
15;41;0;653;3001;333
16;41;0;657;3001;333
17;41;0;633;0;333
18;41;0;635;0;333
18;41;0;681;0;333
22;41;0;404;0;333
22;41;0;2588;0;333
23;41;0;719;0;333
23;41;0;716;0;333
37;41;0;678;0;333
41;41;0;629;0;333
42;41;0;622;0;333
43;41;0;622;0;333
51;41;0;623;0;333
52;41;0;287;0;333
53;41;0;287;0;333
54;41;0;287;0;333
55;41;0;287;0;333
56;41;0;287;0;333
57;41;0;287;0;333
58;41;0;287;0;333
59;41;0;287;0;333
59;41;0;287;0;333
60;41;0;287;0;333
61;41;0;628;0;333
64;41;0;541;0;333
73;41;0;629;0;333
74;41;0;629;0;333
75;41;0;628;0;333
76;41;0;629;0;333
77;41;0;627;0;333
78;41;0;626;0;333
79;41;0;627;0;333
80;41;0;626;0;333
81;41;0;627;0;333
82;41;0;627;0;333
83;41;0;626;0;333
90;41;0;629;0;333
91;41;0;628;0;333
92;41;0;629;0;333
93;41;0;627;0;333
94;41;0;626;0;333
6;42;0;678;0;333
7;42;0;673;0;333
8;42;0;673;0;333
9;42;0;673;0;333
11;42;0;634;0;333
18;42;0;635;0;333
22;42;0;675;0;333
38;42;0;678;0;333
42;42;0;628;0;333
47;42;0;2832;0;333
48;42;0;915;0;333
51;42;0;629;0;333
52;42;0;630;0;333
53;42;0;287;0;333
53;42;0;287;0;333
54;42;0;287;0;333
55;42;0;287;0;333
56;42;0;287;0;333
57;42;0;287;0;333
57;42;0;287;0;333
58;42;0;287;0;333
59;42;0;287;0;333
60;42;0;622;0;333
61;42;0;628;0;333
66;42;0;627;0;333
67;42;0;627;0;333
76;42;0;1245;0;333
77;42;0;629;0;333
78;42;0;628;0;333
79;42;0;629;0;333
80;42;0;627;0;333
81;42;0;626;0;333
82;42;0;629;0;333
83;42;0;628;0;333
84;42;0;915;0;333
86;42;0;1783;0;333
92;42;0;274;0;333
93;42;0;629;0;333
94;42;0;628;0;333
10;43;0;678;0;333
11;43;0;634;0;333
18;43;0;635;0;333
22;43;0;675;0;333
39;43;0;674;0;333
41;43;0;1272;0;333
52;43;0;623;0;333
53;43;0;287;0;333
54;43;0;287;0;333
55;43;0;287;0;333
56;43;0;287;0;333
57;43;0;287;0;333
58;43;0;622;0;333
59;43;0;622;0;333
60;43;0;628;0;333
64;43;0;274;0;333
66;43;0;623;0;333
67;43;0;287;0;333
68;43;0;287;0;333
75;43;0;1272;0;333
77;43;0;914;0;333
78;43;0;274;0;333
80;43;0;629;0;333
81;43;0;628;0;333
93;43;0;627;0;333
94;43;0;626;0;333
10;44;0;689;0;333
11;44;0;634;0;333
18;44;0;635;0;333
22;44;0;675;0;333
28;44;0;719;0;333
28;44;0;716;0;333
32;44;0;719;0;333
32;44;0;716;0;333
39;44;0;674;0;333
49;44;0;627;0;333
51;44;0;623;0;333
52;44;0;287;0;333
53;44;0;287;0;333
54;44;0;287;0;333
55;44;0;622;0;333
56;44;0;622;0;333
57;44;0;622;0;333
58;44;0;628;0;333
59;44;0;1245;0;333
60;44;0;1245;0;333
65;44;0;627;0;333
66;44;0;623;0;333
67;44;0;287;0;333
68;44;0;287;0;333
93;44;0;629;0;333
94;44;0;628;0;333
95;44;0;627;0;333
96;44;0;627;0;333
97;44;0;626;0;333
98;44;0;627;0;333
99;44;0;626;0;333
100;44;0;627;0;333
101;44;0;626;0;333
11;45;0;642;0;333
18;45;0;635;0;333
22;45;0;675;0;333
39;45;0;674;0;333
49;45;0;623;0;333
50;45;0;287;0;333
50;45;0;287;0;333
51;45;0;287;0;333
52;45;0;287;0;333
53;45;0;622;0;333
54;45;0;622;0;333
55;45;0;628;0;333
57;45;0;628;0;333
60;45;0;914;0;333
64;45;0;627;0;333
65;45;0;623;0;333
66;45;0;287;0;333
67;45;0;287;0;333
67;45;0;287;0;333
68;45;0;287;0;333
68;45;0;287;0;333
69;45;0;287;0;333
70;45;0;287;0;333
95;45;0;629;0;333
96;45;0;629;0;333
97;45;0;628;0;333
98;45;0;629;0;333
99;45;0;627;0;333
100;45;0;626;0;333
101;45;0;628;0;333
11;46;0;634;0;333
18;46;0;635;0;333
21;46;0;404;0;333
21;46;0;2588;0;333
22;46;0;719;0;333
22;46;0;716;0;333
39;46;0;674;0;333
46;46;0;627;0;333
49;46;0;623;0;333
50;46;0;287;0;333
51;46;0;287;0;333
52;46;0;622;0;333
53;46;0;628;0;333
54;46;0;915;0;333
55;46;0;1245;0;333
59;46;0;915;0;333
60;46;0;1254;0;333
61;46;0;915;0;333
63;46;0;627;0;333
64;46;0;623;0;333
65;46;0;287;0;333
66;46;0;287;0;333
67;46;0;287;0;333
68;46;0;287;0;333
69;46;0;287;0;333
70;46;0;287;0;333
71;46;0;287;0;333
77;46;0;627;0;333
78;46;0;627;0;333
79;46;0;627;0;333
80;46;0;627;0;333
81;46;0;627;0;333
82;46;0;627;0;333
83;46;0;623;0;333
83;46;0;627;0;333
84;46;0;287;0;333
85;46;0;287;0;333
86;46;0;287;0;333
87;46;0;287;0;333
88;46;0;287;0;333
89;46;0;287;0;333
97;46;0;1245;0;333
98;46;0;301;0;333
99;46;0;629;0;333
100;46;0;628;0;333
11;47;0;682;0;333
18;47;0;635;0;333
21;47;0;675;0;333
34;47;0;719;0;333
34;47;0;716;0;333
39;47;0;674;0;333
46;47;0;623;0;333
47;47;0;287;0;333
48;47;0;287;0;333
49;47;0;287;0;333
49;47;0;287;0;333
50;47;0;287;0;333
51;47;0;622;0;333
52;47;0;628;0;333
53;47;0;387;0;333
55;47;0;308;0;333
60;47;0;1246;0;333
61;47;0;627;0;333
62;47;0;623;0;333
63;47;0;287;0;333
64;47;0;287;0;333
65;47;0;287;0;333
66;47;0;287;0;333
67;47;0;287;0;333
68;47;0;287;0;333
69;47;0;287;0;333
70;47;0;287;0;333
71;47;0;287;0;333
72;47;0;287;0;333
73;47;0;628;0;333
76;47;0;627;0;333
77;47;0;623;0;333
78;47;0;287;0;333
79;47;0;287;0;333
80;47;0;287;0;333
81;47;0;287;0;333
82;47;0;287;0;333
83;47;0;287;0;333
84;47;0;287;0;333
84;47;0;287;0;333
85;47;0;287;0;333
86;47;0;287;0;333
87;47;0;287;0;333
88;47;0;287;0;333
89;47;0;287;0;333
97;47;0;1272;0;333
98;47;0;301;0;333
99;47;0;627;0;333
100;47;0;626;0;333
11;48;0;689;0;333
12;48;0;682;0;333
13;48;0;632;0;333
14;48;0;640;0;333
15;48;0;632;0;333
16;48;0;632;0;333
17;48;0;632;0;333
18;48;0;683;0;333
21;48;0;675;0;333
38;48;0;719;0;333
38;48;0;716;0;333
42;48;0;627;0;333
43;48;0;623;0;333
44;48;0;287;0;333
45;48;0;287;0;333
46;48;0;287;0;333
47;48;0;287;0;333
48;48;0;287;0;333
49;48;0;287;0;333
50;48;0;622;0;333
51;48;0;628;0;333
52;48;0;387;0;333
54;48;0;1272;0;333
60;48;0;627;0;333
61;48;0;623;0;333
62;48;0;287;0;333
63;48;0;287;0;333
64;48;0;287;0;333
65;48;0;287;0;333
66;48;0;287;0;333
67;48;0;287;0;333
68;48;0;287;0;333
69;48;0;287;0;333
70;48;0;287;0;333
71;48;0;622;0;333
72;48;0;622;0;333
73;48;0;628;0;333
75;48;0;627;0;333
76;48;0;623;0;333
77;48;0;287;0;333
78;48;0;287;0;333
79;48;0;287;0;333
80;48;0;287;0;333
80;48;0;287;0;333
81;48;0;287;0;333
81;48;0;287;0;333
82;48;0;287;0;333
83;48;0;287;0;333
84;48;0;287;0;333
85;48;0;287;0;333
86;48;0;287;0;333
87;48;0;287;0;333
88;48;0;287;0;333
89;48;0;287;0;333
90;48;0;287;0;333
91;48;0;287;0;333
92;48;0;287;0;333
97;48;0;1783;0;333
98;48;0;301;0;333
99;48;0;627;0;333
100;48;0;626;0;333
15;49;0;623;0;333
16;49;0;287;0;333
21;49;0;675;0;333
26;49;0;719;0;333
26;49;0;716;0;333
38;49;0;674;0;333
41;49;0;1254;0;333
42;49;0;623;0;333
43;49;0;287;0;333
44;49;0;287;0;333
45;49;0;287;0;333
46;49;0;287;0;333
47;49;0;287;0;333
48;49;0;287;0;333
49;49;0;622;0;333
49;49;0;628;0;333
50;49;0;628;0;333
51;49;0;387;0;333
60;49;0;387;0;333
61;49;0;623;0;333
62;49;0;287;0;333
63;49;0;287;0;333
64;49;0;287;0;333
65;49;0;287;0;333
66;49;0;287;0;333
67;49;0;287;0;333
68;49;0;287;0;333
69;49;0;287;0;333
70;49;0;622;0;333
72;49;0;628;0;333
74;49;0;914;0;333
76;49;0;623;0;333
77;49;0;287;0;333
78;49;0;287;0;333
79;49;0;287;0;333
80;49;0;287;0;333
81;49;0;287;0;333
82;49;0;287;0;333
83;49;0;287;0;333
84;49;0;287;0;333
85;49;0;287;0;333
86;49;0;287;0;333
87;49;0;287;0;333
88;49;0;287;0;333
89;49;0;287;0;333
90;49;0;287;0;333
91;49;0;287;0;333
91;49;0;287;0;333
92;49;0;287;0;333
92;49;0;287;0;333
98;49;0;915;0;333
99;49;0;629;0;333
100;49;0;628;0;333
15;50;0;623;0;333
16;50;0;287;0;333
20;50;0;675;0;333
21;50;0;672;0;333
38;50;0;674;0;333
41;50;0;627;0;333
42;50;0;623;0;333
43;50;0;287;0;333
44;50;0;287;0;333
45;50;0;287;0;333
46;50;0;287;0;333
47;50;0;287;0;333
48;50;0;287;0;333
49;50;0;628;0;333
52;50;0;273;0;333
58;50;0;274;0;333
60;50;0;627;0;333
61;50;0;623;0;333
62;50;0;287;0;333
63;50;0;287;0;333
64;50;0;287;0;333
65;50;0;287;0;333
66;50;0;287;0;333
67;50;0;287;0;333
68;50;0;622;0;333
69;50;0;622;0;333
70;50;0;628;0;333
71;50;0;274;0;333
73;50;0;1272;0;333
76;50;0;623;0;333
77;50;0;287;0;333
78;50;0;287;0;333
79;50;0;287;0;333
80;50;0;287;0;333
81;50;0;287;0;333
82;50;0;287;0;333
83;50;0;287;0;333
84;50;0;287;0;333
85;50;0;287;0;333
86;50;0;287;0;333
87;50;0;287;0;333
88;50;0;287;0;333
89;50;0;287;0;333
90;50;0;287;0;333
91;50;0;287;0;333
92;50;0;287;0;333
97;50;0;308;0;333
98;50;0;627;0;333
99;50;0;626;0;333
15;51;0;629;0;333
16;51;0;630;0;333
17;51;0;287;0;333
20;51;0;675;0;333
33;51;0;719;0;333
33;51;0;716;0;333
38;51;0;674;0;333
40;51;0;1246;0;333
41;51;0;623;0;333
42;51;0;287;0;333
43;51;0;287;0;333
43;51;0;287;0;333
44;51;0;287;0;333
45;51;0;287;0;333
46;51;0;287;0;333
47;51;0;622;0;333
48;51;0;622;0;333
49;51;0;628;0;333
50;51;0;274;0;333
56;51;0;594;0;333
60;51;0;915;0;333
61;51;0;629;0;333
62;51;0;630;0;333
63;51;0;287;0;333
64;51;0;287;0;333
65;51;0;287;0;333
66;51;0;622;0;333
67;51;0;622;0;333
68;51;0;628;0;333
69;51;0;273;0;333
72;51;0;274;0;333
75;51;0;627;0;333
76;51;0;623;0;333
77;51;0;287;0;333
78;51;0;287;0;333
79;51;0;287;0;333
80;51;0;287;0;333
81;51;0;287;0;333
82;51;0;287;0;333
83;51;0;287;0;333
84;51;0;287;0;333
85;51;0;287;0;333
86;51;0;287;0;333
87;51;0;287;0;333
88;51;0;287;0;333
89;51;0;287;0;333
90;51;0;287;0;333
91;51;0;287;0;333
92;51;0;287;0;333
96;51;0;1783;0;333
97;51;0;1272;0;333
98;51;0;627;0;333
99;51;0;626;0;333
10;52;0;629;0;333
16;52;0;623;0;333
17;52;0;287;0;333
21;52;0;676;0;333
29;52;0;719;0;333
29;52;0;716;0;333
38;52;0;674;0;333
40;52;0;627;0;333
41;52;0;623;0;333
42;52;0;287;0;333
43;52;0;287;0;333
43;52;0;287;0;333
44;52;0;287;0;333
44;52;0;287;0;333
45;52;0;287;0;333
46;52;0;287;0;333
47;52;0;628;0;333
52;52;0;308;0;333
58;52;0;1272;0;333
61;52;0;387;0;333
62;52;0;629;0;333
63;52;0;622;0;333
64;52;0;622;0;333
65;52;0;622;0;333
66;52;0;628;0;333
67;52;0;1254;0;333
71;52;0;308;0;333
72;52;0;308;0;333
76;52;0;629;0;333
77;52;0;630;0;333
78;52;0;287;0;333
79;52;0;287;0;333
80;52;0;287;0;333
81;52;0;287;0;333
82;52;0;287;0;333
83;52;0;287;0;333
84;52;0;287;0;333
85;52;0;287;0;333
86;52;0;287;0;333
87;52;0;287;0;333
88;52;0;287;0;333
89;52;0;287;0;333
90;52;0;287;0;333
91;52;0;287;0;333
92;52;0;622;0;333
96;52;0;274;0;333
98;52;0;629;0;333
99;52;0;628;0;333
16;53;0;623;0;333
17;53;0;287;0;333
22;53;0;676;0;333
37;53;0;675;0;333
41;53;0;287;0;333
42;53;0;287;0;333
43;53;0;287;0;333
44;53;0;287;0;333
45;53;0;622;0;333
46;53;0;622;0;333
47;53;0;628;0;333
49;53;0;914;0;333
56;53;0;308;0;333
57;53;0;308;0;333
62;53;0;1246;0;333
63;53;0;628;0;333
64;53;0;387;0;333
65;53;0;628;0;333
69;53;0;274;0;333
75;53;0;1246;0;333
76;53;0;627;0;333
77;53;0;623;0;333
78;53;0;287;0;333
79;53;0;287;0;333
80;53;0;287;0;333
81;53;0;287;0;333
82;53;0;287;0;333
83;53;0;287;0;333
84;53;0;287;0;333
85;53;0;287;0;333
86;53;0;287;0;333
87;53;0;287;0;333
88;53;0;287;0;333
89;53;0;287;0;333
90;53;0;287;0;333
90;53;0;287;0;333
91;53;0;287;0;333
91;53;0;287;0;333
92;53;0;287;0;333
97;53;0;627;0;333
98;53;0;626;0;333
16;54;0;623;0;333
17;54;0;287;0;333
23;54;0;672;0;333
24;54;0;676;0;333
34;54;0;672;0;333
35;54;0;672;0;333
36;54;0;672;0;333
37;54;0;672;0;333
39;54;0;623;0;333
40;54;0;287;0;333
41;54;0;287;0;333
41;54;0;287;0;333
42;54;0;287;0;333
43;54;0;287;0;333
43;54;0;287;0;333
44;54;0;622;0;333
45;54;0;628;0;333
52;54;0;273;0;333
57;54;0;914;0;333
60;54;0;1817;0;333
66;54;0;627;0;333
67;54;0;626;0;333
68;54;0;627;0;333
69;54;0;626;0;333
70;54;0;308;0;333
73;54;0;274;0;333
75;54;0;387;0;333
76;54;0;623;0;333
77;54;0;287;0;333
78;54;0;287;0;333
79;54;0;287;0;333
80;54;0;287;0;333
81;54;0;287;0;333
82;54;0;287;0;333
83;54;0;287;0;333
84;54;0;287;0;333
85;54;0;287;0;333
86;54;0;287;0;333
87;54;0;287;0;333
88;54;0;287;0;333
89;54;0;287;0;333
90;54;0;287;0;333
91;54;0;287;0;333
92;54;0;622;0;333
95;54;0;1246;0;333
97;54;0;629;0;333
98;54;0;628;0;333
16;55;0;629;0;333
17;55;0;630;0;333
18;55;0;287;0;333
24;55;0;675;0;333
33;55;0;719;0;333
33;55;0;716;0;333
39;55;0;623;0;333
40;55;0;287;0;333
41;55;0;287;0;333
42;55;0;287;0;333
43;55;0;622;0;333
44;55;0;628;0;333
60;55;0;627;0;333
61;55;0;626;0;333
62;55;0;274;0;333
64;55;0;627;0;333
65;55;0;626;0;333
66;55;0;629;0;333
67;55;0;628;0;333
68;55;0;629;0;333
69;55;0;628;0;333
70;55;0;627;0;333
71;55;0;626;0;333
72;55;0;627;0;333
73;55;0;626;0;333
75;55;0;387;0;333
76;55;0;623;0;333
77;55;0;287;0;333
78;55;0;287;0;333
79;55;0;287;0;333
80;55;0;287;0;333
81;55;0;287;0;333
82;55;0;287;0;333
83;55;0;287;0;333
84;55;0;287;0;333
85;55;0;287;0;333
86;55;0;287;0;333
87;55;0;287;0;333
88;55;0;287;0;333
89;55;0;287;0;333
90;55;0;287;0;333
91;55;0;287;0;333
17;56;0;623;0;333
18;56;0;287;0;333
25;56;0;676;0;333
28;56;0;675;0;333
29;56;0;672;0;333
30;56;0;672;0;333
31;56;0;672;0;333
32;56;0;672;0;333
38;56;0;287;0;333
39;56;0;287;0;333
40;56;0;287;0;333
40;56;0;287;0;333
41;56;0;287;0;333
42;56;0;622;0;333
43;56;0;628;0;333
44;56;0;915;0;333
50;56;0;1272;0;333
58;56;0;274;0;333
60;56;0;629;0;333
61;56;0;628;0;333
64;56;0;629;0;333
65;56;0;628;0;333
70;56;0;629;0;333
71;56;0;628;0;333
72;56;0;629;0;333
73;56;0;628;0;333
75;56;0;627;0;333
76;56;0;623;0;333
77;56;0;287;0;333
78;56;0;287;0;333
79;56;0;287;0;333
80;56;0;287;0;333
81;56;0;287;0;333
82;56;0;287;0;333
83;56;0;287;0;333
84;56;0;287;0;333
85;56;0;287;0;333
86;56;0;287;0;333
87;56;0;287;0;333
88;56;0;287;0;333
89;56;0;287;0;333
90;56;0;287;0;333
91;56;0;287;0;333
92;56;0;628;0;333
93;56;0;1272;0;333
95;56;0;627;0;333
96;56;0;626;0;333
17;57;0;623;0;333
18;57;0;287;0;333
26;57;0;672;0;333
27;57;0;672;0;333
28;57;0;672;0;333
31;57;0;287;0;333
32;57;0;287;0;333
33;57;0;287;0;333
34;57;0;287;0;333
35;57;0;287;0;333
36;57;0;287;0;333
37;57;0;287;0;333
38;57;0;287;0;333
39;57;0;287;0;333
40;57;0;287;0;333
41;57;0;622;0;333
42;57;0;628;0;333
52;57;0;627;0;333
53;57;0;626;0;333
55;57;0;274;0;333
61;57;0;2832;0;333
73;57;0;627;0;333
74;57;0;627;0;333
75;57;0;626;0;333
76;57;0;629;0;333
77;57;0;622;0;333
78;57;0;622;0;333
79;57;0;630;0;333
80;57;0;287;0;333
81;57;0;287;0;333
82;57;0;287;0;333
83;57;0;287;0;333
84;57;0;287;0;333
85;57;0;287;0;333
86;57;0;287;0;333
87;57;0;287;0;333
88;57;0;287;0;333
89;57;0;287;0;333
90;57;0;287;0;333
91;57;0;622;0;333
92;57;0;628;0;333
95;57;0;629;0;333
96;57;0;628;0;333
13;58;0;504;0;333
13;58;0;501;0;333
14;58;0;504;0;333
14;58;0;501;0;333
15;58;0;504;0;333
15;58;0;501;0;333
16;58;0;502;0;333
16;58;0;504;0;333
16;58;0;503;0;333
17;58;0;629;0;333
18;58;0;630;0;333
19;58;0;287;0;333
30;58;0;287;0;333
31;58;0;287;0;333
32;58;0;622;0;333
33;58;0;622;0;333
34;58;0;622;0;333
35;58;0;622;0;333
36;58;0;622;0;333
37;58;0;622;0;333
38;58;0;622;0;333
39;58;0;622;0;333
40;58;0;622;0;333
41;58;0;628;0;333
44;58;0;627;0;333
45;58;0;626;0;333
48;58;0;274;0;333
50;58;0;274;0;333
52;58;0;629;0;333
53;58;0;628;0;333
56;58;0;627;0;333
57;58;0;626;0;333
66;58;0;627;0;333
67;58;0;627;0;333
68;58;0;626;0;333
73;58;0;629;0;333
74;58;0;629;0;333
75;58;0;628;0;333
77;58;0;628;0;333
79;58;0;629;0;333
80;58;0;622;0;333
81;58;0;622;0;333
82;58;0;630;0;333
83;58;0;287;0;333
84;58;0;287;0;333
85;58;0;287;0;333
86;58;0;287;0;333
87;58;0;622;0;333
88;58;0;622;0;333
89;58;0;622;0;333
90;58;0;622;0;333
94;58;0;308;0;333
95;58;0;627;0;333
96;58;0;626;0;333
13;59;0;503;0;333
14;59;0;503;0;333
14;59;0;501;0;333
15;59;0;503;0;333
16;59;0;502;0;333
16;59;0;500;0;333
18;59;0;623;0;333
19;59;0;287;0;333
20;59;0;287;0;333
30;59;0;287;0;333
31;59;0;622;0;333
32;59;0;628;0;333
42;59;0;627;0;333
43;59;0;627;0;333
44;59;0;629;0;333
45;59;0;628;0;333
56;59;0;627;0;333
57;59;0;626;0;333
64;59;0;627;0;333
65;59;0;626;0;333
66;59;0;629;0;333
67;59;0;627;0;333
68;59;0;626;0;333
69;59;0;627;0;333
70;59;0;626;0;333
75;59;0;627;0;333
76;59;0;626;0;333
78;59;0;914;0;333
80;59;0;628;0;333
81;59;0;274;0;333
82;59;0;629;0;333
83;59;0;622;0;333
84;59;0;622;0;333
85;59;0;622;0;333
86;59;0;622;0;333
87;59;0;628;0;333
89;59;0;628;0;333
95;59;0;629;0;333
96;59;0;628;0;333
14;60;0;503;0;333
15;60;0;503;0;333
15;60;0;500;0;333
15;60;0;500;0;333
16;60;0;502;0;333
16;60;0;500;0;333
18;60;0;629;0;333
19;60;0;622;0;333
20;60;0;630;0;333
21;60;0;287;0;333
28;60;0;287;0;333
29;60;0;287;0;333
30;60;0;287;0;333
31;60;0;628;0;333
42;60;0;629;0;333
43;60;0;629;0;333
44;60;0;629;0;333
45;60;0;628;0;333
48;60;0;627;0;333
49;60;0;626;0;333
56;60;0;629;0;333
57;60;0;628;0;333
58;60;0;627;0;333
59;60;0;626;0;333
60;60;0;627;0;333
61;60;0;626;0;333
63;60;0;627;0;333
64;60;0;626;0;333
65;60;0;627;0;333
66;60;0;626;0;333
67;60;0;629;0;333
68;60;0;628;0;333
69;60;0;629;0;333
70;60;0;628;0;333
71;60;0;627;0;333
72;60;0;626;0;333
73;60;0;627;0;333
74;60;0;626;0;333
75;60;0;629;0;333
76;60;0;628;0;333
77;60;0;627;0;333
78;60;0;626;0;333
83;60;0;915;0;333
84;60;0;628;0;333
85;60;0;301;0;333
86;60;0;301;0;333
89;60;0;1272;0;333
91;60;0;232;0;333
93;60;0;627;0;333
94;60;0;626;0;333
15;61;0;503;0;333
16;61;0;502;0;333
16;61;0;500;0;333
20;61;0;629;0;333
21;61;0;630;0;333
22;61;0;287;0;333
26;61;0;287;0;333
27;61;0;287;0;333
28;61;0;287;0;333
29;61;0;622;0;333
30;61;0;622;0;333
31;61;0;628;0;333
48;61;0;629;0;333
49;61;0;628;0;333
55;61;0;627;0;333
56;61;0;626;0;333
57;61;0;673;0;333
58;61;0;629;0;333
59;61;0;628;0;333
60;61;0;629;0;333
61;61;0;628;0;333
62;61;0;673;0;333
63;61;0;629;0;333
64;61;0;628;0;333
65;61;0;629;0;333
66;61;0;628;0;333
71;61;0;629;0;333
72;61;0;628;0;333
73;61;0;629;0;333
74;61;0;628;0;333
77;61;0;629;0;333
78;61;0;628;0;333
79;61;0;1783;0;333
93;61;0;629;0;333
94;61;0;628;0;333
21;62;0;623;0;333
22;62;0;287;0;333
26;62;0;287;0;333
27;62;0;622;0;333
28;62;0;622;0;333
29;62;0;628;0;333
48;62;0;627;0;333
49;62;0;626;0;333
55;62;0;629;0;333
56;62;0;627;0;333
57;62;0;627;0;333
58;62;0;626;0;333
59;62;0;627;0;333
60;62;0;626;0;333
61;62;0;627;0;333
62;62;0;627;0;333
63;62;0;626;0;333
77;62;0;1273;0;333
85;62;0;1817;0;333
86;62;0;308;0;333
87;62;0;1783;0;333
92;62;0;627;0;333
93;62;0;626;0;333
21;63;0;623;0;333
22;63;0;287;0;333
24;63;0;287;0;333
25;63;0;287;0;333
26;63;0;287;0;333
27;63;0;628;0;333
48;63;0;629;0;333
49;63;0;628;0;333
50;63;0;627;0;333
51;63;0;626;0;333
55;63;0;627;0;333
56;63;0;629;0;333
57;63;0;629;0;333
58;63;0;628;0;333
59;63;0;626;0;333
60;63;0;628;0;333
61;63;0;629;0;333
62;63;0;629;0;333
63;63;0;628;0;333
79;63;0;914;0;333
80;63;0;301;0;333
81;63;0;301;0;333
82;63;0;301;0;333
89;63;0;627;0;333
90;63;0;626;0;333
91;63;0;627;0;333
92;63;0;629;0;333
93;63;0;628;0;333
94;63;0;627;0;333
95;63;0;626;0;333
21;64;0;623;0;333
22;64;0;287;0;333
23;64;0;287;0;333
24;64;0;287;0;333
25;64;0;622;0;333
26;64;0;622;0;333
27;64;0;628;0;333
50;64;0;629;0;333
51;64;0;628;0;333
52;64;0;627;0;333
53;64;0;626;0;333
55;64;0;627;0;333
56;64;0;627;0;333
57;64;0;626;0;333
58;64;0;629;0;333
59;64;0;628;0;333
60;64;0;626;0;333
83;64;0;915;0;333
84;64;0;627;0;333
85;64;0;348;0;333
86;64;0;474;0;333
87;64;0;474;0;333
87;64;0;724;0;333
88;64;0;474;0;333
89;64;0;474;0;333
89;64;0;724;0;333
90;64;0;345;0;333
96;64;0;348;0;333
97;64;0;494;0;333
98;64;0;474;0;333
98;64;0;103;0;333
99;64;0;474;0;333
100;64;0;494;0;333
101;64;0;345;0;333
21;65;0;629;0;333
22;65;0;622;0;333
23;65;0;622;0;333
24;65;0;622;0;333
25;65;0;628;0;333
52;65;0;627;0;333
53;65;0;626;0;333
55;65;0;629;0;333
56;65;0;629;0;333
57;65;0;628;0;333
58;65;0;626;0;333
59;65;0;629;0;333
60;65;0;628;0;333
84;65;0;629;0;333
85;65;0;342;0;333
87;65;0;2850;0;333
89;65;0;2850;0;333
90;65;0;921;0;333
96;65;0;342;0;333
98;65;0;2850;0;333
101;65;0;919;0;333
101;65;0;2052;0;333
52;66;0;629;0;333
53;66;0;628;0;333
54;66;0;627;0;333
55;66;0;626;0;333
56;66;0;626;0;333
57;66;0;629;0;333
58;66;0;628;0;333
85;66;0;342;0;333
90;66;0;470;0;333
91;66;0;474;0;333
91;66;0;727;0;333
92;66;0;474;0;333
93;66;0;474;0;333
93;66;0;513;0;333
94;66;0;474;0;333
95;66;0;474;0;333
96;66;0;471;0;333
96;66;0;220;0;333
100;66;0;2850;0;333
101;66;0;921;0;333
101;66;0;169;0;333
54;67;0;629;0;333
55;67;0;628;0;333
56;67;0;628;0;333
85;67;0;342;0;333
101;67;0;921;0;333
101;67;0;2052;0;333
56;68;0;627;0;333
57;68;0;626;0;333
58;68;0;626;0;333
85;68;0;918;0;333
92;68;0;212;0;333
93;68;0;212;0;333
94;68;0;212;0;333
95;68;0;212;0;333
99;68;0;2850;0;333
101;68;0;919;0;333
56;69;0;629;0;333
57;69;0;628;0;333
58;69;0;626;0;333
85;69;0;347;0;333
86;69;0;340;0;333
87;69;0;473;0;333
91;69;0;213;0;333
92;69;0;320;0;333
93;69;0;320;0;333
94;69;0;320;0;333
95;69;0;320;0;333
99;69;0;472;0;333
99;69;0;171;0;333
100;69;0;340;0;333
101;69;0;346;0;333
57;70;0;629;0;333
58;70;0;628;0;333
87;70;0;342;0;333
92;70;0;214;0;333
93;70;0;214;0;333
94;70;0;214;0;333
95;70;0;214;0;333
99;70;0;921;0;333
87;71;0;918;0;333
99;71;0;919;0;333
99;71;0;321;27;333
87;72;0;918;0;333
92;72;0;2850;0;333
99;72;0;919;0;333
87;73;0;342;0;333
89;73;0;319;0;333
91;73;0;2850;0;333
92;73;0;2488;0;333
93;73;0;2850;0;333
96;73;0;172;0;333
98;73;0;2850;0;333
99;73;0;921;0;333
99;73;0;270;0;333
85;74;0;348;0;333
86;74;0;474;0;333
86;74;0;120;0;333
87;74;0;471;0;333
89;74;0;2832;0;333
92;74;0;2850;0;333
99;74;0;470;0;333
100;74;0;474;0;333
101;74;0;345;0;333
85;75;0;918;0;333
95;75;0;172;0;333
99;75;0;2850;0;333
100;75;0;313;0;333
101;75;0;919;0;333
85;76;0;342;0;333
86;76;0;339;0;333
101;76;0;921;0;333
85;77;0;342;0;333
90;77;0;472;0;333
91;77;0;340;0;333
92;77;0;340;0;333
93;77;0;493;0;333
94;77;0;493;0;333
95;77;0;340;0;333
96;77;0;473;0;333
99;77;0;2836;0;333
101;77;0;921;0;333
85;78;0;918;0;333
90;78;0;921;0;333
90;78;0;304;0;333
96;78;0;342;0;333
101;78;0;919;0;333
85;79;0;347;0;333
86;79;0;493;0;333
87;79;0;340;0;333
88;79;0;340;0;333
89;79;0;493;0;333
90;79;0;346;0;333
96;79;0;347;0;333
97;79;0;493;0;333
98;79;0;340;0;333
99;79;0;340;0;333
100;79;0;493;0;333
101;79;0;346;0;333
