V: 2
L: 30997
X: 60
Y: -265
W: 140
H: 51
0;0;0;0
1;0;0;0
2;0;0;0
3;0;0;0
4;0;0;0
5;0;0;0
6;0;0;0
7;0;0;0
8;0;0;0
9;0;0;0
10;0;0;0
11;0;0;0
12;0;0;0
13;0;0;0
14;0;0;0
15;0;0;0
16;0;0;0
17;0;0;0
18;0;0;0
19;0;0;0
20;0;0;0
21;0;0;0
22;0;0;0
23;0;0;0
24;0;0;0
25;0;0;0
26;0;0;0
27;0;0;0
28;0;0;0
29;0;0;0
30;0;0;0
31;0;0;0
32;0;0;0
33;0;0;0
34;0;0;0
35;0;0;0
36;0;0;0
37;0;0;0
38;0;0;0
39;0;0;0
40;0;0;0
41;0;0;0
42;0;0;0
43;0;0;0
44;0;0;0
45;0;0;0
46;0;0;0
47;0;0;0
48;0;0;0
49;0;0;0
50;0;0;0
51;0;0;0
52;0;0;0
53;0;0;0
54;0;0;0
55;0;0;0
56;0;0;0
57;0;2;0
58;0;2;0
59;0;2;0
60;0;2;0
61;0;2;0
62;0;2;0
63;0;2;0
64;0;2;0
65;0;2;0
66;0;2;0
67;0;2;0
68;0;2;0
69;0;2;0
70;0;2;0
71;0;2;0
72;0;2;0
73;0;2;0
74;0;2;0
75;0;2;0
76;0;2;0
77;0;2;0
78;0;2;0
79;0;2;0
80;0;8674;0
81;0;15;0
82;0;15;0
83;0;4578;0
84;0;2;0
85;0;2;0
86;0;2;0
87;0;2;0
88;0;0;0
89;0;0;0
90;0;0;0
91;0;0;0
92;0;0;0
93;0;0;0
94;0;0;0
95;0;0;0
96;0;0;0
97;0;0;0
98;0;0;0
99;0;0;0
100;0;0;0
101;0;0;0
102;0;0;0
103;0;0;0
104;0;0;0
105;0;0;0
106;0;0;0
107;0;0;0
108;0;0;0
109;0;0;0
110;0;0;0
111;0;0;0
112;0;0;0
113;0;0;0
114;0;42;0
115;0;8674;0
116;0;15;0
117;0;15;0
118;0;15;0
119;0;15;0
120;0;4578;0
121;0;2;0
122;0;2;0
123;0;0;0
124;0;0;0
125;0;0;0
126;0;0;0
127;0;0;0
128;0;0;0
129;0;0;0
130;0;0;0
131;0;0;0
132;0;0;0
133;0;0;0
134;0;0;0
135;0;0;0
136;0;0;0
137;0;0;0
138;0;0;0
139;0;0;0
0;1;0;0
1;1;0;0
2;1;0;0
3;1;0;0
4;1;0;0
5;1;0;0
6;1;0;0
7;1;0;0
8;1;0;0
9;1;0;0
10;1;0;0
11;1;0;0
12;1;0;0
13;1;0;0
14;1;0;0
15;1;0;0
16;1;0;0
17;1;0;0
18;1;0;0
19;1;0;0
20;1;0;0
21;1;0;0
22;1;0;0
23;1;0;0
24;1;0;0
25;1;0;0
26;1;0;0
27;1;0;0
28;1;0;0
29;1;0;0
30;1;0;0
31;1;0;0
32;1;0;0
33;1;0;0
34;1;0;0
35;1;0;0
36;1;0;0
37;1;0;0
38;1;0;0
39;1;0;0
40;1;0;0
41;1;0;0
42;1;0;0
43;1;0;0
44;1;0;0
45;1;0;0
46;1;0;0
47;1;0;0
48;1;0;0
49;1;0;0
50;1;0;0
51;1;0;0
52;1;0;0
53;1;0;0
54;1;0;0
55;1;0;0
56;1;0;0
57;1;2;0
58;1;2;0
59;1;2;0
60;1;2;0
61;1;2;0
62;1;2;0
63;1;2;0
64;1;2;0
65;1;2;0
66;1;2;0
67;1;2;0
68;1;2;0
69;1;2;0
70;1;2;0
71;1;2;0
72;1;2;0
73;1;2;0
74;1;2;0
75;1;2;0
76;1;2;0
77;1;2;0
78;1;2;0
79;1;2;0
80;1;25058;0
81;1;15;0
82;1;15;0
83;1;10722;0
84;1;2;0
85;1;2;0
86;1;2;0
87;1;2;0
88;1;0;0
89;1;0;0
90;1;0;0
91;1;0;0
92;1;0;0
93;1;0;0
94;1;0;0
95;1;0;0
96;1;0;0
97;1;0;0
98;1;0;0
99;1;0;0
100;1;0;0
101;1;0;0
102;1;0;0
103;1;0;0
104;1;0;0
105;1;0;0
106;1;0;0
107;1;0;0
108;1;0;0
109;1;0;0
110;1;0;0
111;1;0;0
112;1;0;0
113;1;0;0
114;1;42;0
115;1;7650;0
116;1;15;0
117;1;15;0
118;1;15;0
119;1;15;0
120;1;3554;0
121;1;2;0
122;1;2;0
123;1;0;0
124;1;0;0
125;1;0;0
126;1;0;0
127;1;0;0
128;1;0;0
129;1;0;0
130;1;0;0
131;1;0;0
132;1;0;0
133;1;0;0
134;1;0;0
135;1;0;0
136;1;0;0
137;1;0;0
138;1;0;0
139;1;0;0
0;2;0;0
1;2;0;0
2;2;0;0
3;2;0;0
4;2;0;0
5;2;0;0
6;2;0;0
7;2;0;0
8;2;0;0
9;2;0;0
10;2;0;0
11;2;0;0
12;2;0;0
13;2;0;0
14;2;0;0
15;2;0;0
16;2;0;0
17;2;0;0
18;2;0;0
19;2;0;0
20;2;0;0
21;2;0;0
22;2;0;0
23;2;0;0
24;2;0;0
25;2;0;0
26;2;0;0
27;2;0;0
28;2;0;0
29;2;0;0
30;2;0;0
31;2;0;0
32;2;0;0
33;2;0;0
34;2;0;0
35;2;0;0
36;2;0;0
37;2;0;0
38;2;0;0
39;2;0;0
40;2;0;0
41;2;0;0
42;2;0;0
43;2;0;0
44;2;0;0
45;2;0;0
46;2;0;0
47;2;0;0
48;2;0;0
49;2;0;0
50;2;0;0
51;2;0;0
52;2;0;0
53;2;0;0
54;2;0;0
55;2;0;0
56;2;0;0
57;2;2;0
58;2;2;0
59;2;2;0
60;2;2;0
61;2;2;0
62;2;2;0
63;2;2;0
64;2;2;0
65;2;2;0
66;2;2;0
67;2;2;0
68;2;2;0
69;2;2;0
70;2;2;0
71;2;2;0
72;2;2;0
73;2;2;0
74;2;2;0
75;2;2;0
76;2;2;0
77;2;2;0
78;2;2;0
79;2;8674;0
80;2;15;0
81;2;15;0
82;2;15;0
83;2;3554;0
84;2;2;0
85;2;2;0
86;2;2;0
87;2;2;0
88;2;0;0
89;2;0;0
90;2;0;0
91;2;0;0
92;2;0;0
93;2;0;0
94;2;0;0
95;2;0;0
96;2;0;0
97;2;0;0
98;2;0;0
99;2;0;0
100;2;0;0
101;2;0;0
102;2;0;0
103;2;0;0
104;2;0;0
105;2;0;0
106;2;0;0
107;2;0;0
108;2;0;0
109;2;0;0
110;2;0;0
111;2;0;0
112;2;0;0
113;2;0;0
114;2;42;0
115;2;2;0
116;2;14818;0
117;2;15;0
118;2;15;0
119;2;19938;0
120;2;2;0
121;2;2;0
122;2;2;0
123;2;0;0
124;2;0;0
125;2;0;0
126;2;0;0
127;2;0;0
128;2;0;0
129;2;0;0
130;2;0;0
131;2;0;0
132;2;0;0
133;2;0;0
134;2;0;0
135;2;0;0
136;2;0;0
137;2;0;0
138;2;0;0
139;2;0;0
0;3;0;0
1;3;0;0
2;3;0;0
3;3;0;0
4;3;0;0
5;3;0;0
6;3;0;0
7;3;0;0
8;3;0;0
9;3;0;0
10;3;0;0
11;3;0;0
12;3;0;0
13;3;0;0
14;3;0;0
15;3;0;0
16;3;0;0
17;3;0;0
18;3;0;0
19;3;0;0
20;3;0;0
21;3;0;0
22;3;0;0
23;3;0;0
24;3;0;0
25;3;0;0
26;3;0;0
27;3;0;0
28;3;0;0
29;3;0;0
30;3;0;0
31;3;0;0
32;3;0;0
33;3;0;0
34;3;0;0
35;3;0;0
36;3;0;0
37;3;0;0
38;3;0;0
39;3;0;0
40;3;0;0
41;3;0;0
42;3;0;0
43;3;0;0
44;3;0;0
45;3;0;0
46;3;0;0
47;3;0;0
48;3;0;0
49;3;0;0
50;3;0;0
51;3;0;0
52;3;0;0
53;3;0;0
54;3;0;0
55;3;0;0
56;3;2;0
57;3;2;0
58;3;2;0
59;3;2;0
60;3;2;0
61;3;2;0
62;3;2;0
63;3;2;0
64;3;2;0
65;3;2;0
66;3;2;0
67;3;2;0
68;3;2;0
69;3;2;0
70;3;2;0
71;3;2;0
72;3;2;0
73;3;2;0
74;3;2;0
75;3;2;0
76;3;6626;0
77;3;5602;0
78;3;2;0
79;3;12770;0
80;3;15;0
81;3;15;0
82;3;19938;0
83;3;2;0
84;3;2;0
85;3;2;0
86;3;0;0
87;3;0;0
88;3;0;0
89;3;0;0
90;3;0;0
91;3;0;0
92;3;0;0
93;3;0;0
94;3;0;0
95;3;0;0
96;3;0;0
97;3;0;0
98;3;0;0
99;3;0;0
100;3;0;0
101;3;0;0
102;3;0;0
103;3;0;0
104;3;0;0
105;3;0;0
106;3;0;0
107;3;0;0
108;3;0;0
109;3;0;0
110;3;0;0
111;3;0;0
112;3;0;0
113;3;0;0
114;3;42;0
115;3;2;0
116;3;2;0
117;3;24034;0
118;3;15;0
119;3;20962;0
120;3;2;0
121;3;2;0
122;3;2;0
123;3;0;0
124;3;0;0
125;3;0;0
126;3;0;0
127;3;0;0
128;3;0;0
129;3;0;0
130;3;0;0
131;3;0;0
132;3;0;0
133;3;0;0
134;3;0;0
135;3;0;0
136;3;0;0
137;3;0;0
138;3;0;0
139;3;0;0
0;4;0;0
1;4;0;0
2;4;0;0
3;4;0;0
4;4;0;0
5;4;0;0
6;4;0;0
7;4;0;0
8;4;0;0
9;4;0;0
10;4;0;0
11;4;0;0
12;4;0;0
13;4;0;0
14;4;0;0
15;4;0;0
16;4;0;0
17;4;0;0
18;4;0;0
19;4;0;0
20;4;0;0
21;4;0;0
22;4;0;0
23;4;0;0
24;4;0;0
25;4;0;0
26;4;0;0
27;4;0;0
28;4;0;0
29;4;0;0
30;4;0;0
31;4;0;0
32;4;0;0
33;4;0;0
34;4;0;0
35;4;0;0
36;4;0;0
37;4;0;0
38;4;0;0
39;4;0;0
40;4;0;0
41;4;0;0
42;4;0;0
43;4;0;0
44;4;0;0
45;4;0;0
46;4;0;0
47;4;2;0
48;4;2;0
49;4;2;0
50;4;2;0
51;4;2;0
52;4;2;0
53;4;2;0
54;4;2;0
55;4;2;0
56;4;2;0
57;4;2;0
58;4;2;0
59;4;2;0
60;4;2;0
61;4;2;0
62;4;2;0
63;4;2;0
64;4;2;0
65;4;2;0
66;4;2;0
67;4;2;0
68;4;2;0
69;4;2;0
70;4;2;0
71;4;2;0
72;4;2;0
73;4;2;0
74;4;2;0
75;4;8674;0
76;4;15;0
77;4;15;0
78;4;23010;0
79;4;29154;0
80;4;15;0
81;4;15;0
82;4;10722;0
83;4;2;0
84;4;2;0
85;4;2;0
86;4;0;0
87;4;0;0
88;4;0;0
89;4;0;0
90;4;0;0
91;4;0;0
92;4;0;0
93;4;0;0
94;4;0;0
95;4;0;0
96;4;0;0
97;4;0;0
98;4;0;0
99;4;0;0
100;4;0;0
101;4;0;0
102;4;0;0
103;4;0;0
104;4;0;0
105;4;0;0
106;4;0;0
107;4;0;0
108;4;0;0
109;4;0;0
110;4;0;0
111;4;0;0
112;4;0;0
113;4;0;0
114;4;42;0
115;4;42;0
116;4;2;0
117;4;12770;0
118;4;15;0
119;4;15;0
120;4;4578;0
121;4;2;0
122;4;2;0
123;4;0;0
124;4;0;0
125;4;0;0
126;4;0;0
127;4;0;0
128;4;0;0
129;4;0;0
130;4;0;0
131;4;0;0
132;4;0;0
133;4;0;0
134;4;0;0
135;4;0;0
136;4;0;0
137;4;0;0
138;4;0;0
139;4;0;0
0;5;0;0
1;5;0;0
2;5;0;0
3;5;0;0
4;5;0;0
5;5;0;0
6;5;0;0
7;5;0;0
8;5;0;0
9;5;0;0
10;5;0;0
11;5;0;0
12;5;0;0
13;5;0;0
14;5;0;0
15;5;0;0
16;5;0;0
17;5;0;0
18;5;0;0
19;5;0;0
20;5;0;0
21;5;0;0
22;5;0;0
23;5;0;0
24;5;0;0
25;5;0;0
26;5;0;0
27;5;0;0
28;5;0;0
29;5;0;0
30;5;0;0
31;5;0;0
32;5;0;0
33;5;0;0
34;5;0;0
35;5;0;0
36;5;0;0
37;5;0;0
38;5;0;0
39;5;0;0
40;5;0;0
41;5;0;0
42;5;0;0
43;5;0;0
44;5;0;0
45;5;0;0
46;5;0;0
47;5;2;0
48;5;2;0
49;5;2;0
50;5;2;0
51;5;2;0
52;5;2;0
53;5;2;0
54;5;2;0
55;5;2;0
56;5;2;0
57;5;2;0
58;5;2;0
59;5;2;0
60;5;2;0
61;5;2;0
62;5;2;0
63;5;2;0
64;5;2;0
65;5;2;0
66;5;2;0
67;5;2;0
68;5;2;0
69;5;2;0
70;5;2;0
71;5;2;0
72;5;2;0
73;5;6626;0
74;5;11746;0
75;5;29154;0
76;5;15;0
77;5;15;0
78;5;15;0
79;5;15;0
80;5;15;0
81;5;15;0
82;5;3554;0
83;5;2;0
84;5;2;0
85;5;2;0
86;5;0;0
87;5;0;0
88;5;0;0
89;5;0;0
90;5;0;0
91;5;0;0
92;5;0;0
93;5;0;0
94;5;0;0
95;5;0;0
96;5;0;0
97;5;0;0
98;5;0;0
99;5;0;0
100;5;0;0
101;5;0;0
102;5;0;0
103;5;0;0
104;5;0;0
105;5;0;0
106;5;0;0
107;5;0;0
108;5;0;0
109;5;0;0
110;5;0;0
111;5;0;0
112;5;0;0
113;5;0;0
114;5;0;0
115;5;42;0
116;5;2;0
117;5;12770;0
118;5;15;0
119;5;15;0
120;5;10722;0
121;5;2;0
122;5;2;0
123;5;0;0
124;5;0;0
125;5;0;0
126;5;0;0
127;5;0;0
128;5;0;0
129;5;0;0
130;5;0;0
131;5;0;0
132;5;0;0
133;5;0;0
134;5;0;0
135;5;0;0
136;5;0;0
137;5;0;0
138;5;0;0
139;5;0;0
0;6;0;0
1;6;0;0
2;6;0;0
3;6;0;0
4;6;0;0
5;6;0;0
6;6;0;0
7;6;0;0
8;6;0;0
9;6;0;0
10;6;0;0
11;6;0;0
12;6;0;0
13;6;0;0
14;6;0;0
15;6;0;0
16;6;0;0
17;6;0;0
18;6;0;0
19;6;0;0
20;6;0;0
21;6;0;0
22;6;0;0
23;6;0;0
24;6;0;0
25;6;0;0
26;6;0;0
27;6;0;0
28;6;0;0
29;6;0;0
30;6;0;0
31;6;0;0
32;6;0;0
33;6;0;0
34;6;0;0
35;6;0;0
36;6;0;0
37;6;2;0
38;6;2;0
39;6;2;0
40;6;2;0
41;6;2;0
42;6;2;0
43;6;2;0
44;6;2;0
45;6;2;0
46;6;2;0
47;6;2;0
48;6;2;0
49;6;2;0
50;6;2;0
51;6;2;0
52;6;2;0
53;6;2;0
54;6;2;0
55;6;2;0
56;6;2;0
57;6;2;0
58;6;2;0
59;6;2;0
60;6;2;0
61;6;2;0
62;6;2;0
63;6;2;0
64;6;2;0
65;6;2;0
66;6;2;0
67;6;2;0
68;6;2;0
69;6;6626;0
70;6;11746;0
71;6;11746;0
72;6;21986;0
73;6;15;0
74;6;15;0
75;6;15;0
76;6;15;0
77;6;15;0
78;6;15;0
79;6;15;0
80;6;26082;0
81;6;1506;0
82;6;2;0
83;6;2;0
84;6;2;0
85;6;2;0
86;6;0;0
87;6;0;0
88;6;0;0
89;6;0;0
90;6;0;0
91;6;0;0
92;6;0;0
93;6;0;0
94;6;0;0
95;6;0;0
96;6;0;0
97;6;0;0
98;6;0;0
99;6;0;0
100;6;0;0
101;6;0;0
102;6;0;0
103;6;0;0
104;6;0;0
105;6;0;0
106;6;0;0
107;6;0;0
108;6;0;0
109;6;0;0
110;6;0;0
111;6;0;0
112;6;0;0
113;6;0;0
114;6;0;0
115;6;42;0
116;6;2;0
117;6;12770;0
118;6;15;0
119;6;15;0
120;6;10722;0
121;6;2;0
122;6;2;0
123;6;0;0
124;6;0;0
125;6;0;0
126;6;0;0
127;6;0;0
128;6;0;0
129;6;0;0
130;6;0;0
131;6;0;0
132;6;0;0
133;6;0;0
134;6;0;0
135;6;0;0
136;6;0;0
137;6;0;0
138;6;0;0
139;6;0;0
0;7;0;0
1;7;0;0
2;7;0;0
3;7;0;0
4;7;0;0
5;7;0;0
6;7;0;0
7;7;0;0
8;7;0;0
9;7;0;0
10;7;0;0
11;7;0;0
12;7;0;0
13;7;0;0
14;7;0;0
15;7;0;0
16;7;0;0
17;7;0;0
18;7;0;0
19;7;0;0
20;7;0;0
21;7;0;0
22;7;0;0
23;7;0;0
24;7;0;0
25;7;0;0
26;7;0;0
27;7;0;0
28;7;0;0
29;7;0;0
30;7;2;0
31;7;2;0
32;7;2;0
33;7;2;0
34;7;2;0
35;7;2;0
36;7;2;0
37;7;2;0
38;7;2;0
39;7;2;0
40;7;2;0
41;7;2;0
42;7;2;0
43;7;2;0
44;7;2;0
45;7;2;0
46;7;2;0
47;7;2;0
48;7;2;0
49;7;2;0
50;7;2;0
51;7;2;0
52;7;2;0
53;7;2;0
54;7;2;0
55;7;6626;0
56;7;5602;0
57;7;2;0
58;7;2;0
59;7;2;0
60;7;2;0
61;7;2;0
62;7;2;0
63;7;2;0
64;7;6626;0
65;7;11746;0
66;7;5602;0
67;7;2;0
68;7;8674;0
69;7;15;0
70;7;15;0
71;7;15;0
72;7;15;0
73;7;15;0
74;7;15;0
75;7;15;0
76;7;15;0
77;7;15;0
78;7;15;0
79;7;15;0
80;7;3554;0
81;7;2;0
82;7;2;0
83;7;2;0
84;7;2;0
85;7;2;0
86;7;0;0
87;7;0;0
88;7;0;0
89;7;0;0
90;7;0;0
91;7;0;0
92;7;0;0
93;7;0;0
94;7;0;0
95;7;0;0
96;7;0;0
97;7;0;0
98;7;0;0
99;7;0;0
100;7;0;0
101;7;0;0
102;7;0;0
103;7;0;0
104;7;0;0
105;7;0;0
106;7;0;0
107;7;0;0
108;7;0;0
109;7;0;0
110;7;0;0
111;7;0;0
112;7;0;0
113;7;0;0
114;7;0;0
115;7;42;0
116;7;2;0
117;7;25058;0
118;7;15;0
119;7;15;0
120;7;3554;0
121;7;2;0
122;7;2;0
123;7;2;0
124;7;0;0
125;7;0;0
126;7;0;0
127;7;0;0
128;7;0;0
129;7;0;0
130;7;0;0
131;7;0;0
132;7;0;0
133;7;0;0
134;7;0;0
135;7;0;0
136;7;0;0
137;7;0;0
138;7;0;0
139;7;0;0
0;8;0;0
1;8;0;0
2;8;0;0
3;8;0;0
4;8;0;0
5;8;0;0
6;8;0;0
7;8;0;0
8;8;0;0
9;8;0;0
10;8;0;0
11;8;0;0
12;8;0;0
13;8;0;0
14;8;0;0
15;8;0;0
16;8;0;0
17;8;0;0
18;8;0;0
19;8;0;0
20;8;0;0
21;8;0;0
22;8;0;0
23;8;0;0
24;8;0;0
25;8;0;0
26;8;0;0
27;8;0;0
28;8;0;0
29;8;0;0
30;8;2;0
31;8;2;0
32;8;2;0
33;8;2;0
34;8;2;0
35;8;2;0
36;8;2;0
37;8;2;0
38;8;2;0
39;8;2;0
40;8;2;0
41;8;2;0
42;8;2;0
43;8;2;0
44;8;2;0
45;8;2;0
46;8;2;0
47;8;2;0
48;8;2;0
49;8;2;0
50;8;2;0
51;8;2;0
52;8;2;0
53;8;2;0
54;8;8674;0
55;8;15;0
56;8;15;0
57;8;4578;0
58;8;2;0
59;8;6626;0
60;8;11746;0
61;8;11746;0
62;8;11746;0
63;8;21986;0
64;8;15;0
65;8;15;0
66;8;15;0
67;8;4578;0
68;8;7650;0
69;8;15;0
70;8;15;0
71;8;15;0
72;8;15;0
73;8;15;0
74;8;15;0
75;8;15;0
76;8;17890;0
77;8;9698;0
78;8;9698;0
79;8;1506;0
80;8;2;0
81;8;2;0
82;8;2;0
83;8;2;0
84;8;2;0
85;8;2;0
86;8;0;0
87;8;0;0
88;8;0;0
89;8;0;0
90;8;0;0
91;8;0;0
92;8;0;0
93;8;0;0
94;8;0;0
95;8;0;0
96;8;0;0
97;8;0;0
98;8;0;0
99;8;0;0
100;8;0;0
101;8;0;0
102;8;0;0
103;8;0;0
104;8;0;0
105;8;0;0
106;8;0;0
107;8;0;0
108;8;0;0
109;8;0;0
110;8;0;0
111;8;0;0
112;8;0;0
113;8;0;0
114;8;0;0
115;8;42;0
116;8;8674;0
117;8;15;0
118;8;15;0
119;8;13794;0
120;8;2;0
121;8;2;0
122;8;2;0
123;8;2;0
124;8;0;0
125;8;0;0
126;8;0;0
127;8;0;0
128;8;0;0
129;8;0;0
130;8;0;0
131;8;0;0
132;8;0;0
133;8;0;0
134;8;0;0
135;8;0;0
136;8;0;0
137;8;0;0
138;8;0;0
139;8;0;0
0;9;0;0
1;9;0;0
2;9;0;0
3;9;0;0
4;9;0;0
5;9;0;0
6;9;0;0
7;9;0;0
8;9;0;0
9;9;0;0
10;9;0;0
11;9;0;0
12;9;0;0
13;9;0;0
14;9;0;0
15;9;0;0
16;9;0;0
17;9;0;0
18;9;0;0
19;9;0;0
20;9;0;0
21;9;0;0
22;9;0;0
23;9;0;0
24;9;0;0
25;9;0;0
26;9;0;0
27;9;0;0
28;9;0;0
29;9;0;0
30;9;2;0
31;9;2;0
32;9;2;0
33;9;2;0
34;9;2;0
35;9;2;0
36;9;2;0
37;9;2;0
38;9;2;0
39;9;2;0
40;9;2;0
41;9;2;0
42;9;2;0
43;9;2;0
44;9;2;0
45;9;2;0
46;9;2;0
47;9;2;0
48;9;2;0
49;9;2;0
50;9;2;0
51;9;2;0
52;9;2;0
53;9;2;0
54;9;12770;0
55;9;15;0
56;9;15;0
57;9;28130;0
58;9;21986;0
59;9;15;0
60;9;15;0
61;9;15;0
62;9;15;0
63;9;15;0
64;9;15;0
65;9;15;0
66;9;15;0
67;9;20962;0
68;9;2;0
69;9;14818;0
70;9;15;0
71;9;15;0
72;9;15;0
73;9;17890;0
74;9;9698;0
75;9;1506;0
76;9;2;0
77;9;2;0
78;9;2;0
79;9;2;0
80;9;2;0
81;9;2;0
82;9;0;0
83;9;0;0
84;9;0;0
85;9;0;0
86;9;0;0
87;9;0;0
88;9;0;0
89;9;0;0
90;9;0;0
91;9;0;0
92;9;0;0
93;9;0;0
94;9;0;0
95;9;0;0
96;9;0;0
97;9;0;0
98;9;0;0
99;9;0;0
100;9;0;0
101;9;0;0
102;9;0;0
103;9;0;0
104;9;0;0
105;9;0;0
106;9;0;0
107;9;0;0
108;9;0;0
109;9;0;0
110;9;0;0
111;9;0;0
112;9;0;0
113;9;0;0
114;9;0;0
115;9;42;0
116;9;12770;0
117;9;15;0
118;9;19938;0
119;9;2;0
120;9;2;0
121;9;2;0
122;9;2;0
123;9;2;0
124;9;0;0
125;9;0;0
126;9;0;0
127;9;0;0
128;9;0;0
129;9;0;0
130;9;0;0
131;9;0;0
132;9;0;0
133;9;0;0
134;9;0;0
135;9;0;0
136;9;0;0
137;9;0;0
138;9;0;0
139;9;0;0
0;10;0;0
1;10;0;0
2;10;0;0
3;10;0;0
4;10;0;0
5;10;0;0
6;10;0;0
7;10;0;0
8;10;0;0
9;10;0;0
10;10;0;0
11;10;0;0
12;10;0;0
13;10;0;0
14;10;0;0
15;10;0;0
16;10;0;0
17;10;0;0
18;10;0;0
19;10;0;0
20;10;0;0
21;10;0;0
22;10;0;0
23;10;0;0
24;10;0;0
25;10;2;0
26;10;2;0
27;10;2;0
28;10;2;0
29;10;2;0
30;10;2;0
31;10;2;0
32;10;2;0
33;10;2;0
34;10;2;0
35;10;2;0
36;10;2;0
37;10;2;0
38;10;2;0
39;10;2;0
40;10;2;0
41;10;2;0
42;10;2;0
43;10;2;0
44;10;2;0
45;10;2;0
46;10;2;0
47;10;2;0
48;10;2;0
49;10;2;0
50;10;6626;0
51;10;11746;0
52;10;11746;0
53;10;11746;0
54;10;29154;0
55;10;15;0
56;10;15;0
57;10;15;0
58;10;15;0
59;10;15;0
60;10;15;0
61;10;15;0
62;10;15;0
63;10;15;0
64;10;15;0
65;10;15;0
66;10;15;0
67;10;15;0
68;10;4578;0
69;10;2;0
70;10;2530;0
71;10;9698;0
72;10;1506;0
73;10;2;0
74;10;2;0
75;10;2;0
76;10;2;0
77;10;2;0
78;10;2;0
79;10;2;0
80;10;2;0
81;10;2;0
82;10;0;0
83;10;0;0
84;10;0;0
85;10;0;0
86;10;0;0
87;10;0;0
88;10;0;0
89;10;0;0
90;10;0;0
91;10;0;0
92;10;0;0
93;10;0;0
94;10;0;0
95;10;0;0
96;10;0;0
97;10;0;0
98;10;0;0
99;10;0;0
100;10;0;0
101;10;0;0
102;10;0;0
103;10;0;0
104;10;0;0
105;10;0;0
106;10;0;0
107;10;0;0
108;10;0;0
109;10;0;0
110;10;0;0
111;10;0;0
112;10;0;0
113;10;0;0
114;10;0;0
115;10;42;0
116;10;12770;0
117;10;15;0
118;10;20962;0
119;10;2;0
120;10;2;0
121;10;2;0
122;10;2;0
123;10;2;0
124;10;0;0
125;10;0;0
126;10;0;0
127;10;0;0
128;10;0;0
129;10;0;0
130;10;0;0
131;10;0;0
132;10;0;0
133;10;0;0
134;10;0;0
135;10;0;0
136;10;0;0
137;10;0;0
138;10;0;0
139;10;0;0
0;11;0;0
1;11;0;0
2;11;0;0
3;11;0;0
4;11;0;0
5;11;0;0
6;11;0;0
7;11;0;0
8;11;0;0
9;11;0;0
10;11;0;0
11;11;0;0
12;11;0;0
13;11;0;0
14;11;0;0
15;11;0;0
16;11;0;0
17;11;0;0
18;11;0;0
19;11;0;0
20;11;0;0
21;11;0;0
22;11;0;0
23;11;0;0
24;11;0;0
25;11;2;0
26;11;2;0
27;11;2;0
28;11;2;0
29;11;2;0
30;11;2;0
31;11;2;0
32;11;2;0
33;11;2;0
34;11;2;0
35;11;2;0
36;11;2;0
37;11;2;0
38;11;2;0
39;11;2;0
40;11;6626;0
41;11;11746;0
42;11;11746;0
43;11;11746;0
44;11;11746;0
45;11;11746;0
46;11;11746;0
47;11;11746;0
48;11;11746;0
49;11;21986;0
50;11;15;0
51;11;15;0
52;11;15;0
53;11;15;0
54;11;15;0
55;11;15;0
56;11;15;0
57;11;15;0
58;11;15;0
59;11;15;0
60;11;15;0
61;11;15;0
62;11;15;0
63;11;15;0
64;11;15;0
65;11;15;0
66;11;15;0
67;11;15;0
68;11;20962;0
69;11;2;0
70;11;2;0
71;11;2;0
72;11;2;0
73;11;2;0
74;11;2;0
75;11;2;0
76;11;2;0
77;11;2;0
78;11;2;0
79;11;2;0
80;11;2;0
81;11;2;0
82;11;0;0
83;11;0;0
84;11;0;0
85;11;0;0
86;11;0;0
87;11;0;0
88;11;0;0
89;11;0;0
90;11;0;0
91;11;0;0
92;11;0;0
93;11;0;0
94;11;0;0
95;11;0;0
96;11;0;0
97;11;0;0
98;11;0;0
99;11;0;0
100;11;0;0
101;11;0;0
102;11;0;0
103;11;0;0
104;11;0;0
105;11;0;0
106;11;0;0
107;11;0;0
108;11;0;0
109;11;0;0
110;11;0;0
111;11;0;0
112;11;0;0
113;11;0;0
114;11;2;0
115;11;42;0
116;11;12770;0
117;11;15;0
118;11;15;0
119;11;4578;0
120;11;2;0
121;11;2;0
122;11;2;0
123;11;2;0
124;11;0;0
125;11;0;0
126;11;0;0
127;11;0;0
128;11;0;0
129;11;0;0
130;11;0;0
131;11;0;0
132;11;0;0
133;11;0;0
134;11;0;0
135;11;0;0
136;11;0;0
137;11;0;0
138;11;0;0
139;11;0;0
0;12;0;0
1;12;0;0
2;12;0;0
3;12;0;0
4;12;0;0
5;12;0;0
6;12;0;0
7;12;0;0
8;12;0;0
9;12;0;0
10;12;0;0
11;12;0;0
12;12;0;0
13;12;0;0
14;12;0;0
15;12;0;0
16;12;0;0
17;12;0;0
18;12;0;0
19;12;0;0
20;12;0;0
21;12;2;0
22;12;2;0
23;12;2;0
24;12;2;0
25;12;2;0
26;12;2;0
27;12;2;0
28;12;2;0
29;12;2;0
30;12;2;0
31;12;2;0
32;12;2;0
33;12;2;0
34;12;2;0
35;12;2;0
36;12;2;0
37;12;2;0
38;12;6626;0
39;12;21986;0
40;12;15;0
41;12;15;0
42;12;15;0
43;12;15;0
44;12;15;0
45;12;15;0
46;12;15;0
47;12;15;0
48;12;15;0
49;12;15;0
50;12;15;0
51;12;15;0
52;12;15;0
53;12;15;0
54;12;15;0
55;12;15;0
56;12;15;0
57;12;17890;0
58;12;9698;0
59;12;9698;0
60;12;9698;0
61;12;18914;0
62;12;15;0
63;12;15;0
64;12;17890;0
65;12;18914;0
66;12;15;0
67;12;15;0
68;12;15;0
69;12;4578;0
70;12;2;0
71;12;2;0
72;12;2;0
73;12;2;0
74;12;2;0
75;12;2;0
76;12;2;0
77;12;2;0
78;12;2;0
79;12;0;0
80;12;0;0
81;12;0;0
82;12;0;0
83;12;0;0
84;12;0;0
85;12;0;0
86;12;0;0
87;12;0;0
88;12;0;0
89;12;0;0
90;12;0;0
91;12;0;0
92;12;0;0
93;12;0;0
94;12;0;0
95;12;0;0
96;12;0;0
97;12;0;0
98;12;0;0
99;12;0;0
100;12;0;0
101;12;0;0
102;12;0;0
103;12;0;0
104;12;0;0
105;12;0;0
106;12;0;0
107;12;0;0
108;12;0;0
109;12;0;0
110;12;0;0
111;12;0;0
112;12;0;0
113;12;0;0
114;12;42;0
115;12;42;0
116;12;12770;0
117;12;15;0
118;12;15;0
119;12;20962;0
120;12;2;0
121;12;2;0
122;12;2;0
123;12;2;0
124;12;2;0
125;12;0;0
126;12;0;0
127;12;0;0
128;12;0;0
129;12;0;0
130;12;0;0
131;12;0;0
132;12;0;0
133;12;0;0
134;12;0;0
135;12;0;0
136;12;0;0
137;12;0;0
138;12;0;0
139;12;0;0
0;13;0;0
1;13;0;0
2;13;0;0
3;13;0;0
4;13;0;0
5;13;0;0
6;13;0;0
7;13;0;0
8;13;0;0
9;13;0;0
10;13;0;0
11;13;0;0
12;13;0;0
13;13;0;0
14;13;0;0
15;13;0;0
16;13;0;0
17;13;0;0
18;13;0;0
19;13;0;0
20;13;0;0
21;13;2;0
22;13;2;0
23;13;2;0
24;13;2;0
25;13;2;0
26;13;2;0
27;13;2;0
28;13;2;0
29;13;2;0
30;13;2;0
31;13;2;0
32;13;2;0
33;13;2;0
34;13;2;0
35;13;2;0
36;13;6626;0
37;13;21986;0
38;13;15;0
39;13;15;0
40;13;15;0
41;13;15;0
42;13;17890;0
43;13;9698;0
44;13;9698;0
45;13;27106;0
46;13;15;0
47;13;15;0
48;13;15;0
49;13;15;0
50;13;15;0
51;13;15;0
52;13;15;0
53;13;15;0
54;13;15;0
55;13;17890;0
56;13;1506;0
57;13;2;0
58;13;2;0
59;13;2;0
60;13;2;0
61;13;2;0
62;13;2530;0
63;13;1506;0
64;13;2;0
65;13;2;0
66;13;2530;0
67;13;27106;0
68;13;15;0
69;13;10722;0
70;13;2;0
71;13;2;0
72;13;2;0
73;13;2;0
74;13;0;0
75;13;0;0
76;13;0;0
77;13;0;0
78;13;0;0
79;13;0;0
80;13;0;0
81;13;0;0
82;13;0;0
83;13;0;0
84;13;0;0
85;13;0;0
86;13;0;0
87;13;0;0
88;13;0;0
89;13;0;0
90;13;0;0
91;13;0;0
92;13;0;0
93;13;0;0
94;13;0;0
95;13;0;0
96;13;0;0
97;13;0;0
98;13;0;0
99;13;0;0
100;13;0;0
101;13;0;0
102;13;0;0
103;13;0;0
104;13;0;0
105;13;0;0
106;13;0;0
107;13;0;0
108;13;0;0
109;13;0;0
110;13;0;0
111;13;0;0
112;13;0;0
113;13;0;0
114;13;42;0
115;13;2;0
116;13;12770;0
117;13;15;0
118;13;15;0
119;13;15;0
120;13;2;0
121;13;2;0
122;13;2;0
123;13;2;0
124;13;2;0
125;13;0;0
126;13;0;0
127;13;0;0
128;13;0;0
129;13;0;0
130;13;0;0
131;13;0;0
132;13;0;0
133;13;0;0
134;13;0;0
135;13;0;0
136;13;0;0
137;13;0;0
138;13;0;0
139;13;0;0
0;14;0;0
1;14;0;0
2;14;0;0
3;14;0;0
4;14;0;0
5;14;0;0
6;14;0;0
7;14;0;0
8;14;0;0
9;14;0;0
10;14;0;0
11;14;0;0
12;14;0;0
13;14;0;0
14;14;0;0
15;14;0;0
16;14;0;0
17;14;0;0
18;14;0;0
19;14;0;0
20;14;0;0
21;14;2;0
22;14;2;0
23;14;2;0
24;14;2;0
25;14;2;0
26;14;2;0
27;14;2;0
28;14;2;0
29;14;2;0
30;14;2;0
31;14;6626;0
32;14;11746;0
33;14;11746;0
34;14;11746;0
35;14;21986;0
36;14;15;0
37;14;15;0
38;14;15;0
39;14;15;0
40;14;17890;0
41;14;1506;0
42;14;2;0
43;14;2;0
44;14;2;0
45;14;12770;0
46;14;15;0
47;14;15;0
48;14;15;0
49;14;15;0
50;14;15;0
51;14;15;0
52;14;26082;0
53;14;9698;0
54;14;1506;0
55;14;2;0
56;14;2;0
57;14;2;0
58;14;2;0
59;14;2;0
60;14;2;0
61;14;2;0
62;14;2;0
63;14;2;0
64;14;2;0
65;14;2;0
66;14;2;0
67;14;12770;0
68;14;15;0
69;14;20962;0
70;14;2;0
71;14;2;0
72;14;2;0
73;14;2;0
74;14;0;0
75;14;0;0
76;14;0;0
77;14;0;0
78;14;0;0
79;14;0;0
80;14;0;0
81;14;0;0
82;14;0;0
83;14;0;0
84;14;0;0
85;14;0;0
86;14;0;0
87;14;0;0
88;14;0;0
89;14;0;0
90;14;0;0
91;14;0;0
92;14;0;0
93;14;0;0
94;14;0;0
95;14;0;0
96;14;0;0
97;14;0;0
98;14;0;0
99;14;0;0
100;14;0;0
101;14;0;0
102;14;0;0
103;14;0;0
104;14;0;0
105;14;0;0
106;14;0;0
107;14;0;0
108;14;0;0
109;14;0;0
110;14;0;0
111;14;0;0
112;14;0;0
113;14;0;0
114;14;42;0
115;14;2;0
116;14;7650;0
117;14;15;0
118;14;17890;0
119;14;1506;0
120;14;2;0
121;14;2;0
122;14;2;0
123;14;2;0
124;14;2;0
125;14;0;0
126;14;0;0
127;14;0;0
128;14;0;0
129;14;0;0
130;14;0;0
131;14;0;0
132;14;0;0
133;14;0;0
134;14;0;0
135;14;0;0
136;14;0;0
137;14;0;0
138;14;0;0
139;14;0;0
0;15;0;0
1;15;0;0
2;15;0;0
3;15;0;0
4;15;0;0
5;15;0;0
6;15;0;0
7;15;0;0
8;15;0;0
9;15;0;0
10;15;0;0
11;15;0;0
12;15;0;0
13;15;0;0
14;15;0;0
15;15;0;0
16;15;0;0
17;15;0;0
18;15;0;0
19;15;0;0
20;15;0;0
21;15;2;0
22;15;2;0
23;15;2;0
24;15;2;0
25;15;2;0
26;15;2;0
27;15;2;0
28;15;2;0
29;15;6626;0
30;15;21986;0
31;15;15;0
32;15;15;0
33;15;15;0
34;15;15;0
35;15;15;0
36;15;15;0
37;15;15;0
38;15;17890;0
39;15;1506;0
40;15;2;0
41;15;2;0
42;15;2;0
43;15;2;0
44;15;6626;0
45;15;29154;0
46;15;15;0
47;15;15;0
48;15;15;0
49;15;15;0
50;15;15;0
51;15;15;0
52;15;3554;0
53;15;2;0
54;15;2;0
55;15;2;0
56;15;2;0
57;15;2;0
58;15;2;0
59;15;2;0
60;15;2;0
61;15;2;0
62;15;2;0
63;15;2;0
64;15;2;0
65;15;2;0
66;15;2;0
67;15;12770;0
68;15;15;0
69;15;15;0
70;15;4578;0
71;15;2;0
72;15;2;0
73;15;0;0
74;15;0;0
75;15;0;0
76;15;0;0
77;15;0;0
78;15;0;0
79;15;0;0
80;15;0;0
81;15;0;0
82;15;0;0
83;15;0;0
84;15;0;0
85;15;0;0
86;15;0;0
87;15;0;0
88;15;0;0
89;15;0;0
90;15;0;0
91;15;0;0
92;15;0;0
93;15;0;0
94;15;0;0
95;15;0;0
96;15;0;0
97;15;0;0
98;15;0;0
99;15;0;0
100;15;0;0
101;15;0;0
102;15;0;0
103;15;0;0
104;15;0;0
105;15;0;0
106;15;0;0
107;15;0;0
108;15;0;0
109;15;0;0
110;15;0;0
111;15;0;0
112;15;0;0
113;15;0;0
114;15;42;0
115;15;2;0
116;15;2;0
117;15;2;0
118;15;2;0
119;15;2;0
120;15;2;0
121;15;2;0
122;15;2;0
123;15;2;0
124;15;2;0
125;15;0;0
126;15;0;0
127;15;0;0
128;15;0;0
129;15;0;0
130;15;0;0
131;15;0;0
132;15;0;0
133;15;0;0
134;15;0;0
135;15;0;0
136;15;0;0
137;15;0;0
138;15;0;0
139;15;0;0
0;16;0;0
1;16;0;0
2;16;0;0
3;16;0;0
4;16;0;0
5;16;0;0
6;16;0;0
7;16;0;0
8;16;0;0
9;16;0;0
10;16;0;0
11;16;0;0
12;16;0;0
13;16;0;0
14;16;0;0
15;16;0;0
16;16;0;0
17;16;2;0
18;16;2;0
19;16;2;0
20;16;2;0
21;16;2;0
22;16;2;0
23;16;2;0
24;16;2;0
25;16;2;0
26;16;2;0
27;16;6626;0
28;16;21986;0
29;16;15;0
30;16;15;0
31;16;15;0
32;16;15;0
33;16;15;0
34;16;15;0
35;16;15;0
36;16;26082;0
37;16;1506;0
38;16;2;0
39;16;2;0
40;16;2;0
41;16;2;0
42;16;2;0
43;16;8674;0
44;16;15;0
45;16;15;0
46;16;15;0
47;16;15;0
48;16;15;0
49;16;26082;0
50;16;9698;0
51;16;1506;0
52;16;2;0
53;16;2;0
54;16;2;0
55;16;2;0
56;16;2;0
57;16;2;0
58;16;2;0
59;16;2;0
60;16;2;0
61;16;2;0
62;16;2;0
63;16;2;0
64;16;2;0
65;16;2;0
66;16;2;0
67;16;12770;0
68;16;15;0
69;16;15;0
70;16;10722;0
71;16;2;0
72;16;2;0
73;16;0;0
74;16;0;0
75;16;0;0
76;16;0;0
77;16;0;0
78;16;0;0
79;16;0;0
80;16;0;0
81;16;0;0
82;16;0;0
83;16;0;0
84;16;0;0
85;16;0;0
86;16;0;0
87;16;0;0
88;16;0;0
89;16;0;0
90;16;0;0
91;16;0;0
92;16;0;0
93;16;0;0
94;16;0;0
95;16;0;0
96;16;0;0
97;16;0;0
98;16;0;0
99;16;0;0
100;16;0;0
101;16;0;0
102;16;0;0
103;16;0;0
104;16;0;0
105;16;0;0
106;16;0;0
107;16;0;0
108;16;0;0
109;16;0;0
110;16;0;0
111;16;0;0
112;16;0;0
113;16;0;0
114;16;42;0
115;16;2;0
116;16;2;0
117;16;2;0
118;16;6626;0
119;16;5602;0
120;16;2;0
121;16;2;0
122;16;2;0
123;16;2;0
124;16;2;0
125;16;0;0
126;16;0;0
127;16;0;0
128;16;0;0
129;16;0;0
130;16;0;0
131;16;0;0
132;16;0;0
133;16;0;0
134;16;0;0
135;16;0;0
136;16;0;0
137;16;0;0
138;16;0;0
139;16;0;0
0;17;0;0
1;17;0;0
2;17;0;0
3;17;0;0
4;17;0;0
5;17;0;0
6;17;0;0
7;17;0;0
8;17;0;0
9;17;0;0
10;17;0;0
11;17;0;0
12;17;0;0
13;17;0;0
14;17;0;0
15;17;0;0
16;17;0;0
17;17;2;0
18;17;2;0
19;17;2;0
20;17;2;0
21;17;2;0
22;17;6626;0
23;17;11746;0
24;17;11746;0
25;17;11746;0
26;17;21986;0
27;17;15;0
28;17;15;0
29;17;15;0
30;17;15;0
31;17;17890;0
32;17;9698;0
33;17;9698;0
34;17;27106;0
35;17;15;0
36;17;10722;0
37;17;2;0
38;17;2;0
39;17;2;0
40;17;2;0
41;17;2;0
42;17;2;0
43;17;25058;0
44;17;15;0
45;17;15;0
46;17;15;0
47;17;15;0
48;17;15;0
49;17;3554;0
50;17;2;0
51;17;2;0
52;17;2;0
53;17;2;0
54;17;2;0
55;17;2;0
56;17;2;0
57;17;2;0
58;17;2;0
59;17;2;0
60;17;2;0
61;17;0;0
62;17;0;0
63;17;2;0
64;17;2;0
65;17;2;0
66;17;2;0
67;17;12770;0
68;17;15;0
69;17;15;0
70;17;10722;0
71;17;2;0
72;17;2;0
73;17;0;0
74;17;0;0
75;17;0;0
76;17;0;0
77;17;0;0
78;17;0;0
79;17;0;0
80;17;0;0
81;17;0;0
82;17;0;0
83;17;0;0
84;17;0;0
85;17;0;0
86;17;0;0
87;17;0;0
88;17;0;0
89;17;0;0
90;17;0;0
91;17;0;0
92;17;0;0
93;17;0;0
94;17;0;0
95;17;0;0
96;17;0;0
97;17;0;0
98;17;0;0
99;17;0;0
100;17;0;0
101;17;0;0
102;17;0;0
103;17;0;0
104;17;0;0
105;17;0;0
106;17;0;0
107;17;0;0
108;17;0;0
109;17;0;0
110;17;0;0
111;17;0;0
112;17;0;0
113;17;42;0
114;17;42;0
115;17;2;0
116;17;2;0
117;17;16866;0
118;17;15;0
119;17;15;0
120;17;4578;0
121;17;2;0
122;17;2;0
123;17;2;0
124;17;2;0
125;17;0;0
126;17;0;0
127;17;0;0
128;17;0;0
129;17;0;0
130;17;0;0
131;17;0;0
132;17;0;0
133;17;0;0
134;17;0;0
135;17;0;0
136;17;0;0
137;17;0;0
138;17;0;0
139;17;0;0
0;18;0;0
1;18;0;0
2;18;0;0
3;18;0;0
4;18;0;0
5;18;0;0
6;18;0;0
7;18;0;0
8;18;0;0
9;18;0;0
10;18;0;0
11;18;0;0
12;18;0;0
13;18;0;0
14;18;0;0
15;18;0;0
16;18;0;0
17;18;2;0
18;18;2;0
19;18;2;0
20;18;2;0
21;18;8674;0
22;18;15;0
23;18;15;0
24;18;15;0
25;18;15;0
26;18;15;0
27;18;15;0
28;18;15;0
29;18;17890;0
30;18;1506;0
31;18;2;0
32;18;2;0
33;18;2;0
34;18;12770;0
35;18;15;0
36;18;10722;0
37;18;2;0
38;18;2;0
39;18;2;0
40;18;2;0
41;18;2;0
42;18;16866;0
43;18;15;0
44;18;15;0
45;18;15;0
46;18;26082;0
47;18;9698;0
48;18;1506;0
49;18;2;0
50;18;2;0
51;18;2;0
52;18;2;0
53;18;2;0
54;18;2;0
55;18;0;0
56;18;0;0
57;18;0;0
58;18;0;0
59;18;0;0
60;18;0;0
61;18;0;0
62;18;0;0
63;18;0;0
64;18;0;0
65;18;2;0
66;18;2;0
67;18;12770;0
68;18;15;0
69;18;15;0
70;18;10722;0
71;18;2;0
72;18;2;0
73;18;2;0
74;18;0;0
75;18;0;0
76;18;0;0
77;18;0;0
78;18;0;0
79;18;0;0
80;18;0;0
81;18;0;0
82;18;0;0
83;18;0;0
84;18;0;0
85;18;0;0
86;18;0;0
87;18;0;0
88;18;0;0
89;18;0;0
90;18;0;0
91;18;0;0
92;18;0;0
93;18;0;0
94;18;0;0
95;18;0;0
96;18;0;0
97;18;0;0
98;18;0;0
99;18;0;0
100;18;0;0
101;18;0;0
102;18;0;0
103;18;0;0
104;18;0;0
105;18;0;0
106;18;0;0
107;18;0;0
108;18;0;0
109;18;0;0
110;18;0;0
111;18;0;0
112;18;0;0
113;18;42;0
114;18;2;0
115;18;2;0
116;18;8674;0
117;18;15;0
118;18;15;0
119;18;15;0
120;18;10722;0
121;18;2;0
122;18;2;0
123;18;2;0
124;18;2;0
125;18;0;0
126;18;0;0
127;18;0;0
128;18;0;0
129;18;0;0
130;18;0;0
131;18;0;0
132;18;0;0
133;18;0;0
134;18;0;0
135;18;0;0
136;18;0;0
137;18;0;0
138;18;0;0
139;18;0;0
0;19;0;0
1;19;0;0
2;19;0;0
3;19;0;0
4;19;0;0
5;19;0;0
6;19;0;0
7;19;0;0
8;19;0;0
9;19;0;0
10;19;0;0
11;19;0;0
12;19;0;0
13;19;0;0
14;19;0;0
15;19;0;0
16;19;0;0
17;19;2;0
18;19;2;0
19;19;2;0
20;19;2;0
21;19;12770;0
22;19;15;0
23;19;15;0
24;19;15;0
25;19;15;0
26;19;15;0
27;19;15;0
28;19;13794;0
29;19;2;0
30;19;2;0
31;19;2;0
32;19;2;0
33;19;2;0
34;19;25058;0
35;19;15;0
36;19;20962;0
37;19;2;0
38;19;2;0
39;19;2;0
40;19;2;0
41;19;8674;0
42;19;15;0
43;19;15;0
44;19;15;0
45;19;15;0
46;19;3554;0
47;19;2;0
48;19;2;0
49;19;2;0
50;19;2;0
51;19;2;0
52;19;2;0
53;19;2;0
54;19;2;0
55;19;0;0
56;19;0;0
57;19;0;0
58;19;0;0
59;19;0;0
60;19;0;0
61;19;0;0
62;19;0;0
63;19;0;0
64;19;0;0
65;19;0;0
66;19;2;0
67;19;12770;0
68;19;15;0
69;19;15;0
70;19;20962;0
71;19;2;0
72;19;2;0
73;19;2;0
74;19;0;0
75;19;0;0
76;19;0;0
77;19;0;0
78;19;0;0
79;19;0;0
80;19;0;0
81;19;0;0
82;19;0;0
83;19;0;0
84;19;0;0
85;19;0;0
86;19;0;0
87;19;0;0
88;19;0;0
89;19;0;0
90;19;0;0
91;19;0;0
92;19;0;0
93;19;0;0
94;19;0;0
95;19;0;0
96;19;0;0
97;19;0;0
98;19;0;0
99;19;0;0
100;19;0;0
101;19;0;0
102;19;0;0
103;19;0;0
104;19;0;0
105;19;0;0
106;19;0;0
107;19;0;0
108;19;0;0
109;19;0;0
110;19;0;0
111;19;0;0
112;19;0;0
113;19;42;0
114;19;2;0
115;19;2;0
116;19;25058;0
117;19;15;0
118;19;15;0
119;19;15;0
120;19;10722;0
121;19;2;0
122;19;2;0
123;19;2;0
124;19;2;0
125;19;0;0
126;19;0;0
127;19;0;0
128;19;0;0
129;19;0;0
130;19;0;0
131;19;0;0
132;19;0;0
133;19;0;0
134;19;0;0
135;19;0;0
136;19;0;0
137;19;0;0
138;19;0;0
139;19;0;0
0;20;0;0
1;20;0;0
2;20;0;0
3;20;0;0
4;20;0;0
5;20;0;0
6;20;0;0
7;20;0;0
8;20;0;0
9;20;0;0
10;20;0;0
11;20;0;0
12;20;0;0
13;20;0;0
14;20;0;0
15;20;0;0
16;20;0;0
17;20;2;0
18;20;2;0
19;20;2;0
20;20;2;0
21;20;25058;0
22;20;15;0
23;20;15;0
24;20;15;0
25;20;15;0
26;20;26082;0
27;20;1506;0
28;20;2;0
29;20;2;0
30;20;2;0
31;20;2;0
32;20;2;0
33;20;8674;0
34;20;15;0
35;20;15;0
36;20;15;0
37;20;4578;0
38;20;2;0
39;20;2;0
40;20;2;0
41;20;7650;0
42;20;15;0
43;20;17890;0
44;20;9698;0
45;20;1506;0
46;20;2;0
47;20;2;0
48;20;2;0
49;20;2;0
50;20;2;0
51;20;2;0
52;20;2;0
53;20;0;0
54;20;0;0
55;20;0;0
56;20;0;0
57;20;0;0
58;20;0;0
59;20;0;0
60;20;0;0
61;20;0;0
62;20;0;0
63;20;0;0
64;20;0;0
65;20;0;0
66;20;42;0
67;20;7650;0
68;20;15;0
69;20;15;0
70;20;15;0
71;20;4578;0
72;20;2;0
73;20;2;0
74;20;0;0
75;20;0;0
76;20;0;0
77;20;0;0
78;20;0;0
79;20;0;0
80;20;0;0
81;20;0;0
82;20;0;0
83;20;0;0
84;20;0;0
85;20;0;0
86;20;0;0
87;20;0;0
88;20;0;0
89;20;0;0
90;20;0;0
91;20;0;0
92;20;0;0
93;20;0;0
94;20;0;0
95;20;0;0
96;20;0;0
97;20;0;0
98;20;0;0
99;20;0;0
100;20;0;0
101;20;0;0
102;20;0;0
103;20;0;0
104;20;0;0
105;20;0;0
106;20;0;0
107;20;0;0
108;20;0;0
109;20;0;0
110;20;0;0
111;20;0;0
112;20;0;0
113;20;42;0
114;20;2;0
115;20;16866;0
116;20;15;0
117;20;15;0
118;20;15;0
119;20;15;0
120;20;10722;0
121;20;2;0
122;20;2;0
123;20;2;0
124;20;2;0
125;20;0;0
126;20;0;0
127;20;0;0
128;20;0;0
129;20;0;0
130;20;0;0
131;20;0;0
132;20;0;0
133;20;0;0
134;20;0;0
135;20;0;0
136;20;0;0
137;20;0;0
138;20;0;0
139;20;0;0
0;21;0;0
1;21;0;0
2;21;0;0
3;21;0;0
4;21;0;0
5;21;0;0
6;21;0;0
7;21;0;0
8;21;0;0
9;21;0;0
10;21;0;0
11;21;0;0
12;21;0;0
13;21;0;0
14;21;0;0
15;21;0;0
16;21;0;0
17;21;2;0
18;21;2;0
19;21;2;0
20;21;8674;0
21;21;15;0
22;21;15;0
23;21;15;0
24;21;15;0
25;21;15;0
26;21;3554;0
27;21;2;0
28;21;2;0
29;21;2;0
30;21;2;0
31;21;2;0
32;21;2;0
33;21;25058;0
34;21;15;0
35;21;15;0
36;21;15;0
37;21;3554;0
38;21;2;0
39;21;2;0
40;21;2;0
41;21;2;0
42;21;2;0
43;21;2;0
44;21;2;0
45;21;2;0
46;21;2;0
47;21;2;0
48;21;2;0
49;21;2;0
50;21;0;0
51;21;0;0
52;21;0;0
53;21;0;0
54;21;0;0
55;21;0;0
56;21;0;0
57;21;0;0
58;21;0;0
59;21;0;0
60;21;0;0
61;21;0;0
62;21;0;0
63;21;0;0
64;21;0;0
65;21;0;0
66;21;42;0
67;21;2;0
68;21;24034;0
69;21;15;0
70;21;15;0
71;21;10722;0
72;21;2;0
73;21;2;0
74;21;2;0
75;21;0;0
76;21;0;0
77;21;0;0
78;21;0;0
79;21;0;0
80;21;0;0
81;21;0;0
82;21;0;0
83;21;0;0
84;21;0;0
85;21;0;0
86;21;0;0
87;21;0;0
88;21;0;0
89;21;0;0
90;21;0;0
91;21;0;0
92;21;0;0
93;21;0;0
94;21;0;0
95;21;0;0
96;21;0;0
97;21;0;0
98;21;0;0
99;21;0;0
100;21;0;0
101;21;0;0
102;21;0;0
103;21;0;0
104;21;0;0
105;21;0;0
106;21;0;0
107;21;0;0
108;21;0;0
109;21;0;0
110;21;0;0
111;21;0;0
112;21;0;0
113;21;42;0
114;21;8674;0
115;21;15;0
116;21;15;0
117;21;15;0
118;21;15;0
119;21;15;0
120;21;3554;0
121;21;2;0
122;21;2;0
123;21;2;0
124;21;2;0
125;21;0;0
126;21;0;0
127;21;0;0
128;21;0;0
129;21;0;0
130;21;0;0
131;21;0;0
132;21;0;0
133;21;0;0
134;21;0;0
135;21;0;0
136;21;0;0
137;21;0;0
138;21;0;0
139;21;0;0
0;22;0;0
1;22;0;0
2;22;0;0
3;22;0;0
4;22;0;0
5;22;0;0
6;22;0;0
7;22;0;0
8;22;0;0
9;22;0;0
10;22;0;0
11;22;0;0
12;22;0;0
13;22;0;0
14;22;0;0
15;22;2;0
16;22;2;0
17;22;2;0
18;22;2;0
19;22;2;0
20;22;25058;0
21;22;15;0
22;22;15;0
23;22;26082;0
24;22;9698;0
25;22;1506;0
26;22;2;0
27;22;2;0
28;22;2;0
29;22;2;0
30;22;2;0
31;22;6626;0
32;22;21986;0
33;22;15;0
34;22;15;0
35;22;26082;0
36;22;1506;0
37;22;2;0
38;22;2;0
39;22;2;0
40;22;2;0
41;22;2;0
42;22;2;0
43;22;2;0
44;22;2;0
45;22;2;0
46;22;2;0
47;22;2;0
48;22;2;0
49;22;0;0
50;22;0;0
51;22;0;0
52;22;0;0
53;22;0;0
54;22;0;0
55;22;0;0
56;22;0;0
57;22;0;0
58;22;0;0
59;22;0;0
60;22;0;0
61;22;0;0
62;22;0;0
63;22;0;0
64;22;0;0
65;22;0;0
66;22;42;0
67;22;2;0
68;22;12770;0
69;22;15;0
70;22;15;0
71;22;10722;0
72;22;2;0
73;22;2;0
74;22;2;0
75;22;0;0
76;22;0;0
77;22;0;0
78;22;0;0
79;22;0;0
80;22;0;0
81;22;0;0
82;22;0;0
83;22;0;0
84;22;0;0
85;22;0;0
86;22;0;0
87;22;0;0
88;22;0;0
89;22;0;0
90;22;0;0
91;22;0;0
92;22;0;0
93;22;0;0
94;22;0;0
95;22;0;0
96;22;0;0
97;22;0;0
98;22;0;0
99;22;0;0
100;22;0;0
101;22;0;0
102;22;0;0
103;22;0;0
104;22;0;0
105;22;0;0
106;22;0;0
107;22;0;0
108;22;0;0
109;22;42;0
110;22;42;0
111;22;42;0
112;22;42;0
113;22;42;0
114;22;12770;0
115;22;15;0
116;22;15;0
117;22;15;0
118;22;26082;0
119;22;1506;0
120;22;2;0
121;22;2;0
122;22;2;0
123;22;2;0
124;22;2;0
125;22;0;0
126;22;0;0
127;22;0;0
128;22;0;0
129;22;0;0
130;22;0;0
131;22;0;0
132;22;0;0
133;22;0;0
134;22;0;0
135;22;0;0
136;22;0;0
137;22;0;0
138;22;0;0
139;22;0;0
0;23;0;0
1;23;0;0
2;23;0;0
3;23;0;0
4;23;0;0
5;23;0;0
6;23;0;0
7;23;0;0
8;23;0;0
9;23;0;0
10;23;0;0
11;23;0;0
12;23;0;0
13;23;0;0
14;23;0;0
15;23;2;0
16;23;2;0
17;23;2;0
18;23;2;0
19;23;8674;0
20;23;15;0
21;23;15;0
22;23;15;0
23;23;3554;0
24;23;2;0
25;23;2;0
26;23;2;0
27;23;2;0
28;23;2;0
29;23;6626;0
30;23;21986;0
31;23;15;0
32;23;15;0
33;23;15;0
34;23;15;0
35;23;3554;0
36;23;2;0
37;23;2;0
38;23;2;0
39;23;2;0
40;23;2;0
41;23;2;0
42;23;2;0
43;23;2;0
44;23;2;0
45;23;2;0
46;23;2;0
47;23;2;0
48;23;2;0
49;23;0;0
50;23;0;0
51;23;0;0
52;23;0;0
53;23;0;0
54;23;0;0
55;23;0;0
56;23;0;0
57;23;0;0
58;23;0;0
59;23;0;0
60;23;0;0
61;23;0;0
62;23;0;0
63;23;0;0
64;23;0;0
65;23;0;0
66;23;42;0
67;23;2;0
68;23;7650;0
69;23;15;0
70;23;15;0
71;23;3554;0
72;23;2;0
73;23;2;0
74;23;2;0
75;23;2;0
76;23;0;0
77;23;0;0
78;23;0;0
79;23;0;0
80;23;0;0
81;23;0;0
82;23;0;0
83;23;0;0
84;23;0;0
85;23;0;0
86;23;0;0
87;23;0;0
88;23;0;0
89;23;0;0
90;23;0;0
91;23;0;0
92;23;0;0
93;23;0;0
94;23;0;0
95;23;0;0
96;23;0;0
97;23;0;0
98;23;0;0
99;23;0;0
100;23;0;0
101;23;0;0
102;23;0;0
103;23;0;0
104;23;0;0
105;23;0;0
106;23;0;0
107;23;0;0
108;23;0;0
109;23;42;0
110;23;42;0
111;23;42;0
112;23;42;0
113;23;2;0
114;23;12770;0
115;23;15;0
116;23;15;0
117;23;15;0
118;23;3554;0
119;23;2;0
120;23;2;0
121;23;2;0
122;23;0;0
123;23;0;0
124;23;0;0
125;23;0;0
126;23;0;0
127;23;0;0
128;23;0;0
129;23;0;0
130;23;0;0
131;23;0;0
132;23;0;0
133;23;0;0
134;23;0;0
135;23;0;0
136;23;0;0
137;23;0;0
138;23;0;0
139;23;0;0
0;24;0;0
1;24;0;0
2;24;0;0
3;24;0;0
4;24;0;0
5;24;0;0
6;24;0;0
7;24;0;0
8;24;0;0
9;24;0;0
10;24;0;0
11;24;0;0
12;24;0;0
13;24;0;0
14;24;0;0
15;24;2;0
16;24;2;0
17;24;2;0
18;24;2;0
19;24;12770;0
20;24;15;0
21;24;15;0
22;24;19938;0
23;24;2;0
24;24;2;0
25;24;2;0
26;24;2;0
27;24;6626;0
28;24;21986;0
29;24;15;0
30;24;15;0
31;24;15;0
32;24;15;0
33;24;17890;0
34;24;1506;0
35;24;2;0
36;24;2;0
37;24;2;0
38;24;2;0
39;24;2;0
40;24;0;0
41;24;0;0
42;24;0;0
43;24;0;0
44;24;0;0
45;24;0;0
46;24;0;0
47;24;0;0
48;24;0;0
49;24;0;0
50;24;0;0
51;24;0;0
52;24;0;0
53;24;0;0
54;24;0;0
55;24;0;0
56;24;0;0
57;24;0;0
58;24;0;0
59;24;0;0
60;24;0;0
61;24;0;0
62;24;0;0
63;24;0;0
64;24;0;0
65;24;0;0
66;24;42;0
67;24;42;0
68;24;2;0
69;24;2530;0
70;24;1506;0
71;24;2;0
72;24;2;0
73;24;2;0
74;24;2;0
75;24;2;0
76;24;0;0
77;24;0;0
78;24;0;0
79;24;0;0
80;24;0;0
81;24;0;0
82;24;0;0
83;24;0;0
84;24;0;0
85;24;0;0
86;24;0;0
87;24;0;0
88;24;0;0
89;24;0;0
90;24;0;0
91;24;0;0
92;24;0;0
93;24;0;0
94;24;0;0
95;24;0;0
96;24;0;0
97;24;0;0
98;24;0;0
99;24;0;0
100;24;0;0
101;24;0;0
102;24;0;0
103;24;0;0
104;24;0;0
105;24;0;0
106;24;0;0
107;24;0;0
108;24;0;0
109;24;42;0
110;24;42;0
111;24;42;0
112;24;2;0
113;24;2;0
114;24;12770;0
115;24;15;0
116;24;26082;0
117;24;1506;0
118;24;2;0
119;24;2;0
120;24;2;0
121;24;2;0
122;24;0;0
123;24;0;0
124;24;0;0
125;24;0;0
126;24;0;0
127;24;0;0
128;24;0;0
129;24;0;0
130;24;0;0
131;24;0;0
132;24;0;0
133;24;0;0
134;24;0;0
135;24;0;0
136;24;0;0
137;24;0;0
138;24;0;0
139;24;0;0
0;25;0;0
1;25;0;0
2;25;0;0
3;25;0;0
4;25;0;0
5;25;0;0
6;25;0;0
7;25;0;0
8;25;0;0
9;25;0;0
10;25;0;0
11;25;0;0
12;25;0;0
13;25;0;0
14;25;0;0
15;25;2;0
16;25;2;0
17;25;2;0
18;25;2;0
19;25;7650;0
20;25;15;0
21;25;15;0
22;25;3554;0
23;25;2;0
24;25;2;0
25;25;2;0
26;25;8674;0
27;25;15;0
28;25;15;0
29;25;15;0
30;25;15;0
31;25;17890;0
32;25;1506;0
33;25;2;0
34;25;2;0
35;25;2;0
36;25;2;0
37;25;2;0
38;25;2;0
39;25;2;0
40;25;0;0
41;25;0;0
42;25;0;0
43;25;0;0
44;25;0;0
45;25;0;0
46;25;0;0
47;25;0;0
48;25;0;0
49;25;0;0
50;25;0;0
51;25;0;0
52;25;0;0
53;25;0;0
54;25;0;0
55;25;0;0
56;25;0;0
57;25;0;0
58;25;0;0
59;25;0;0
60;25;0;0
61;25;0;0
62;25;0;0
63;25;0;0
64;25;0;0
65;25;0;0
66;25;0;0
67;25;42;0
68;25;42;0
69;25;2;0
70;25;2;0
71;25;2;0
72;25;2;0
73;25;2;0
74;25;2;0
75;25;2;0
76;25;2;0
77;25;0;0
78;25;0;0
79;25;0;0
80;25;0;0
81;25;0;0
82;25;0;0
83;25;0;0
84;25;0;0
85;25;0;0
86;25;0;0
87;25;0;0
88;25;0;0
89;25;0;0
90;25;0;0
91;25;0;0
92;25;0;0
93;25;0;0
94;25;0;0
95;25;0;0
96;25;0;0
97;25;0;0
98;25;0;0
99;25;0;0
100;25;0;0
101;25;0;0
102;25;0;0
103;25;0;0
104;25;0;0
105;25;0;0
106;25;0;0
107;25;0;0
108;25;0;0
109;25;2;0
110;25;2;0
111;25;2;0
112;25;2;0
113;25;2;0
114;25;12770;0
115;25;15;0
116;25;20962;0
117;25;2;0
118;25;2;0
119;25;2;0
120;25;2;0
121;25;2;0
122;25;0;0
123;25;0;0
124;25;0;0
125;25;0;0
126;25;0;0
127;25;0;0
128;25;0;0
129;25;0;0
130;25;0;0
131;25;0;0
132;25;0;0
133;25;0;0
134;25;0;0
135;25;0;0
136;25;0;0
137;25;0;0
138;25;0;0
139;25;0;0
0;26;0;0
1;26;0;0
2;26;0;0
3;26;0;0
4;26;0;0
5;26;0;0
6;26;0;0
7;26;0;0
8;26;0;0
9;26;0;0
10;26;0;0
11;26;0;0
12;26;0;0
13;26;0;0
14;26;0;0
15;26;2;0
16;26;2;0
17;26;2;0
18;26;2;0
19;26;2;0
20;26;2530;0
21;26;1506;0
22;26;2;0
23;26;2;0
24;26;2;0
25;26;2;0
26;26;12770;0
27;26;15;0
28;26;15;0
29;26;26082;0
30;26;1506;0
31;26;2;0
32;26;2;0
33;26;2;0
34;26;2;0
35;26;2;0
36;26;2;0
37;26;2;0
38;26;2;0
39;26;2;0
40;26;0;0
41;26;0;0
42;26;0;0
43;26;0;0
44;26;0;0
45;26;0;0
46;26;0;0
47;26;0;0
48;26;0;0
49;26;0;0
50;26;0;0
51;26;0;0
52;26;0;0
53;26;0;0
54;26;0;0
55;26;0;0
56;26;0;0
57;26;0;0
58;26;0;0
59;26;0;0
60;26;0;0
61;26;0;0
62;26;0;0
63;26;0;0
64;26;0;0
65;26;0;0
66;26;0;0
67;26;0;0
68;26;42;0
69;26;2;0
70;26;2;0
71;26;2;0
72;26;2;0
73;26;2;0
74;26;2;0
75;26;2;0
76;26;2;0
77;26;2;0
78;26;2;0
79;26;2;0
80;26;2;0
81;26;2;0
82;26;2;0
83;26;2;0
84;26;2;0
85;26;2;0
86;26;2;0
87;26;2;0
88;26;2;0
89;26;2;0
90;26;2;0
91;26;2;0
92;26;2;0
93;26;2;0
94;26;2;0
95;26;0;0
96;26;0;0
97;26;0;0
98;26;0;0
99;26;0;0
100;26;0;0
101;26;0;0
102;26;0;0
103;26;0;0
104;26;0;0
105;26;0;0
106;26;0;0
107;26;2;0
108;26;2;0
109;26;2;0
110;26;2;0
111;26;2;0
112;26;2;0
113;26;2;0
114;26;12770;0
115;26;15;0
116;26;15;0
117;26;4578;0
118;26;2;0
119;26;2;0
120;26;2;0
121;26;2;0
122;26;0;0
123;26;0;0
124;26;0;0
125;26;0;0
126;26;0;0
127;26;0;0
128;26;0;0
129;26;0;0
130;26;0;0
131;26;0;0
132;26;0;0
133;26;0;0
134;26;0;0
135;26;0;0
136;26;0;0
137;26;0;0
138;26;0;0
139;26;0;0
0;27;0;0
1;27;0;0
2;27;0;0
3;27;0;0
4;27;0;0
5;27;0;0
6;27;0;0
7;27;0;0
8;27;0;0
9;27;0;0
10;27;0;0
11;27;0;0
12;27;0;0
13;27;0;0
14;27;0;0
15;27;2;0
16;27;2;0
17;27;2;0
18;27;2;0
19;27;2;0
20;27;2;0
21;27;2;0
22;27;2;0
23;27;2;0
24;27;2;0
25;27;2;0
26;27;7650;0
27;27;15;0
28;27;15;0
29;27;3554;0
30;27;2;0
31;27;2;0
32;27;2;0
33;27;2;0
34;27;2;0
35;27;2;0
36;27;2;0
37;27;0;0
38;27;0;0
39;27;0;0
40;27;0;0
41;27;0;0
42;27;0;0
43;27;0;0
44;27;0;0
45;27;0;0
46;27;0;0
47;27;0;0
48;27;0;0
49;27;0;0
50;27;0;0
51;27;0;0
52;27;0;0
53;27;0;0
54;27;0;0
55;27;0;0
56;27;0;0
57;27;0;0
58;27;0;0
59;27;0;0
60;27;0;0
61;27;0;0
62;27;0;0
63;27;0;0
64;27;0;0
65;27;0;0
66;27;0;0
67;27;0;0
68;27;42;0
69;27;2;0
70;27;2;0
71;27;2;0
72;27;2;0
73;27;6626;0
74;27;5602;0
75;27;2;0
76;27;2;0
77;27;2;0
78;27;2;0
79;27;2;0
80;27;2;0
81;27;2;0
82;27;2;0
83;27;2;0
84;27;2;0
85;27;2;0
86;27;2;0
87;27;2;0
88;27;2;0
89;27;2;0
90;27;2;0
91;27;2;0
92;27;2;0
93;27;2;0
94;27;2;0
95;27;2;0
96;27;2;0
97;27;2;0
98;27;2;0
99;27;0;0
100;27;0;0
101;27;0;0
102;27;0;0
103;27;0;0
104;27;0;0
105;27;0;0
106;27;0;0
107;27;2;0
108;27;2;0
109;27;2;0
110;27;2;0
111;27;2;0
112;27;2;0
113;27;2;0
114;27;7650;0
115;27;15;0
116;27;15;0
117;27;3554;0
118;27;2;0
119;27;2;0
120;27;0;0
121;27;0;0
122;27;0;0
123;27;0;0
124;27;0;0
125;27;0;0
126;27;0;0
127;27;0;0
128;27;0;0
129;27;0;0
130;27;0;0
131;27;0;0
132;27;0;0
133;27;0;0
134;27;0;0
135;27;0;0
136;27;0;0
137;27;0;0
138;27;0;0
139;27;0;0
0;28;0;0
1;28;0;0
2;28;0;0
3;28;0;0
4;28;0;0
5;28;0;0
6;28;0;0
7;28;0;0
8;28;0;0
9;28;0;0
10;28;0;0
11;28;0;0
12;28;2;0
13;28;2;0
14;28;2;0
15;28;2;0
16;28;2;0
17;28;2;0
18;28;2;0
19;28;2;0
20;28;2;0
21;28;2;0
22;28;2;0
23;28;2;0
24;28;2;0
25;28;2;0
26;28;2;0
27;28;2530;0
28;28;1506;0
29;28;2;0
30;28;2;0
31;28;2;0
32;28;2;0
33;28;2;0
34;28;2;0
35;28;2;0
36;28;2;0
37;28;0;0
38;28;0;0
39;28;0;0
40;28;0;0
41;28;0;0
42;28;0;0
43;28;0;0
44;28;0;0
45;28;0;0
46;28;0;0
47;28;0;0
48;28;0;0
49;28;0;0
50;28;0;0
51;28;0;0
52;28;0;0
53;28;0;0
54;28;0;0
55;28;0;0
56;28;0;0
57;28;0;0
58;28;0;0
59;28;0;0
60;28;0;0
61;28;0;0
62;28;0;0
63;28;0;0
64;28;0;0
65;28;0;0
66;28;0;0
67;28;0;0
68;28;42;0
69;28;42;0
70;28;2;0
71;28;2;0
72;28;8674;0
73;28;15;0
74;28;15;0
75;28;23010;0
76;28;5602;0
77;28;2;0
78;28;2;0
79;28;2;0
80;28;2;0
81;28;2;0
82;28;2;0
83;28;2;0
84;28;2;0
85;28;2;0
86;28;2;0
87;28;2;0
88;28;2;0
89;28;2;0
90;28;2;0
91;28;2;0
92;28;2;0
93;28;2;0
94;28;2;0
95;28;2;0
96;28;2;0
97;28;2;0
98;28;2;0
99;28;0;0
100;28;0;0
101;28;0;0
102;28;2;0
103;28;2;0
104;28;2;0
105;28;2;0
106;28;2;0
107;28;2;0
108;28;2;0
109;28;2;0
110;28;2;0
111;28;6626;0
112;28;11746;0
113;28;5602;0
114;28;2;0
115;28;2530;0
116;28;1506;0
117;28;2;0
118;28;2;0
119;28;2;0
120;28;0;0
121;28;0;0
122;28;0;0
123;28;0;0
124;28;0;0
125;28;0;0
126;28;0;0
127;28;0;0
128;28;0;0
129;28;0;0
130;28;0;0
131;28;0;0
132;28;0;0
133;28;0;0
134;28;0;0
135;28;0;0
136;28;0;0
137;28;0;0
138;28;0;0
139;28;0;0
0;29;0;0
1;29;0;0
2;29;0;0
3;29;0;0
4;29;0;0
5;29;0;0
6;29;0;0
7;29;0;0
8;29;0;0
9;29;0;0
10;29;0;0
11;29;0;0
12;29;2;0
13;29;2;0
14;29;2;0
15;29;2;0
16;29;2;0
17;29;2;0
18;29;2;0
19;29;2;0
20;29;2;0
21;29;2;0
22;29;2;0
23;29;2;0
24;29;2;0
25;29;2;0
26;29;2;0
27;29;2;0
28;29;2;0
29;29;2;0
30;29;2;0
31;29;2;0
32;29;2;0
33;29;2;0
34;29;0;0
35;29;0;0
36;29;0;0
37;29;0;0
38;29;0;0
39;29;0;0
40;29;0;0
41;29;0;0
42;29;0;0
43;29;0;0
44;29;0;0
45;29;0;0
46;29;0;0
47;29;0;0
48;29;0;0
49;29;0;0
50;29;0;0
51;29;0;0
52;29;0;0
53;29;0;0
54;29;0;0
55;29;0;0
56;29;0;0
57;29;0;0
58;29;0;0
59;29;0;0
60;29;0;0
61;29;0;0
62;29;0;0
63;29;0;0
64;29;0;0
65;29;0;0
66;29;0;0
67;29;0;0
68;29;0;0
69;29;42;0
70;29;2;0
71;29;2;0
72;29;7650;0
73;29;15;0
74;29;15;0
75;29;15;0
76;29;15;0
77;29;4578;0
78;29;2;0
79;29;2;0
80;29;2;0
81;29;2;0
82;29;2;0
83;29;2;0
84;29;2;0
85;29;2;0
86;29;2;0
87;29;2;0
88;29;2;0
89;29;2;0
90;29;2;0
91;29;2;0
92;29;2;0
93;29;2;0
94;29;2;0
95;29;2;0
96;29;2;0
97;29;2;0
98;29;2;0
99;29;2;0
100;29;2;0
101;29;0;0
102;29;2;0
103;29;2;0
104;29;2;0
105;29;2;0
106;29;2;0
107;29;2;0
108;29;2;0
109;29;2;0
110;29;8674;0
111;29;15;0
112;29;15;0
113;29;15;0
114;29;4578;0
115;29;2;0
116;29;2;0
117;29;2;0
118;29;2;0
119;29;2;0
120;29;0;0
121;29;0;0
122;29;0;0
123;29;0;0
124;29;0;0
125;29;0;0
126;29;0;0
127;29;0;0
128;29;0;0
129;29;0;0
130;29;0;0
131;29;0;0
132;29;0;0
133;29;0;0
134;29;0;0
135;29;0;0
136;29;0;0
137;29;0;0
138;29;0;0
139;29;0;0
0;30;0;0
1;30;0;0
2;30;0;0
3;30;0;0
4;30;0;0
5;30;0;0
6;30;0;0
7;30;0;0
8;30;0;0
9;30;0;0
10;30;0;0
11;30;0;0
12;30;2;0
13;30;2;0
14;30;2;0
15;30;2;0
16;30;2;0
17;30;2;0
18;30;2;0
19;30;2;0
20;30;2;0
21;30;2;0
22;30;2;0
23;30;2;0
24;30;2;0
25;30;2;0
26;30;2;0
27;30;2;0
28;30;2;0
29;30;2;0
30;30;2;0
31;30;2;0
32;30;2;0
33;30;2;0
34;30;0;0
35;30;0;0
36;30;0;0
37;30;0;0
38;30;0;0
39;30;0;0
40;30;0;0
41;30;0;0
42;30;0;0
43;30;0;0
44;30;0;0
45;30;0;0
46;30;0;0
47;30;0;0
48;30;0;0
49;30;0;0
50;30;0;0
51;30;0;0
52;30;0;0
53;30;0;0
54;30;0;0
55;30;0;0
56;30;0;0
57;30;0;0
58;30;0;0
59;30;0;0
60;30;0;0
61;30;0;0
62;30;0;0
63;30;0;0
64;30;0;0
65;30;0;0
66;30;0;0
67;30;0;0
68;30;0;0
69;30;42;0
70;30;42;0
71;30;2;0
72;30;2;0
73;30;24034;0
74;30;15;0
75;30;15;0
76;30;15;0
77;30;10722;0
78;30;2;0
79;30;2;0
80;30;6626;0
81;30;5602;0
82;30;2;0
83;30;2;0
84;30;2;0
85;30;2;0
86;30;2;0
87;30;2;0
88;30;2;0
89;30;2;0
90;30;2;0
91;30;2;0
92;30;2;0
93;30;2;0
94;30;2;0
95;30;2;0
96;30;2;0
97;30;2;0
98;30;2;0
99;30;2;0
100;30;2;0
101;30;2;0
102;30;2;0
103;30;2;0
104;30;2;0
105;30;2;0
106;30;2;0
107;30;2;0
108;30;6626;0
109;30;11746;0
110;30;29154;0
111;30;15;0
112;30;15;0
113;30;15;0
114;30;3554;0
115;30;2;0
116;30;2;0
117;30;2;0
118;30;2;0
119;30;2;0
120;30;0;0
121;30;0;0
122;30;0;0
123;30;0;0
124;30;0;0
125;30;0;0
126;30;0;0
127;30;0;0
128;30;0;0
129;30;0;0
130;30;0;0
131;30;0;0
132;30;0;0
133;30;0;0
134;30;0;0
135;30;0;0
136;30;0;0
137;30;0;0
138;30;0;0
139;30;0;0
0;31;0;0
1;31;0;0
2;31;0;0
3;31;0;0
4;31;0;0
5;31;0;0
6;31;0;0
7;31;0;0
8;31;0;0
9;31;0;0
10;31;0;0
11;31;0;0
12;31;2;0
13;31;2;0
14;31;2;0
15;31;2;0
16;31;2;0
17;31;2;0
18;31;2;0
19;31;2;0
20;31;2;0
21;31;2;0
22;31;2;0
23;31;2;0
24;31;2;0
25;31;2;0
26;31;2;0
27;31;2;0
28;31;2;0
29;31;2;0
30;31;2;0
31;31;2;0
32;31;2;0
33;31;2;0
34;31;0;0
35;31;0;0
36;31;0;0
37;31;0;0
38;31;0;0
39;31;0;0
40;31;0;0
41;31;0;0
42;31;0;0
43;31;0;0
44;31;0;0
45;31;0;0
46;31;0;0
47;31;0;0
48;31;0;0
49;31;0;0
50;31;0;0
51;31;0;0
52;31;0;0
53;31;0;0
54;31;0;0
55;31;0;0
56;31;0;0
57;31;0;0
58;31;0;0
59;31;0;0
60;31;0;0
61;31;0;0
62;31;0;0
63;31;0;0
64;31;0;0
65;31;0;0
66;31;0;0
67;31;0;0
68;31;0;0
69;31;0;0
70;31;42;0
71;31;2;0
72;31;2;0
73;31;12770;0
74;31;15;0
75;31;15;0
76;31;15;0
77;31;28130;0
78;31;11746;0
79;31;21986;0
80;31;15;0
81;31;15;0
82;31;23010;0
83;31;11746;0
84;31;11746;0
85;31;11746;0
86;31;11746;0
87;31;11746;0
88;31;11746;0
89;31;11746;0
90;31;11746;0
91;31;5602;0
92;31;2;0
93;31;2;0
94;31;2;0
95;31;2;0
96;31;2;0
97;31;2;0
98;31;2;0
99;31;6626;0
100;31;11746;0
101;31;11746;0
102;31;11746;0
103;31;11746;0
104;31;11746;0
105;31;11746;0
106;31;11746;0
107;31;21986;0
108;31;15;0
109;31;15;0
110;31;15;0
111;31;15;0
112;31;17890;0
113;31;1506;0
114;31;2;0
115;31;2;0
116;31;2;0
117;31;2;0
118;31;0;0
119;31;0;0
120;31;0;0
121;31;0;0
122;31;0;0
123;31;0;0
124;31;0;0
125;31;0;0
126;31;0;0
127;31;0;0
128;31;0;0
129;31;0;0
130;31;0;0
131;31;0;0
132;31;0;0
133;31;0;0
134;31;0;0
135;31;0;0
136;31;0;0
137;31;0;0
138;31;0;0
139;31;0;0
0;32;0;0
1;32;0;0
2;32;0;0
3;32;0;0
4;32;0;0
5;32;0;0
6;32;0;0
7;32;0;0
8;32;0;0
9;32;0;0
10;32;0;0
11;32;0;0
12;32;2;0
13;32;2;0
14;32;2;0
15;32;2;0
16;32;2;0
17;32;2;0
18;32;6626;0
19;32;2;0
20;32;2;0
21;32;2;0
22;32;2;0
23;32;2;0
24;32;2;0
25;32;2;0
26;32;2;0
27;32;2;0
28;32;0;0
29;32;0;0
30;32;0;0
31;32;0;0
32;32;0;0
33;32;0;0
34;32;0;0
35;32;0;0
36;32;0;0
37;32;0;0
38;32;0;0
39;32;0;0
40;32;0;0
41;32;0;0
42;32;0;0
43;32;0;0
44;32;0;0
45;32;0;0
46;32;0;0
47;32;0;0
48;32;0;0
49;32;0;0
50;32;0;0
51;32;0;0
52;32;0;0
53;32;0;0
54;32;0;0
55;32;0;0
56;32;0;0
57;32;0;0
58;32;0;0
59;32;0;0
60;32;0;0
61;32;0;0
62;32;0;0
63;32;0;0
64;32;0;0
65;32;0;0
66;32;0;0
67;32;0;0
68;32;0;0
69;32;0;0
70;32;42;0
71;32;42;0
72;32;2;0
73;32;7650;0
74;32;15;0
75;32;15;0
76;32;15;0
77;32;15;0
78;32;15;0
79;32;15;0
80;32;15;0
81;32;15;0
82;32;15;0
83;32;15;0
84;32;15;0
85;32;15;0
86;32;15;0
87;32;15;0
88;32;15;0
89;32;15;0
90;32;15;0
91;32;15;0
92;32;23010;0
93;32;11746;0
94;32;11746;0
95;32;11746;0
96;32;5602;0
97;32;2;0
98;32;8674;0
99;32;15;0
100;32;15;0
101;32;15;0
102;32;15;0
103;32;15;0
104;32;15;0
105;32;15;0
106;32;15;0
107;32;15;0
108;32;15;0
109;32;15;0
110;32;15;0
111;32;13794;0
112;32;2;0
113;32;2;0
114;32;2;0
115;32;2;0
116;32;2;0
117;32;2;0
118;32;0;0
119;32;0;0
120;32;0;0
121;32;0;0
122;32;0;0
123;32;0;0
124;32;0;0
125;32;0;0
126;32;0;0
127;32;0;0
128;32;0;0
129;32;0;0
130;32;0;0
131;32;0;0
132;32;0;0
133;32;0;0
134;32;0;0
135;32;0;0
136;32;0;0
137;32;0;0
138;32;0;0
139;32;0;0
0;33;0;0
1;33;0;0
2;33;0;0
3;33;0;0
4;33;0;0
5;33;0;0
6;33;0;0
7;33;0;0
8;33;0;0
9;33;0;0
10;33;0;0
11;33;0;0
12;33;2;0
13;33;2;0
14;33;2;0
15;33;2;0
16;33;2;0
17;33;8674;0
18;33;15;0
19;33;15;0
20;33;4578;0
21;33;2;0
22;33;2;0
23;33;2;0
24;33;2;0
25;33;2;0
26;33;2;0
27;33;2;0
28;33;0;0
29;33;0;0
30;33;0;0
31;33;0;0
32;33;0;0
33;33;0;0
34;33;0;0
35;33;0;0
36;33;0;0
37;33;0;0
38;33;0;0
39;33;0;0
40;33;0;0
41;33;0;0
42;33;0;0
43;33;0;0
44;33;0;0
45;33;0;0
46;33;0;0
47;33;0;0
48;33;0;0
49;33;0;0
50;33;0;0
51;33;0;0
52;33;0;0
53;33;0;0
54;33;0;0
55;33;0;0
56;33;0;0
57;33;0;0
58;33;0;0
59;33;0;0
60;33;0;0
61;33;0;0
62;33;0;0
63;33;0;0
64;33;0;0
65;33;0;0
66;33;0;0
67;33;0;0
68;33;0;0
69;33;0;0
70;33;0;0
71;33;42;0
72;33;42;0
73;33;2;0
74;33;2530;0
75;33;9698;0
76;33;9698;0
77;33;9698;0
78;33;9698;0
79;33;18914;0
80;33;15;0
81;33;15;0
82;33;15;0
83;33;15;0
84;33;15;0
85;33;15;0
86;33;15;0
87;33;15;0
88;33;15;0
89;33;15;0
90;33;15;0
91;33;15;0
92;33;15;0
93;33;15;0
94;33;15;0
95;33;15;0
96;33;15;0
97;33;23010;0
98;33;29154;0
99;33;15;0
100;33;15;0
101;33;15;0
102;33;15;0
103;33;15;0
104;33;15;0
105;33;17890;0
106;33;9698;0
107;33;9698;0
108;33;9698;0
109;33;9698;0
110;33;1506;0
111;33;2;0
112;33;2;0
113;33;2;0
114;33;2;0
115;33;0;0
116;33;0;0
117;33;0;0
118;33;0;0
119;33;0;0
120;33;0;0
121;33;0;0
122;33;0;0
123;33;0;0
124;33;0;0
125;33;0;0
126;33;0;0
127;33;0;0
128;33;0;0
129;33;0;0
130;33;0;0
131;33;0;0
132;33;0;0
133;33;0;0
134;33;0;0
135;33;0;0
136;33;0;0
137;33;0;0
138;33;0;0
139;33;0;0
0;34;0;0
1;34;0;0
2;34;0;0
3;34;0;0
4;34;0;0
5;34;0;0
6;34;0;0
7;34;0;0
8;34;0;0
9;34;0;0
10;34;0;0
11;34;0;0
12;34;2;0
13;34;2;0
14;34;2;0
15;34;2;0
16;34;2;0
17;34;12770;0
18;34;15;0
19;34;15;0
20;34;10722;0
21;34;2;0
22;34;2;0
23;34;2;0
24;34;2;0
25;34;2;0
26;34;2;0
27;34;2;0
28;34;0;0
29;34;0;0
30;34;0;0
31;34;0;0
32;34;0;0
33;34;0;0
34;34;0;0
35;34;0;0
36;34;0;0
37;34;0;0
38;34;0;0
39;34;0;0
40;34;0;0
41;34;0;0
42;34;0;0
43;34;0;0
44;34;0;0
45;34;0;0
46;34;0;0
47;34;0;0
48;34;0;0
49;34;0;0
50;34;0;0
51;34;0;0
52;34;0;0
53;34;0;0
54;34;0;0
55;34;0;0
56;34;0;0
57;34;0;0
58;34;0;0
59;34;0;0
60;34;0;0
61;34;0;0
62;34;0;0
63;34;0;0
64;34;0;0
65;34;0;0
66;34;0;0
67;34;0;0
68;34;0;0
69;34;0;0
70;34;0;0
71;34;0;0
72;34;42;0
73;34;2;0
74;34;2;0
75;34;2;0
76;34;2;0
77;34;2;0
78;34;2;0
79;34;2;0
80;34;2530;0
81;34;9698;0
82;34;18914;0
83;34;15;0
84;34;15;0
85;34;15;0
86;34;15;0
87;34;15;0
88;34;15;0
89;34;15;0
90;34;15;0
91;34;15;0
92;34;17890;0
93;34;18914;0
94;34;15;0
95;34;15;0
96;34;15;0
97;34;15;0
98;34;15;0
99;34;15;0
100;34;15;0
101;34;15;0
102;34;15;0
103;34;17890;0
104;34;1506;0
105;34;2;0
106;34;2;0
107;34;2;0
108;34;2;0
109;34;2;0
110;34;2;0
111;34;2;0
112;34;2;0
113;34;0;0
114;34;0;0
115;34;0;0
116;34;0;0
117;34;0;0
118;34;0;0
119;34;0;0
120;34;0;0
121;34;0;0
122;34;0;0
123;34;0;0
124;34;0;0
125;34;0;0
126;34;0;0
127;34;0;0
128;34;0;0
129;34;0;0
130;34;0;0
131;34;0;0
132;34;0;0
133;34;0;0
134;34;0;0
135;34;0;0
136;34;0;0
137;34;0;0
138;34;0;0
139;34;0;0
0;35;0;0
1;35;0;0
2;35;0;0
3;35;0;0
4;35;0;0
5;35;0;0
6;35;0;0
7;35;0;0
8;35;0;0
9;35;0;0
10;35;0;0
11;35;0;0
12;35;2;0
13;35;2;0
14;35;2;0
15;35;2;0
16;35;6626;0
17;35;29154;0
18;35;15;0
19;35;15;0
20;35;20962;0
21;35;2;0
22;35;2;0
23;35;2;0
24;35;2;0
25;35;0;0
26;35;0;0
27;35;0;0
28;35;0;0
29;35;0;0
30;35;0;0
31;35;0;0
32;35;0;0
33;35;0;0
34;35;0;0
35;35;0;0
36;35;0;0
37;35;0;0
38;35;0;0
39;35;0;0
40;35;0;0
41;35;0;0
42;35;0;0
43;35;0;0
44;35;0;0
45;35;0;0
46;35;0;0
47;35;0;0
48;35;0;0
49;35;0;0
50;35;0;0
51;35;0;0
52;35;0;0
53;35;0;0
54;35;0;0
55;35;0;0
56;35;0;0
57;35;0;0
58;35;0;0
59;35;0;0
60;35;0;0
61;35;0;0
62;35;0;0
63;35;0;0
64;35;0;0
65;35;0;0
66;35;0;0
67;35;0;0
68;35;0;0
69;35;0;0
70;35;0;0
71;35;0;0
72;35;0;0
73;35;0;0
74;35;2;0
75;35;2;0
76;35;2;0
77;35;2;0
78;35;2;0
79;35;2;0
80;35;2;0
81;35;2;0
82;35;2;0
83;35;2530;0
84;35;9698;0
85;35;9698;0
86;35;9698;0
87;35;9698;0
88;35;9698;0
89;35;9698;0
90;35;9698;0
91;35;1506;0
92;35;2;0
93;35;2;0
94;35;2530;0
95;35;9698;0
96;35;9698;0
97;35;9698;0
98;35;9698;0
99;35;9698;0
100;35;9698;0
101;35;9698;0
102;35;1506;0
103;35;2;0
104;35;2;0
105;35;2;0
106;35;2;0
107;35;2;0
108;35;2;0
109;35;2;0
110;35;2;0
111;35;0;0
112;35;0;0
113;35;0;0
114;35;0;0
115;35;0;0
116;35;0;0
117;35;0;0
118;35;0;0
119;35;0;0
120;35;0;0
121;35;0;0
122;35;0;0
123;35;0;0
124;35;0;0
125;35;0;0
126;35;0;0
127;35;0;0
128;35;0;0
129;35;0;0
130;35;0;0
131;35;0;0
132;35;0;0
133;35;0;0
134;35;0;0
135;35;0;0
136;35;0;0
137;35;0;0
138;35;0;0
139;35;0;0
0;36;0;0
1;36;0;0
2;36;0;0
3;36;0;0
4;36;0;0
5;36;0;0
6;36;0;0
7;36;0;0
8;36;0;0
9;36;0;0
10;36;0;0
11;36;0;0
12;36;2;0
13;36;2;0
14;36;2;0
15;36;8674;0
16;36;15;0
17;36;15;0
18;36;15;0
19;36;15;0
20;36;15;0
21;36;2;0
22;36;2;0
23;36;2;0
24;36;2;0
25;36;0;0
26;36;0;0
27;36;0;0
28;36;0;0
29;36;0;0
30;36;0;0
31;36;0;0
32;36;0;0
33;36;0;0
34;36;0;0
35;36;0;0
36;36;0;0
37;36;0;0
38;36;0;0
39;36;0;0
40;36;0;0
41;36;0;0
42;36;0;0
43;36;0;0
44;36;0;0
45;36;0;0
46;36;0;0
47;36;0;0
48;36;0;0
49;36;0;0
50;36;0;0
51;36;0;0
52;36;0;0
53;36;0;0
54;36;0;0
55;36;0;0
56;36;0;0
57;36;0;0
58;36;0;0
59;36;0;0
60;36;0;0
61;36;0;0
62;36;0;0
63;36;0;0
64;36;0;0
65;36;0;0
66;36;0;0
67;36;0;0
68;36;0;0
69;36;0;0
70;36;0;0
71;36;0;0
72;36;0;0
73;36;0;0
74;36;2;0
75;36;2;0
76;36;2;0
77;36;2;0
78;36;2;0
79;36;2;0
80;36;2;0
81;36;2;0
82;36;2;0
83;36;2;0
84;36;2;0
85;36;2;0
86;36;2;0
87;36;2;0
88;36;2;0
89;36;2;0
90;36;2;0
91;36;2;0
92;36;2;0
93;36;2;0
94;36;2;0
95;36;2;0
96;36;2;0
97;36;2;0
98;36;2;0
99;36;2;0
100;36;2;0
101;36;2;0
102;36;2;0
103;36;2;0
104;36;2;0
105;36;2;0
106;36;2;0
107;36;2;0
108;36;2;0
109;36;2;0
110;36;2;0
111;36;0;0
112;36;0;0
113;36;0;0
114;36;0;0
115;36;0;0
116;36;0;0
117;36;0;0
118;36;0;0
119;36;0;0
120;36;0;0
121;36;0;0
122;36;0;0
123;36;0;0
124;36;0;0
125;36;0;0
126;36;0;0
127;36;0;0
128;36;0;0
129;36;0;0
130;36;0;0
131;36;0;0
132;36;0;0
133;36;0;0
134;36;0;0
135;36;0;0
136;36;0;0
137;36;0;0
138;36;0;0
139;36;0;0
0;37;0;0
1;37;0;0
2;37;0;0
3;37;0;0
4;37;0;0
5;37;0;0
6;37;0;0
7;37;0;0
8;37;0;0
9;37;0;0
10;37;0;0
11;37;0;0
12;37;2;0
13;37;2;0
14;37;2;0
15;37;7650;0
16;37;15;0
17;37;15;0
18;37;15;0
19;37;26082;0
20;37;1506;0
21;37;2;0
22;37;2;0
23;37;2;0
24;37;2;0
25;37;0;0
26;37;0;0
27;37;0;0
28;37;0;0
29;37;0;0
30;37;0;0
31;37;0;0
32;37;0;0
33;37;0;0
34;37;0;0
35;37;0;0
36;37;0;0
37;37;0;0
38;37;0;0
39;37;0;0
40;37;0;0
41;37;0;0
42;37;0;0
43;37;0;0
44;37;0;0
45;37;0;0
46;37;0;0
47;37;0;0
48;37;0;0
49;37;0;0
50;37;0;0
51;37;0;0
52;37;0;0
53;37;0;0
54;37;0;0
55;37;0;0
56;37;0;0
57;37;0;0
58;37;0;0
59;37;0;0
60;37;0;0
61;37;0;0
62;37;0;0
63;37;0;0
64;37;0;0
65;37;0;0
66;37;0;0
67;37;0;0
68;37;0;0
69;37;0;0
70;37;0;0
71;37;0;0
72;37;0;0
73;37;0;0
74;37;0;0
75;37;2;0
76;37;2;0
77;37;2;0
78;37;2;0
79;37;2;0
80;37;2;0
81;37;2;0
82;37;2;0
83;37;2;0
84;37;2;0
85;37;2;0
86;37;2;0
87;37;2;0
88;37;2;0
89;37;2;0
90;37;2;0
91;37;2;0
92;37;2;0
93;37;2;0
94;37;2;0
95;37;2;0
96;37;2;0
97;37;2;0
98;37;2;0
99;37;2;0
100;37;2;0
101;37;2;0
102;37;2;0
103;37;2;0
104;37;2;0
105;37;2;0
106;37;2;0
107;37;2;0
108;37;2;0
109;37;0;0
110;37;0;0
111;37;0;0
112;37;0;0
113;37;0;0
114;37;0;0
115;37;0;0
116;37;0;0
117;37;0;0
118;37;0;0
119;37;0;0
120;37;0;0
121;37;0;0
122;37;0;0
123;37;0;0
124;37;0;0
125;37;0;0
126;37;0;0
127;37;0;0
128;37;0;0
129;37;0;0
130;37;0;0
131;37;0;0
132;37;0;0
133;37;0;0
134;37;0;0
135;37;0;0
136;37;0;0
137;37;0;0
138;37;0;0
139;37;0;0
0;38;0;0
1;38;0;0
2;38;0;0
3;38;0;0
4;38;0;0
5;38;0;0
6;38;0;0
7;38;0;0
8;38;0;0
9;38;0;0
10;38;0;0
11;38;0;0
12;38;2;0
13;38;2;0
14;38;2;0
15;38;2;0
16;38;24034;0
17;38;15;0
18;38;15;0
19;38;10722;0
20;38;2;0
21;38;2;0
22;38;2;0
23;38;2;0
24;38;2;0
25;38;0;0
26;38;0;0
27;38;0;0
28;38;0;0
29;38;0;0
30;38;0;0
31;38;0;0
32;38;0;0
33;38;0;0
34;38;0;0
35;38;0;0
36;38;0;0
37;38;0;0
38;38;0;0
39;38;0;0
40;38;0;0
41;38;0;0
42;38;0;0
43;38;0;0
44;38;0;0
45;38;0;0
46;38;0;0
47;38;0;0
48;38;0;0
49;38;0;0
50;38;0;0
51;38;0;0
52;38;0;0
53;38;0;0
54;38;0;0
55;38;0;0
56;38;0;0
57;38;0;0
58;38;0;0
59;38;0;0
60;38;0;0
61;38;0;0
62;38;0;0
63;38;0;0
64;38;0;0
65;38;0;0
66;38;0;0
67;38;0;0
68;38;0;0
69;38;0;0
70;38;0;0
71;38;0;0
72;38;0;0
73;38;0;0
74;38;0;0
75;38;0;0
76;38;0;0
77;38;0;0
78;38;0;0
79;38;0;0
80;38;0;0
81;38;0;0
82;38;0;0
83;38;0;0
84;38;0;0
85;38;0;0
86;38;0;0
87;38;0;0
88;38;0;0
89;38;0;0
90;38;2;0
91;38;2;0
92;38;2;0
93;38;2;0
94;38;2;0
95;38;2;0
96;38;2;0
97;38;2;0
98;38;2;0
99;38;2;0
100;38;2;0
101;38;0;0
102;38;0;0
103;38;0;0
104;38;0;0
105;38;0;0
106;38;0;0
107;38;0;0
108;38;0;0
109;38;0;0
110;38;0;0
111;38;0;0
112;38;0;0
113;38;0;0
114;38;0;0
115;38;0;0
116;38;0;0
117;38;0;0
118;38;0;0
119;38;0;0
120;38;0;0
121;38;0;0
122;38;0;0
123;38;0;0
124;38;0;0
125;38;0;0
126;38;0;0
127;38;0;0
128;38;0;0
129;38;0;0
130;38;0;0
131;38;0;0
132;38;0;0
133;38;0;0
134;38;0;0
135;38;0;0
136;38;0;0
137;38;0;0
138;38;0;0
139;38;0;0
0;39;0;0
1;39;0;0
2;39;0;0
3;39;0;0
4;39;0;0
5;39;0;0
6;39;0;0
7;39;0;0
8;39;0;0
9;39;0;0
10;39;0;0
11;39;0;0
12;39;2;0
13;39;2;0
14;39;2;0
15;39;2;0
16;39;25058;0
17;39;15;0
18;39;15;0
19;39;3554;0
20;39;2;0
21;39;2;0
22;39;2;0
23;39;2;0
24;39;2;0
25;39;0;0
26;39;0;0
27;39;0;0
28;39;0;0
29;39;0;0
30;39;0;0
31;39;0;0
32;39;0;0
33;39;0;0
34;39;0;0
35;39;0;0
36;39;0;0
37;39;0;0
38;39;0;0
39;39;0;0
40;39;0;0
41;39;0;0
42;39;0;0
43;39;0;0
44;39;0;0
45;39;0;0
46;39;0;0
47;39;0;0
48;39;0;0
49;39;0;0
50;39;0;0
51;39;0;0
52;39;0;0
53;39;0;0
54;39;0;0
55;39;0;0
56;39;0;0
57;39;0;0
58;39;0;0
59;39;0;0
60;39;0;0
61;39;0;0
62;39;0;0
63;39;0;0
64;39;0;0
65;39;0;0
66;39;0;0
67;39;0;0
68;39;0;0
69;39;0;0
70;39;0;0
71;39;0;0
72;39;0;0
73;39;0;0
74;39;0;0
75;39;0;0
76;39;0;0
77;39;0;0
78;39;0;0
79;39;0;0
80;39;0;0
81;39;0;0
82;39;0;0
83;39;0;0
84;39;0;0
85;39;0;0
86;39;0;0
87;39;0;0
88;39;0;0
89;39;0;0
90;39;2;0
91;39;2;0
92;39;2;0
93;39;2;0
94;39;2;0
95;39;2;0
96;39;2;0
97;39;2;0
98;39;2;0
99;39;2;0
100;39;2;0
101;39;0;0
102;39;0;0
103;39;0;0
104;39;0;0
105;39;0;0
106;39;0;0
107;39;0;0
108;39;0;0
109;39;0;0
110;39;0;0
111;39;0;0
112;39;0;0
113;39;0;0
114;39;0;0
115;39;0;0
116;39;0;0
117;39;0;0
118;39;0;0
119;39;0;0
120;39;0;0
121;39;0;0
122;39;0;0
123;39;0;0
124;39;0;0
125;39;0;0
126;39;0;0
127;39;0;0
128;39;0;0
129;39;0;0
130;39;0;0
131;39;0;0
132;39;0;0
133;39;0;0
134;39;0;0
135;39;0;0
136;39;0;0
137;39;0;0
138;39;0;0
139;39;0;0
0;40;0;0
1;40;0;0
2;40;0;0
3;40;0;0
4;40;0;0
5;40;0;0
6;40;0;0
7;40;0;0
8;40;0;0
9;40;0;0
10;40;0;0
11;40;0;0
12;40;2;0
13;40;2;0
14;40;2;0
15;40;2;0
16;40;15;0
17;40;15;0
18;40;19938;0
19;40;2;0
20;40;2;0
21;40;2;0
22;40;2;0
23;40;2;0
24;40;2;0
25;40;0;0
26;40;0;0
27;40;0;0
28;40;0;0
29;40;0;0
30;40;0;0
31;40;0;0
32;40;0;0
33;40;0;0
34;40;0;0
35;40;0;0
36;40;0;0
37;40;0;0
38;40;0;0
39;40;0;0
40;40;0;0
41;40;0;0
42;40;0;0
43;40;0;0
44;40;0;0
45;40;0;0
46;40;0;0
47;40;0;0
48;40;0;0
49;40;0;0
50;40;0;0
51;40;0;0
52;40;0;0
53;40;0;0
54;40;0;0
55;40;0;0
56;40;0;0
57;40;0;0
58;40;0;0
59;40;0;0
60;40;0;0
61;40;0;0
62;40;0;0
63;40;0;0
64;40;0;0
65;40;0;0
66;40;0;0
67;40;0;0
68;40;0;0
69;40;0;0
70;40;0;0
71;40;0;0
72;40;0;0
73;40;0;0
74;40;0;0
75;40;0;0
76;40;0;0
77;40;0;0
78;40;0;0
79;40;0;0
80;40;0;0
81;40;0;0
82;40;0;0
83;40;0;0
84;40;0;0
85;40;0;0
86;40;0;0
87;40;0;0
88;40;0;0
89;40;0;0
90;40;0;0
91;40;0;0
92;40;0;0
93;40;0;0
94;40;0;0
95;40;0;0
96;40;0;0
97;40;0;0
98;40;0;0
99;40;0;0
100;40;0;0
101;40;0;0
102;40;0;0
103;40;0;0
104;40;0;0
105;40;0;0
106;40;0;0
107;40;0;0
108;40;0;0
109;40;0;0
110;40;0;0
111;40;0;0
112;40;0;0
113;40;0;0
114;40;0;0
115;40;0;0
116;40;0;0
117;40;0;0
118;40;0;0
119;40;0;0
120;40;0;0
121;40;0;0
122;40;0;0
123;40;0;0
124;40;0;0
125;40;0;0
126;40;0;0
127;40;0;0
128;40;0;0
129;40;0;0
130;40;0;0
131;40;0;0
132;40;0;0
133;40;0;0
134;40;0;0
135;40;0;0
136;40;0;0
137;40;0;0
138;40;0;0
139;40;0;0
0;41;0;0
1;41;0;0
2;41;0;0
3;41;0;0
4;41;0;0
5;41;0;0
6;41;0;0
7;41;0;0
8;41;0;0
9;41;0;0
10;41;0;0
11;41;0;0
12;41;2;0
13;41;2;0
14;41;2;0
15;41;12770;0
16;41;15;0
17;41;15;0
18;41;10722;0
19;41;2;0
20;41;2;0
21;41;2;0
22;41;2;0
23;41;2;0
24;41;2;0
25;41;0;0
26;41;0;0
27;41;0;0
28;41;0;0
29;41;0;0
30;41;0;0
31;41;0;0
32;41;0;0
33;41;0;0
34;41;0;0
35;41;0;0
36;41;0;0
37;41;0;0
38;41;0;0
39;41;0;0
40;41;0;0
41;41;0;0
42;41;0;0
43;41;0;0
44;41;0;0
45;41;0;0
46;41;0;0
47;41;0;0
48;41;0;0
49;41;0;0
50;41;0;0
51;41;0;0
52;41;0;0
53;41;0;0
54;41;0;0
55;41;0;0
56;41;0;0
57;41;0;0
58;41;0;0
59;41;0;0
60;41;0;0
61;41;0;0
62;41;0;0
63;41;0;0
64;41;0;0
65;41;0;0
66;41;0;0
67;41;0;0
68;41;0;0
69;41;0;0
70;41;0;0
71;41;0;0
72;41;0;0
73;41;0;0
74;41;0;0
75;41;0;0
76;41;0;0
77;41;0;0
78;41;0;0
79;41;0;0
80;41;0;0
81;41;0;0
82;41;0;0
83;41;0;0
84;41;0;0
85;41;0;0
86;41;0;0
87;41;0;0
88;41;0;0
89;41;0;0
90;41;0;0
91;41;0;0
92;41;0;0
93;41;0;0
94;41;0;0
95;41;0;0
96;41;0;0
97;41;0;0
98;41;0;0
99;41;0;0
100;41;0;0
101;41;0;0
102;41;0;0
103;41;0;0
104;41;0;0
105;41;0;0
106;41;0;0
107;41;0;0
108;41;0;0
109;41;0;0
110;41;0;0
111;41;0;0
112;41;0;0
113;41;0;0
114;41;0;0
115;41;0;0
116;41;0;0
117;41;0;0
118;41;0;0
119;41;0;0
120;41;0;0
121;41;0;0
122;41;0;0
123;41;0;0
124;41;0;0
125;41;0;0
126;41;0;0
127;41;0;0
128;41;0;0
129;41;0;0
130;41;0;0
131;41;0;0
132;41;0;0
133;41;0;0
134;41;0;0
135;41;0;0
136;41;0;0
137;41;0;0
138;41;0;0
139;41;0;0
0;42;0;0
1;42;0;0
2;42;0;0
3;42;0;0
4;42;0;0
5;42;0;0
6;42;0;0
7;42;0;0
8;42;0;0
9;42;0;0
10;42;0;0
11;42;0;0
12;42;2;0
13;42;2;0
14;42;2;0
15;42;7650;0
16;42;15;0
17;42;15;0
18;42;28130;0
19;42;5602;0
20;42;2;0
21;42;2;0
22;42;2;0
23;42;2;0
24;42;2;0
25;42;0;0
26;42;0;0
27;42;0;0
28;42;0;0
29;42;0;0
30;42;0;0
31;42;0;0
32;42;0;0
33;42;0;0
34;42;0;0
35;42;0;0
36;42;0;0
37;42;0;0
38;42;0;0
39;42;0;0
40;42;0;0
41;42;0;0
42;42;0;0
43;42;0;0
44;42;0;0
45;42;0;0
46;42;0;0
47;42;0;0
48;42;0;0
49;42;0;0
50;42;0;0
51;42;0;0
52;42;0;0
53;42;0;0
54;42;0;0
55;42;0;0
56;42;0;0
57;42;0;0
58;42;0;0
59;42;0;0
60;42;0;0
61;42;0;0
62;42;0;0
63;42;0;0
64;42;0;0
65;42;0;0
66;42;0;0
67;42;0;0
68;42;0;0
69;42;0;0
70;42;0;0
71;42;0;0
72;42;0;0
73;42;0;0
74;42;0;0
75;42;0;0
76;42;0;0
77;42;0;0
78;42;0;0
79;42;0;0
80;42;0;0
81;42;0;0
82;42;0;0
83;42;0;0
84;42;0;0
85;42;0;0
86;42;0;0
87;42;0;0
88;42;0;0
89;42;0;0
90;42;0;0
91;42;0;0
92;42;0;0
93;42;0;0
94;42;0;0
95;42;0;0
96;42;0;0
97;42;0;0
98;42;0;0
99;42;0;0
100;42;0;0
101;42;0;0
102;42;0;0
103;42;0;0
104;42;0;0
105;42;0;0
106;42;0;0
107;42;0;0
108;42;0;0
109;42;0;0
110;42;0;0
111;42;0;0
112;42;0;0
113;42;0;0
114;42;0;0
115;42;0;0
116;42;0;0
117;42;0;0
118;42;0;0
119;42;0;0
120;42;0;0
121;42;0;0
122;42;0;0
123;42;0;0
124;42;0;0
125;42;0;0
126;42;0;0
127;42;0;0
128;42;0;0
129;42;0;0
130;42;0;0
131;42;0;0
132;42;0;0
133;42;0;0
134;42;0;0
135;42;0;0
136;42;0;0
137;42;0;0
138;42;0;0
139;42;0;0
0;43;0;0
1;43;0;0
2;43;0;0
3;43;0;0
4;43;0;0
5;43;0;0
6;43;0;0
7;43;0;0
8;43;0;0
9;43;0;0
10;43;0;0
11;43;0;0
12;43;2;0
13;43;2;0
14;43;2;0
15;43;2;0
16;43;24034;0
17;43;15;0
18;43;15;0
19;43;15;0
20;43;4578;0
21;43;2;0
22;43;2;0
23;43;2;0
24;43;2;0
25;43;0;0
26;43;0;0
27;43;0;0
28;43;0;0
29;43;0;0
30;43;0;0
31;43;0;0
32;43;0;0
33;43;0;0
34;43;0;0
35;43;0;0
36;43;0;0
37;43;0;0
38;43;0;0
39;43;0;0
40;43;0;0
41;43;0;0
42;43;0;0
43;43;0;0
44;43;0;0
45;43;0;0
46;43;0;0
47;43;0;0
48;43;0;0
49;43;0;0
50;43;0;0
51;43;0;0
52;43;0;0
53;43;0;0
54;43;0;0
55;43;0;0
56;43;0;0
57;43;0;0
58;43;0;0
59;43;0;0
60;43;0;0
61;43;0;0
62;43;0;0
63;43;0;0
64;43;0;0
65;43;0;0
66;43;0;0
67;43;0;0
68;43;0;0
69;43;0;0
70;43;0;0
71;43;0;0
72;43;0;0
73;43;0;0
74;43;0;0
75;43;0;0
76;43;0;0
77;43;0;0
78;43;0;0
79;43;0;0
80;43;0;0
81;43;0;0
82;43;0;0
83;43;0;0
84;43;0;0
85;43;0;0
86;43;0;0
87;43;0;0
88;43;0;0
89;43;0;0
90;43;0;0
91;43;0;0
92;43;0;0
93;43;0;0
94;43;0;0
95;43;0;0
96;43;0;0
97;43;0;0
98;43;0;0
99;43;0;0
100;43;0;0
101;43;0;0
102;43;0;0
103;43;0;0
104;43;0;0
105;43;0;0
106;43;0;0
107;43;0;0
108;43;0;0
109;43;0;0
110;43;0;0
111;43;0;0
112;43;0;0
113;43;0;0
114;43;0;0
115;43;0;0
116;43;0;0
117;43;0;0
118;43;0;0
119;43;0;0
120;43;0;0
121;43;0;0
122;43;0;0
123;43;0;0
124;43;0;0
125;43;0;0
126;43;0;0
127;43;0;0
128;43;0;0
129;43;0;0
130;43;0;0
131;43;0;0
132;43;0;0
133;43;0;0
134;43;0;0
135;43;0;0
136;43;0;0
137;43;0;0
138;43;0;0
139;43;0;0
0;44;0;0
1;44;0;0
2;44;0;0
3;44;0;0
4;44;0;0
5;44;0;0
6;44;0;0
7;44;0;0
8;44;0;0
9;44;0;0
10;44;0;0
11;44;0;0
12;44;2;0
13;44;2;0
14;44;2;0
15;44;2;0
16;44;12770;0
17;44;15;0
18;44;15;0
19;44;15;0
20;44;10722;0
21;44;2;0
22;44;2;0
23;44;2;0
24;44;2;0
25;44;0;0
26;44;0;0
27;44;0;0
28;44;0;0
29;44;0;0
30;44;0;0
31;44;0;0
32;44;0;0
33;44;0;0
34;44;0;0
35;44;0;0
36;44;0;0
37;44;0;0
38;44;0;0
39;44;0;0
40;44;0;0
41;44;0;0
42;44;0;0
43;44;0;0
44;44;0;0
45;44;0;0
46;44;0;0
47;44;0;0
48;44;0;0
49;44;0;0
50;44;0;0
51;44;0;0
52;44;0;0
53;44;0;0
54;44;0;0
55;44;0;0
56;44;0;0
57;44;0;0
58;44;0;0
59;44;0;0
60;44;0;0
61;44;0;0
62;44;0;0
63;44;0;0
64;44;0;0
65;44;0;0
66;44;0;0
67;44;0;0
68;44;0;0
69;44;0;0
70;44;0;0
71;44;0;0
72;44;0;0
73;44;0;0
74;44;0;0
75;44;0;0
76;44;0;0
77;44;0;0
78;44;0;0
79;44;0;0
80;44;0;0
81;44;0;0
82;44;0;0
83;44;0;0
84;44;0;0
85;44;0;0
86;44;0;0
87;44;0;0
88;44;0;0
89;44;0;0
90;44;0;0
91;44;0;0
92;44;0;0
93;44;0;0
94;44;0;0
95;44;0;0
96;44;0;0
97;44;0;0
98;44;0;0
99;44;0;0
100;44;0;0
101;44;0;0
102;44;0;0
103;44;0;0
104;44;0;0
105;44;0;0
106;44;0;0
107;44;0;0
108;44;0;0
109;44;0;0
110;44;0;0
111;44;0;0
112;44;0;0
113;44;0;0
114;44;0;0
115;44;0;0
116;44;0;0
117;44;0;0
118;44;0;0
119;44;0;0
120;44;0;0
121;44;0;0
122;44;0;0
123;44;0;0
124;44;0;0
125;44;0;0
126;44;0;0
127;44;0;0
128;44;0;0
129;44;0;0
130;44;0;0
131;44;0;0
132;44;0;0
133;44;0;0
134;44;0;0
135;44;0;0
136;44;0;0
137;44;0;0
138;44;0;0
139;44;0;0
0;45;0;0
1;45;0;0
2;45;0;0
3;45;0;0
4;45;0;0
5;45;0;0
6;45;0;0
7;45;0;0
8;45;0;0
9;45;0;0
10;45;0;0
11;45;0;0
12;45;2;0
13;45;2;0
14;45;2;0
15;45;2;0
16;45;7650;0
17;45;15;0
18;45;15;0
19;45;15;0
20;45;10722;0
21;45;2;0
22;45;2;0
23;45;2;0
24;45;2;0
25;45;0;0
26;45;0;0
27;45;0;0
28;45;0;0
29;45;0;0
30;45;0;0
31;45;0;0
32;45;0;0
33;45;0;0
34;45;0;0
35;45;0;0
36;45;0;0
37;45;0;0
38;45;0;0
39;45;0;0
40;45;0;0
41;45;0;0
42;45;0;0
43;45;0;0
44;45;0;0
45;45;0;0
46;45;0;0
47;45;0;0
48;45;0;0
49;45;0;0
50;45;0;0
51;45;0;0
52;45;0;0
53;45;0;0
54;45;0;0
55;45;0;0
56;45;0;0
57;45;0;0
58;45;0;0
59;45;0;0
60;45;0;0
61;45;0;0
62;45;0;0
63;45;0;0
64;45;0;0
65;45;0;0
66;45;0;0
67;45;0;0
68;45;0;0
69;45;0;0
70;45;0;0
71;45;0;0
72;45;0;0
73;45;0;0
74;45;0;0
75;45;0;0
76;45;0;0
77;45;0;0
78;45;0;0
79;45;0;0
80;45;0;0
81;45;0;0
82;45;0;0
83;45;0;0
84;45;0;0
85;45;0;0
86;45;0;0
87;45;0;0
88;45;0;0
89;45;0;0
90;45;0;0
91;45;0;0
92;45;0;0
93;45;0;0
94;45;0;0
95;45;0;0
96;45;0;0
97;45;0;0
98;45;0;0
99;45;0;0
100;45;0;0
101;45;0;0
102;45;0;0
103;45;0;0
104;45;0;0
105;45;0;0
106;45;0;0
107;45;0;0
108;45;0;0
109;45;0;0
110;45;0;0
111;45;0;0
112;45;0;0
113;45;0;0
114;45;0;0
115;45;0;0
116;45;0;0
117;45;0;0
118;45;0;0
119;45;0;0
120;45;0;0
121;45;0;0
122;45;0;0
123;45;0;0
124;45;0;0
125;45;0;0
126;45;0;0
127;45;0;0
128;45;0;0
129;45;0;0
130;45;0;0
131;45;0;0
132;45;0;0
133;45;0;0
134;45;0;0
135;45;0;0
136;45;0;0
137;45;0;0
138;45;0;0
139;45;0;0
0;46;0;0
1;46;0;0
2;46;0;0
3;46;0;0
4;46;0;0
5;46;0;0
6;46;0;0
7;46;0;0
8;46;0;0
9;46;0;0
10;46;0;0
11;46;0;0
12;46;2;0
13;46;2;0
14;46;2;0
15;46;2;0
16;46;2;0
17;46;24034;0
18;46;15;0
19;46;15;0
20;46;10722;0
21;46;2;0
22;46;2;0
23;46;2;0
24;46;2;0
25;46;0;0
26;46;0;0
27;46;0;0
28;46;0;0
29;46;0;0
30;46;0;0
31;46;0;0
32;46;0;0
33;46;0;0
34;46;0;0
35;46;0;0
36;46;0;0
37;46;0;0
38;46;0;0
39;46;0;0
40;46;0;0
41;46;0;0
42;46;0;0
43;46;0;0
44;46;0;0
45;46;0;0
46;46;0;0
47;46;0;0
48;46;0;0
49;46;0;0
50;46;0;0
51;46;0;0
52;46;0;0
53;46;0;0
54;46;0;0
55;46;0;0
56;46;0;0
57;46;0;0
58;46;0;0
59;46;0;0
60;46;0;0
61;46;0;0
62;46;0;0
63;46;0;0
64;46;0;0
65;46;0;0
66;46;0;0
67;46;0;0
68;46;0;0
69;46;0;0
70;46;0;0
71;46;0;0
72;46;0;0
73;46;0;0
74;46;0;0
75;46;0;0
76;46;0;0
77;46;0;0
78;46;0;0
79;46;0;0
80;46;0;0
81;46;0;0
82;46;0;0
83;46;0;0
84;46;0;0
85;46;0;0
86;46;0;0
87;46;0;0
88;46;0;0
89;46;0;0
90;46;0;0
91;46;0;0
92;46;0;0
93;46;0;0
94;46;0;0
95;46;0;0
96;46;0;0
97;46;0;0
98;46;0;0
99;46;0;0
100;46;0;0
101;46;0;0
102;46;0;0
103;46;0;0
104;46;0;0
105;46;0;0
106;46;0;0
107;46;0;0
108;46;0;0
109;46;0;0
110;46;0;0
111;46;0;0
112;46;0;0
113;46;0;0
114;46;0;0
115;46;0;0
116;46;0;0
117;46;0;0
118;46;0;0
119;46;0;0
120;46;0;0
121;46;0;0
122;46;0;0
123;46;0;0
124;46;0;0
125;46;0;0
126;46;0;0
127;46;0;0
128;46;0;0
129;46;0;0
130;46;0;0
131;46;0;0
132;46;0;0
133;46;0;0
134;46;0;0
135;46;0;0
136;46;0;0
137;46;0;0
138;46;0;0
139;46;0;0
0;47;0;0
1;47;0;0
2;47;0;0
3;47;0;0
4;47;0;0
5;47;0;0
6;47;0;0
7;47;0;0
8;47;0;0
9;47;0;0
10;47;0;0
11;47;0;0
12;47;2;0
13;47;2;0
14;47;2;0
15;47;2;0
16;47;2;0
17;47;25058;0
18;47;15;0
19;47;15;0
20;47;10722;0
21;47;2;0
22;47;2;0
23;47;2;0
24;47;2;0
25;47;0;0
26;47;0;0
27;47;0;0
28;47;0;0
29;47;0;0
30;47;0;0
31;47;0;0
32;47;0;0
33;47;0;0
34;47;0;0
35;47;0;0
36;47;0;0
37;47;0;0
38;47;0;0
39;47;0;0
40;47;0;0
41;47;0;0
42;47;0;0
43;47;0;0
44;47;0;0
45;47;0;0
46;47;0;0
47;47;0;0
48;47;0;0
49;47;0;0
50;47;0;0
51;47;0;0
52;47;0;0
53;47;0;0
54;47;0;0
55;47;0;0
56;47;0;0
57;47;0;0
58;47;0;0
59;47;0;0
60;47;0;0
61;47;0;0
62;47;0;0
63;47;0;0
64;47;0;0
65;47;0;0
66;47;0;0
67;47;0;0
68;47;0;0
69;47;0;0
70;47;0;0
71;47;0;0
72;47;0;0
73;47;0;0
74;47;0;0
75;47;0;0
76;47;0;0
77;47;0;0
78;47;0;0
79;47;0;0
80;47;0;0
81;47;0;0
82;47;0;0
83;47;0;0
84;47;0;0
85;47;0;0
86;47;0;0
87;47;0;0
88;47;0;0
89;47;0;0
90;47;0;0
91;47;0;0
92;47;0;0
93;47;0;0
94;47;0;0
95;47;0;0
96;47;0;0
97;47;0;0
98;47;0;0
99;47;0;0
100;47;0;0
101;47;0;0
102;47;0;0
103;47;0;0
104;47;0;0
105;47;0;0
106;47;0;0
107;47;0;0
108;47;0;0
109;47;0;0
110;47;0;0
111;47;0;0
112;47;0;0
113;47;0;0
114;47;0;0
115;47;0;0
116;47;0;0
117;47;0;0
118;47;0;0
119;47;0;0
120;47;0;0
121;47;0;0
122;47;0;0
123;47;0;0
124;47;0;0
125;47;0;0
126;47;0;0
127;47;0;0
128;47;0;0
129;47;0;0
130;47;0;0
131;47;0;0
132;47;0;0
133;47;0;0
134;47;0;0
135;47;0;0
136;47;0;0
137;47;0;0
138;47;0;0
139;47;0;0
0;48;0;0
1;48;0;0
2;48;0;0
3;48;0;0
4;48;0;0
5;48;0;0
6;48;0;0
7;48;0;0
8;48;0;0
9;48;0;0
10;48;0;0
11;48;0;0
12;48;2;0
13;48;2;0
14;48;2;0
15;48;2;0
16;48;8674;0
17;48;15;0
18;48;15;0
19;48;15;0
20;48;10722;0
21;48;2;0
22;48;2;0
23;48;2;0
24;48;2;0
25;48;0;0
26;48;0;0
27;48;0;0
28;48;0;0
29;48;0;0
30;48;0;0
31;48;0;0
32;48;0;0
33;48;0;0
34;48;0;0
35;48;0;0
36;48;0;0
37;48;0;0
38;48;0;0
39;48;0;0
40;48;0;0
41;48;0;0
42;48;0;0
43;48;0;0
44;48;0;0
45;48;0;0
46;48;0;0
47;48;0;0
48;48;0;0
49;48;0;0
50;48;0;0
51;48;0;0
52;48;0;0
53;48;0;0
54;48;0;0
55;48;0;0
56;48;0;0
57;48;0;0
58;48;0;0
59;48;0;0
60;48;0;0
61;48;0;0
62;48;0;0
63;48;0;0
64;48;0;0
65;48;0;0
66;48;0;0
67;48;0;0
68;48;0;0
69;48;0;0
70;48;0;0
71;48;0;0
72;48;0;0
73;48;0;0
74;48;0;0
75;48;0;0
76;48;0;0
77;48;0;0
78;48;0;0
79;48;0;0
80;48;0;0
81;48;0;0
82;48;0;0
83;48;0;0
84;48;0;0
85;48;0;0
86;48;0;0
87;48;0;0
88;48;0;0
89;48;0;0
90;48;0;0
91;48;0;0
92;48;0;0
93;48;0;0
94;48;0;0
95;48;0;0
96;48;0;0
97;48;0;0
98;48;0;0
99;48;0;0
100;48;0;0
101;48;0;0
102;48;0;0
103;48;0;0
104;48;0;0
105;48;0;0
106;48;0;0
107;48;0;0
108;48;0;0
109;48;0;0
110;48;0;0
111;48;0;0
112;48;0;0
113;48;0;0
114;48;0;0
115;48;0;0
116;48;0;0
117;48;0;0
118;48;0;0
119;48;0;0
120;48;0;0
121;48;0;0
122;48;0;0
123;48;0;0
124;48;0;0
125;48;0;0
126;48;0;0
127;48;0;0
128;48;0;0
129;48;0;0
130;48;0;0
131;48;0;0
132;48;0;0
133;48;0;0
134;48;0;0
135;48;0;0
136;48;0;0
137;48;0;0
138;48;0;0
139;48;0;0
0;49;0;0
1;49;0;0
2;49;0;0
3;49;0;0
4;49;0;0
5;49;0;0
6;49;0;0
7;49;0;0
8;49;0;0
9;49;0;0
10;49;0;0
11;49;0;0
12;49;2;0
13;49;2;0
14;49;2;0
15;49;2;0
16;49;12770;0
17;49;15;0
18;49;15;0
19;49;15;0
20;49;10722;0
21;49;2;0
22;49;2;0
23;49;2;0
24;49;2;0
25;49;0;0
26;49;0;0
27;49;0;0
28;49;0;0
29;49;0;0
30;49;0;0
31;49;0;0
32;49;0;0
33;49;0;0
34;49;0;0
35;49;0;0
36;49;0;0
37;49;0;0
38;49;0;0
39;49;0;0
40;49;0;0
41;49;0;0
42;49;0;0
43;49;0;0
44;49;0;0
45;49;0;0
46;49;0;0
47;49;0;0
48;49;0;0
49;49;0;0
50;49;0;0
51;49;0;0
52;49;0;0
53;49;0;0
54;49;0;0
55;49;0;0
56;49;0;0
57;49;0;0
58;49;0;0
59;49;0;0
60;49;0;0
61;49;0;0
62;49;0;0
63;49;0;0
64;49;0;0
65;49;0;0
66;49;0;0
67;49;0;0
68;49;0;0
69;49;0;0
70;49;0;0
71;49;0;0
72;49;0;0
73;49;0;0
74;49;0;0
75;49;0;0
76;49;0;0
77;49;0;0
78;49;0;0
79;49;0;0
80;49;0;0
81;49;0;0
82;49;0;0
83;49;0;0
84;49;0;0
85;49;0;0
86;49;0;0
87;49;0;0
88;49;0;0
89;49;0;0
90;49;0;0
91;49;0;0
92;49;0;0
93;49;0;0
94;49;0;0
95;49;0;0
96;49;0;0
97;49;0;0
98;49;0;0
99;49;0;0
100;49;0;0
101;49;0;0
102;49;0;0
103;49;0;0
104;49;0;0
105;49;0;0
106;49;0;0
107;49;0;0
108;49;0;0
109;49;0;0
110;49;0;0
111;49;0;0
112;49;0;0
113;49;0;0
114;49;0;0
115;49;0;0
116;49;0;0
117;49;0;0
118;49;0;0
119;49;0;0
120;49;0;0
121;49;0;0
122;49;0;0
123;49;0;0
124;49;0;0
125;49;0;0
126;49;0;0
127;49;0;0
128;49;0;0
129;49;0;0
130;49;0;0
131;49;0;0
132;49;0;0
133;49;0;0
134;49;0;0
135;49;0;0
136;49;0;0
137;49;0;0
138;49;0;0
139;49;0;0
0;50;0;0
1;50;0;0
2;50;0;0
3;50;0;0
4;50;0;0
5;50;0;0
6;50;0;0
7;50;0;0
8;50;0;0
9;50;0;0
10;50;0;0
11;50;0;0
12;50;2;0
13;50;2;0
14;50;2;0
15;50;2;0
16;50;7650;0
17;50;15;0
18;50;15;0
19;50;15;0
20;50;3554;0
21;50;2;0
22;50;2;0
23;50;2;0
24;50;2;0
25;50;0;0
26;50;0;0
27;50;0;0
28;50;0;0
29;50;0;0
30;50;0;0
31;50;0;0
32;50;0;0
33;50;0;0
34;50;0;0
35;50;0;0
36;50;0;0
37;50;0;0
38;50;0;0
39;50;0;0
40;50;0;0
41;50;0;0
42;50;0;0
43;50;0;0
44;50;0;0
45;50;0;0
46;50;0;0
47;50;0;0
48;50;0;0
49;50;0;0
50;50;0;0
51;50;0;0
52;50;0;0
53;50;0;0
54;50;0;0
55;50;0;0
56;50;0;0
57;50;0;0
58;50;0;0
59;50;0;0
60;50;0;0
61;50;0;0
62;50;0;0
63;50;0;0
64;50;0;0
65;50;0;0
66;50;0;0
67;50;0;0
68;50;0;0
69;50;0;0
70;50;0;0
71;50;0;0
72;50;0;0
73;50;0;0
74;50;0;0
75;50;0;0
76;50;0;0
77;50;0;0
78;50;0;0
79;50;0;0
80;50;0;0
81;50;0;0
82;50;0;0
83;50;0;0
84;50;0;0
85;50;0;0
86;50;0;0
87;50;0;0
88;50;0;0
89;50;0;0
90;50;0;0
91;50;0;0
92;50;0;0
93;50;0;0
94;50;0;0
95;50;0;0
96;50;0;0
97;50;0;0
98;50;0;0
99;50;0;0
100;50;0;0
101;50;0;0
102;50;0;0
103;50;0;0
104;50;0;0
105;50;0;0
106;50;0;0
107;50;0;0
108;50;0;0
109;50;0;0
110;50;0;0
111;50;0;0
112;50;0;0
113;50;0;0
114;50;0;0
115;50;0;0
116;50;0;0
117;50;0;0
118;50;0;0
119;50;0;0
120;50;0;0
121;50;0;0
122;50;0;0
123;50;0;0
124;50;0;0
125;50;0;0
126;50;0;0
127;50;0;0
128;50;0;0
129;50;0;0
130;50;0;0
131;50;0;0
132;50;0;0
133;50;0;0
134;50;0;0
135;50;0;0
136;50;0;0
137;50;0;0
138;50;0;0
139;50;0;0
