11;12;627;333
12;12;626;333
11;13;629;333
12;13;627;333
13;13;626;333
12;14;629;333
13;14;628;333
14;14;627;333
15;14;626;333
16;14;627;333
17;14;626;333
14;15;629;333
15;15;628;333
16;15;629;333
17;15;628;333
18;15;627;333
19;15;626;333
40;15;627;333
41;15;626;333
42;15;626;333
15;16;627;333
16;16;626;333
18;16;629;333
19;16;628;333
20;16;627;333
21;16;626;333
37;16;627;333
38;16;626;333
39;16;627;333
40;16;626;333
41;16;628;333
42;16;628;333
43;16;626;333
44;16;627;333
45;16;626;333
91;16;627;333
92;16;626;333
15;17;629;333
16;17;628;333
20;17;629;333
21;17;628;333
22;17;627;333
23;17;626;333
27;17;627;333
28;17;626;333
31;17;627;333
32;17;626;333
33;17;627;333
34;17;626;333
35;17;627;333
36;17;626;333
37;17;629;333
38;17;628;333
39;17;629;333
40;17;628;333
42;17;629;333
43;17;628;333
44;17;627;333
45;17;626;333
87;17;627;333
88;17;626;333
89;17;627;333
90;17;626;333
91;17;629;333
92;17;628;333
15;18;273;333
22;18;629;333
23;18;628;333
24;18;626;333
27;18;629;333
28;18;628;333
29;18;627;333
30;18;626;333
31;18;629;333
32;18;628;333
33;18;629;333
34;18;627;333
35;18;626;333
36;18;628;333
40;18;1245;333
41;18;387;333
44;18;629;333
45;18;628;333
65;18;627;333
66;18;626;333
67;18;626;333
87;18;629;333
88;18;627;333
89;18;626;333
90;18;628;333
23;19;629;333
24;19;628;333
25;19;627;333
26;19;626;333
29;19;629;333
30;19;628;333
34;19;629;333
35;19;628;333
38;19;232;333
45;19;627;333
46;19;626;333
65;19;629;333
66;19;627;333
67;19;626;333
84;19;627;333
85;19;626;333
86;19;627;333
87;19;626;333
88;19;629;333
89;19;627;333
90;19;626;333
11;20;627;333
12;20;626;333
23;20;586;333
25;20;629;333
26;20;628;333
30;20;915;333
45;20;629;333
46;20;627;333
47;20;626;333
48;20;627;333
49;20;626;333
55;20;627;333
56;20;626;333
57;20;627;333
58;20;626;333
62;20;627;333
63;20;626;333
64;20;627;333
65;20;626;333
66;20;629;333
67;20;628;333
84;20;629;333
85;20;628;333
86;20;629;333
87;20;628;333
89;20;629;333
90;20;628;333
11;21;629;333
12;21;628;333
46;21;629;333
47;21;628;333
48;21;629;333
49;21;628;333
55;21;629;333
56;21;628;333
57;21;629;333
58;21;628;333
59;21;627;333
60;21;626;333
61;21;626;333
62;21;626;333
63;21;628;333
64;21;629;333
65;21;628;333
66;21;627;333
67;21;626;333
68;21;627;333
69;21;626;333
76;21;627;333
77;21;626;333
78;21;627;333
79;21;626;333
80;21;627;333
81;21;626;333
82;21;627;333
83;21;626;333
85;21;627;333
86;21;626;333
87;21;627;333
88;21;626;333
17;22;586;333
19;22;274;333
27;22;1246;333
36;22;586;333
39;22;627;333
40;22;626;333
49;22;627;333
50;22;626;333
51;22;627;333
52;22;626;333
53;22;627;333
54;22;626;333
56;22;627;333
57;22;626;333
59;22;629;333
60;22;628;333
61;22;628;333
62;22;628;333
63;22;627;333
64;22;626;333
66;22;629;333
67;22;628;333
68;22;629;333
69;22;627;333
70;22;626;333
76;22;629;333
77;22;628;333
78;22;629;333
79;22;628;333
80;22;629;333
81;22;628;333
82;22;629;333
83;22;628;333
84;22;627;333
85;22;626;333
86;22;628;333
87;22;629;333
88;22;628;333
24;23;586;333
27;23;1246;333
33;23;273;333
35;23;1246;333
36;23;1246;333
39;23;629;333
40;23;628;333
44;23;1245;333
49;23;629;333
50;23;628;333
51;23;627;333
52;23;626;333
53;23;629;333
54;23;628;333
56;23;629;333
57;23;628;333
58;23;387;333
60;23;387;333
63;23;629;333
64;23;628;333
66;23;387;333
69;23;629;333
70;23;628;333
71;23;627;333
72;23;626;333
75;23;627;333
76;23;626;333
79;23;627;333
80;23;626;333
81;23;626;333
84;23;629;333
85;23;628;333
87;23;627;333
88;23;626;333
12;24;274;333
24;24;273;333
32;24;274;333
35;24;1246;333
36;24;1246;333
51;24;629;333
52;24;628;333
61;24;1817;333
67;24;273;333
71;24;629;333
72;24;628;333
73;24;627;333
74;24;626;333
75;24;629;333
76;24;628;333
79;24;629;333
80;24;628;333
81;24;628;333
86;24;627;333
87;24;626;333
88;24;628;333
22;25;274;333
38;25;274;333
42;25;1817;333
46;25;274;333
55;25;1245;333
69;25;232;333
73;25;629;333
74;25;628;333
86;25;629;333
87;25;628;333
26;26;586;333
32;26;915;333
43;26;274;333
59;26;274;333
80;26;1817;333
87;26;627;333
88;26;626;333
17;27;627;333
18;27;626;333
22;27;1245;333
40;27;273;333
47;27;1245;333
48;27;1246;333
66;27;1245;333
77;27;274;333
83;27;232;333
87;27;629;333
88;27;628;333
17;28;629;333
18;28;628;333
72;28;1817;333
79;28;274;333
86;28;627;333
87;28;626;333
19;29;627;333
20;29;626;333
39;29;627;333
40;29;626;333
71;29;273;333
86;29;629;333
87;29;627;333
88;29;626;333
19;30;629;333
20;30;628;333
21;30;915;333
28;30;586;333
39;30;629;333
40;30;628;333
64;30;1246;333
78;30;274;333
84;30;1817;333
87;30;629;333
88;30;628;333
89;30;627;333
90;30;626;333
19;31;627;333
20;31;626;333
27;31;274;333
32;31;627;333
33;31;626;333
34;31;586;333
77;31;1817;333
89;31;629;333
90;31;628;333
12;32;627;333
13;32;626;333
19;32;629;333
20;32;628;333
27;32;274;333
30;32;627;333
31;32;626;333
32;32;629;333
33;32;628;333
43;32;627;333
44;32;627;333
45;32;627;333
48;32;287;333
49;32;287;333
50;32;287;333
51;32;287;333
52;32;287;333
53;32;287;333
54;32;287;333
60;32;287;333
61;32;287;333
62;32;287;333
63;32;287;333
89;32;627;333
90;32;626;333
91;32;626;333
12;33;629;333
13;33;627;333
14;33;626;333
16;33;586;333
17;33;586;333
18;33;627;333
19;33;626;333
22;33;1817;333
30;33;629;333
31;33;628;333
43;33;623;333
44;33;287;333
45;33;287;333
46;33;287;333
47;33;287;333
48;33;287;333
49;33;287;333
50;33;287;333
51;33;287;333
52;33;287;333
53;33;287;333
54;33;287;333
54;33;287;333
55;33;287;333
56;33;287;333
57;33;287;333
58;33;287;333
59;33;287;333
60;33;287;333
61;33;287;333
62;33;287;333
63;33;287;333
64;33;287;333
65;33;287;333
81;33;273;333
85;33;1817;333
89;33;629;333
90;33;628;333
91;33;628;333
92;33;626;333
12;34;627;333
13;34;626;333
14;34;628;333
16;34;1245;333
17;34;627;333
18;34;626;333
19;34;628;333
28;34;586;333
30;34;627;333
31;34;626;333
43;34;623;333
44;34;287;333
45;34;287;333
46;34;287;333
46;34;287;333
47;34;287;333
48;34;287;333
49;34;287;333
50;34;287;333
51;34;287;333
52;34;287;333
53;34;287;333
54;34;287;333
55;34;287;333
56;34;287;333
57;34;287;333
58;34;287;333
59;34;287;333
60;34;287;333
61;34;287;333
62;34;287;333
63;34;287;333
64;34;287;333
65;34;287;333
90;34;627;333
91;34;626;333
92;34;628;333
93;34;627;333
94;34;626;333
12;35;629;333
13;35;628;333
17;35;629;333
18;35;628;333
24;35;274;333
28;35;627;333
29;35;626;333
30;35;629;333
31;35;628;333
37;35;915;333
38;35;627;333
39;35;627;333
41;35;623;333
42;35;287;333
43;35;287;333
44;35;287;333
45;35;287;333
46;35;287;333
46;35;287;333
47;35;287;333
48;35;287;333
49;35;287;333
50;35;287;333
51;35;287;333
52;35;287;333
53;35;287;333
54;35;287;333
55;35;287;333
56;35;287;333
57;35;287;333
58;35;287;333
59;35;287;333
60;35;287;333
61;35;287;333
62;35;287;333
63;35;287;333
64;35;287;333
65;35;287;333
72;35;274;333
87;35;273;333
90;35;629;333
91;35;628;333
93;35;629;333
94;35;628;333
11;36;627;333
12;36;626;333
24;36;274;333
28;36;629;333
29;36;628;333
37;36;915;333
38;36;623;333
39;36;287;333
40;36;287;333
41;36;287;333
42;36;287;333
43;36;287;333
44;36;287;333
45;36;287;333
46;36;287;333
47;36;287;333
48;36;287;333
49;36;287;333
50;36;287;333
51;36;287;333
52;36;287;333
53;36;287;333
54;36;287;333
55;36;287;333
56;36;287;333
57;36;287;333
58;36;287;333
59;36;287;333
60;36;287;333
61;36;287;333
62;36;287;333
63;36;287;333
64;36;287;333
65;36;287;333
66;36;287;333
74;36;915;333
78;36;627;333
79;36;626;333
91;36;627;333
92;36;626;333
11;37;629;333
12;37;628;333
31;37;586;333
35;37;627;333
36;37;627;333
38;37;623;333
39;37;287;333
40;37;287;333
41;37;287;333
42;37;287;333
43;37;287;333
44;37;287;333
45;37;287;333
46;37;287;333
47;37;287;333
48;37;287;333
49;37;287;333
50;37;287;333
51;37;287;333
52;37;287;333
53;37;287;333
54;37;287;333
55;37;287;333
56;37;287;333
57;37;287;333
58;37;287;333
59;37;287;333
60;37;287;333
61;37;287;333
62;37;287;333
63;37;287;333
64;37;287;333
65;37;287;333
66;37;287;333
72;37;1245;333
76;37;627;333
77;37;626;333
78;37;629;333
79;37;628;333
80;37;627;333
81;37;626;333
82;37;915;333
91;37;627;333
92;37;626;333
11;38;627;333
12;38;626;333
28;38;627;333
29;38;626;333
35;38;623;333
36;38;287;333
37;38;287;333
38;38;287;333
39;38;287;333
40;38;287;333
41;38;287;333
42;38;287;333
43;38;287;333
44;38;287;333
45;38;287;333
46;38;287;333
47;38;287;333
48;38;287;333
49;38;287;333
50;38;287;333
51;38;287;333
52;38;287;333
53;38;287;333
54;38;287;333
55;38;287;333
56;38;287;333
57;38;287;333
58;38;287;333
59;38;287;333
60;38;287;333
61;38;287;333
62;38;287;333
63;38;287;333
64;38;287;333
65;38;287;333
66;38;287;333
72;38;1245;333
76;38;629;333
77;38;628;333
78;38;627;333
79;38;626;333
80;38;629;333
81;38;628;333
82;38;627;333
83;38;626;333
88;38;627;333
89;38;626;333
90;38;626;333
91;38;629;333
92;38;628;333
10;39;627;333
11;39;626;333
12;39;628;333
17;39;1817;333
26;39;586;333
28;39;629;333
29;39;628;333
35;39;623;333
36;39;287;333
37;39;287;333
38;39;287;333
39;39;287;333
40;39;287;333
41;39;287;333
42;39;287;333
43;39;287;333
44;39;287;333
45;39;287;333
46;39;287;333
47;39;287;333
48;39;287;333
49;39;287;333
50;39;287;333
51;39;287;333
52;39;287;333
53;39;287;333
54;39;287;333
55;39;287;333
56;39;287;333
57;39;287;333
58;39;287;333
59;39;287;333
60;39;287;333
61;39;287;333
62;39;287;333
63;39;287;333
64;39;287;333
65;39;287;333
66;39;287;333
78;39;629;333
79;39;628;333
80;39;629;333
81;39;628;333
82;39;629;333
83;39;628;333
85;39;627;333
86;39;626;333
88;39;629;333
89;39;628;333
90;39;627;333
91;39;626;333
10;40;629;333
11;40;627;333
12;40;626;333
17;40;1817;333
20;40;273;333
26;40;1246;333
35;40;287;333
36;40;287;333
37;40;287;333
38;40;287;333
39;40;287;333
40;40;287;333
41;40;287;333
42;40;287;333
43;40;287;333
44;40;287;333
45;40;287;333
46;40;287;333
47;40;287;333
48;40;287;333
49;40;287;333
50;40;287;333
51;40;287;333
52;40;287;333
53;40;287;333
54;40;287;333
55;40;287;333
56;40;287;333
57;40;287;333
58;40;287;333
59;40;287;333
60;40;287;333
61;40;287;333
62;40;287;333
63;40;287;333
64;40;287;333
65;40;287;333
66;40;287;333
70;40;1245;333
75;40;915;333
80;40;627;333
81;40;626;333
82;40;629;333
83;40;628;333
84;40;627;333
85;40;626;333
86;40;628;333
87;40;627;333
88;40;626;333
90;40;629;333
91;40;628;333
11;41;629;333
12;41;628;333
23;41;915;333
30;41;627;333
31;41;627;333
33;41;287;333
34;41;287;333
35;41;287;333
35;41;287;333
36;41;287;333
37;41;287;333
38;41;287;333
39;41;287;333
40;41;287;333
41;41;287;333
42;41;287;333
43;41;287;333
44;41;287;333
45;41;287;333
46;41;287;333
47;41;287;333
48;41;287;333
49;41;287;333
50;41;287;333
51;41;287;333
52;41;287;333
53;41;287;333
54;41;287;333
55;41;287;333
56;41;287;333
57;41;287;333
58;41;287;333
59;41;287;333
60;41;287;333
61;41;287;333
62;41;287;333
63;41;287;333
64;41;287;333
65;41;287;333
66;41;287;333
76;41;273;333
80;41;629;333
81;41;628;333
82;41;629;333
83;41;628;333
84;41;629;333
85;41;628;333
86;41;626;333
87;41;629;333
88;41;627;333
89;41;626;333
11;42;627;333
12;42;626;333
15;42;274;333
20;42;627;333
21;42;626;333
30;42;623;333
31;42;287;333
32;42;287;333
33;42;287;333
34;42;287;333
35;42;287;333
36;42;287;333
37;42;287;333
38;42;287;333
39;42;287;333
40;42;287;333
41;42;287;333
42;42;287;333
43;42;287;333
44;42;287;333
45;42;287;333
46;42;287;333
47;42;287;333
48;42;287;333
49;42;287;333
50;42;287;333
51;42;287;333
52;42;287;333
53;42;287;333
54;42;287;333
55;42;287;333
56;42;287;333
57;42;287;333
58;42;287;333
59;42;287;333
60;42;287;333
61;42;287;333
62;42;287;333
63;42;287;333
64;42;287;333
65;42;287;333
66;42;287;333
75;42;1246;333
77;42;1817;333
84;42;627;333
85;42;626;333
86;42;628;333
88;42;629;333
89;42;628;333
9;43;627;333
10;43;626;333
11;43;629;333
12;43;628;333
19;43;627;333
20;43;626;333
21;43;628;333
28;43;627;333
30;43;623;333
31;43;287;333
32;43;287;333
33;43;287;333
34;43;287;333
35;43;287;333
36;43;287;333
37;43;287;333
38;43;287;333
39;43;287;333
40;43;287;333
41;43;287;333
42;43;287;333
43;43;287;333
44;43;287;333
45;43;287;333
46;43;287;333
47;43;287;333
48;43;287;333
49;43;287;333
50;43;287;333
51;43;287;333
52;43;287;333
53;43;287;333
54;43;287;333
55;43;287;333
56;43;287;333
57;43;287;333
58;43;287;333
59;43;287;333
60;43;287;333
61;43;287;333
62;43;287;333
63;43;287;333
64;43;287;333
65;43;287;333
69;43;274;333
78;43;1817;333
79;43;1245;333
83;43;274;333
84;43;629;333
85;43;628;333
87;43;627;333
88;43;626;333
9;44;629;333
10;44;628;333
11;44;629;333
12;44;628;333
19;44;629;333
20;44;628;333
25;44;274;333
26;44;1245;333
28;44;623;333
29;44;287;333
30;44;287;333
31;44;287;333
32;44;287;333
33;44;287;333
34;44;287;333
35;44;287;333
36;44;287;333
37;44;287;333
38;44;287;333
39;44;287;333
40;44;287;333
41;44;287;333
42;44;287;333
43;44;287;333
44;44;287;333
45;44;287;333
46;44;287;333
47;44;287;333
48;44;287;333
49;44;287;333
50;44;287;333
51;44;287;333
52;44;287;333
53;44;287;333
54;44;287;333
55;44;287;333
56;44;287;333
57;44;287;333
58;44;287;333
59;44;287;333
60;44;287;333
61;44;287;333
62;44;287;333
63;44;287;333
64;44;287;333
65;44;287;333
87;44;629;333
88;44;628;333
14;45;627;333
15;45;626;333
16;45;627;333
17;45;626;333
24;45;273;333
27;45;627;333
28;45;623;333
29;45;287;333
30;45;287;333
31;45;287;333
32;45;287;333
32;45;287;333
33;45;287;333
34;45;287;333
35;45;287;333
36;45;287;333
37;45;287;333
38;45;287;333
39;45;287;333
40;45;287;333
41;45;287;333
42;45;287;333
43;45;287;333
44;45;287;333
45;45;287;333
46;45;287;333
47;45;287;333
48;45;287;333
49;45;287;333
50;45;287;333
51;45;287;333
52;45;287;333
53;45;287;333
54;45;287;333
55;45;287;333
56;45;287;333
57;45;287;333
58;45;287;333
59;45;287;333
60;45;287;333
61;45;287;333
62;45;287;333
63;45;287;333
64;45;287;333
65;45;287;333
70;45;274;333
86;45;627;333
87;45;626;333
14;46;629;333
15;46;628;333
16;46;629;333
17;46;628;333
28;46;623;333
29;46;287;333
30;46;287;333
31;46;287;333
32;46;287;333
33;46;287;333
34;46;287;333
35;46;287;333
36;46;287;333
37;46;287;333
38;46;287;333
39;46;287;333
40;46;287;333
41;46;287;333
42;46;287;333
43;46;287;333
44;46;287;333
45;46;287;333
46;46;287;333
47;46;287;333
48;46;287;333
49;46;287;333
50;46;287;333
51;46;287;333
52;46;287;333
53;46;287;333
54;46;287;333
55;46;287;333
56;46;287;333
57;46;287;333
58;46;287;333
59;46;287;333
60;46;287;333
61;46;287;333
62;46;287;333
63;46;287;333
64;46;287;333
86;46;629;333
87;46;627;333
88;46;626;333
17;47;627;333
18;47;626;333
27;47;623;333
28;47;287;333
29;47;287;333
30;47;287;333
31;47;287;333
32;47;287;333
33;47;287;333
34;47;287;333
35;47;287;333
36;47;287;333
37;47;287;333
38;47;287;333
39;47;287;333
40;47;287;333
41;47;287;333
42;47;287;333
43;47;287;333
44;47;287;333
45;47;287;333
46;47;287;333
47;47;287;333
48;47;287;333
49;47;287;333
50;47;287;333
51;47;287;333
52;47;287;333
53;47;287;333
54;47;287;333
55;47;287;333
56;47;287;333
57;47;287;333
58;47;287;333
59;47;287;333
60;47;287;333
61;47;287;333
62;47;287;333
63;47;287;333
64;47;287;333
80;47;274;333
84;47;1817;333
87;47;629;333
88;47;628;333
17;48;629;333
18;48;628;333
26;48;627;333
27;48;623;333
28;48;287;333
29;48;287;333
30;48;287;333
31;48;287;333
32;48;287;333
33;48;287;333
34;48;287;333
35;48;287;333
36;48;287;333
37;48;287;333
38;48;287;333
39;48;287;333
40;48;287;333
41;48;287;333
42;48;287;333
43;48;287;333
44;48;287;333
45;48;287;333
46;48;622;333
47;48;630;333
48;48;287;333
49;48;287;333
50;48;287;333
51;48;622;333
52;48;622;333
53;48;630;333
54;48;287;333
55;48;287;333
56;48;287;333
57;48;287;333
58;48;287;333
59;48;287;333
60;48;287;333
61;48;287;333
62;48;287;333
63;48;287;333
64;48;287;333
65;48;628;333
71;48;273;333
86;48;627;333
87;48;626;333
18;49;627;333
19;49;626;333
20;49;626;333
27;49;629;333
28;49;622;333
29;49;622;333
30;49;630;333
31;49;287;333
32;49;287;333
33;49;287;333
34;49;287;333
35;49;287;333
36;49;287;333
37;49;287;333
38;49;287;333
39;49;287;333
40;49;622;333
41;49;630;333
42;49;287;333
43;49;287;333
44;49;622;333
45;49;622;333
47;49;629;333
48;49;622;333
49;49;622;333
50;49;622;333
51;49;628;333
52;49;915;333
53;49;629;333
54;49;630;333
55;49;287;333
56;49;287;333
57;49;287;333
58;49;287;333
59;49;287;333
60;49;287;333
61;49;287;333
62;49;622;333
63;49;622;333
64;49;622;333
65;49;628;333
86;49;629;333
87;49;627;333
88;49;626;333
18;50;629;333
19;50;628;333
20;50;628;333
22;50;1245;333
28;50;628;333
30;50;629;333
31;50;622;333
32;50;622;333
33;50;630;333
34;50;287;333
35;50;287;333
36;50;287;333
37;50;622;333
38;50;622;333
39;50;622;333
41;50;629;333
42;50;622;333
43;50;622;333
44;50;628;333
48;50;628;333
51;50;1245;333
54;50;629;333
55;50;622;333
56;50;630;333
57;50;287;333
58;50;287;333
59;50;287;333
60;50;622;333
61;50;622;333
62;50;628;333
71;50;623;333
72;50;287;333
73;50;287;333
74;50;287;333
75;50;287;333
85;50;273;333
87;50;629;333
88;50;628;333
18;51;627;333
19;51;626;333
25;51;586;333
29;51;1245;333
30;51;387;333
33;51;629;333
34;51;622;333
35;51;622;333
36;51;622;333
37;51;628;333
40;51;1245;333
43;51;1246;333
56;51;629;333
57;51;622;333
58;51;622;333
59;51;622;333
60;51;628;333
61;51;274;333
68;51;387;333
69;51;623;333
70;51;287;333
71;51;287;333
72;51;287;333
73;51;287;333
74;51;287;333
75;51;287;333
86;51;627;333
87;51;626;333
18;52;629;333
19;52;628;333
23;52;1246;333
35;52;628;333
45;52;627;333
46;52;626;333
49;52;2169;333
50;52;274;333
56;52;274;333
58;52;628;333
68;52;627;333
69;52;623;333
70;52;287;333
71;52;287;333
72;52;287;333
73;52;287;333
74;52;287;333
75;52;287;333
76;52;287;333
77;52;287;333
80;52;915;333
86;52;629;333
87;52;628;333
88;52;627;333
89;52;626;333
90;52;626;333
18;53;627;333
19;53;626;333
20;53;626;333
43;53;627;333
44;53;626;333
45;53;629;333
46;53;628;333
51;53;274;333
66;53;1245;333
68;53;623;333
69;53;287;333
70;53;287;333
71;53;287;333
72;53;287;333
73;53;287;333
74;53;287;333
75;53;287;333
76;53;287;333
77;53;287;333
79;53;274;333
88;53;629;333
89;53;628;333
90;53;628;333
18;54;629;333
19;54;628;333
20;54;628;333
24;54;273;333
43;54;629;333
44;54;628;333
58;54;274;333
67;54;627;333
68;54;623;333
69;54;287;333
70;54;287;333
71;54;287;333
72;54;287;333
73;54;287;333
74;54;287;333
75;54;287;333
76;54;287;333
77;54;287;333
78;54;287;333
85;54;1245;333
89;54;627;333
90;54;626;333
18;55;627;333
19;55;626;333
21;55;627;333
22;55;626;333
25;55;274;333
43;55;1817;333
54;55;274;333
55;55;586;333
61;55;915;333
65;55;387;333
67;55;623;333
68;55;287;333
69;55;287;333
70;55;287;333
71;55;287;333
72;55;287;333
73;55;287;333
74;55;287;333
75;55;287;333
76;55;287;333
77;55;287;333
78;55;287;333
89;55;629;333
90;55;628;333
91;55;627;333
92;55;626;333
18;56;629;333
19;56;628;333
21;56;629;333
22;56;628;333
64;56;1246;333
66;56;627;333
67;56;623;333
68;56;287;333
69;56;287;333
70;56;287;333
71;56;287;333
72;56;287;333
73;56;287;333
74;56;287;333
75;56;287;333
76;56;287;333
77;56;287;333
78;56;287;333
88;56;274;333
90;56;627;333
91;56;626;333
92;56;628;333
17;57;627;333
18;57;626;333
47;57;274;333
60;57;273;333
61;57;273;333
66;57;623;333
67;57;287;333
68;57;287;333
69;57;287;333
70;57;287;333
71;57;287;333
72;57;287;333
73;57;287;333
74;57;287;333
75;57;287;333
76;57;287;333
77;57;287;333
78;57;287;333
87;57;274;333
90;57;629;333
91;57;627;333
92;57;626;333
16;58;627;333
17;58;626;333
18;58;628;333
45;58;274;333
58;58;1817;333
64;58;627;333
65;58;627;333
66;58;623;333
67;58;287;333
68;58;287;333
69;58;287;333
70;58;287;333
71;58;287;333
72;58;287;333
73;58;287;333
74;58;287;333
75;58;287;333
76;58;287;333
77;58;287;333
77;58;287;333
78;58;287;333
83;58;915;333
89;58;627;333
90;58;626;333
91;58;629;333
92;58;628;333
15;59;627;333
16;59;626;333
17;59;628;333
48;59;586;333
56;59;274;333
63;59;627;333
64;59;623;333
65;59;287;333
66;59;287;333
67;59;287;333
68;59;287;333
69;59;287;333
70;59;287;333
71;59;287;333
72;59;287;333
73;59;287;333
74;59;287;333
75;59;287;333
76;59;287;333
77;59;287;333
89;59;629;333
90;59;628;333
15;60;627;333
16;60;626;333
21;60;273;333
37;60;1817;333
39;60;627;333
40;60;626;333
51;60;627;333
52;60;626;333
56;60;274;333
58;60;1245;333
59;60;1245;333
64;60;623;333
65;60;287;333
66;60;287;333
67;60;287;333
68;60;287;333
69;60;287;333
70;60;287;333
71;60;287;333
72;60;287;333
73;60;287;333
74;60;287;333
75;60;287;333
76;60;287;333
77;60;287;333
90;60;627;333
91;60;626;333
14;61;627;333
15;61;626;333
16;61;628;333
20;61;1246;333
39;61;629;333
40;61;628;333
51;61;629;333
52;61;628;333
63;61;623;333
64;61;287;333
65;61;287;333
66;61;287;333
67;61;287;333
68;61;287;333
69;61;287;333
70;61;287;333
71;61;287;333
72;61;287;333
73;61;287;333
74;61;287;333
75;61;287;333
76;61;287;333
77;61;287;333
83;61;1817;333
88;61;387;333
90;61;629;333
91;61;628;333
11;62;627;333
12;62;626;333
14;62;629;333
15;62;628;333
16;62;387;333
20;62;586;333
44;62;274;333
46;62;2832;333
50;62;387;333
52;62;627;333
53;62;626;333
62;62;623;333
63;62;287;333
64;62;287;333
65;62;287;333
66;62;287;333
67;62;287;333
68;62;287;333
69;62;287;333
70;62;287;333
71;62;287;333
72;62;287;333
73;62;287;333
74;62;287;333
75;62;287;333
76;62;287;333
77;62;287;333
81;62;915;333
84;62;274;333
89;62;627;333
90;62;626;333
11;63;629;333
12;63;628;333
13;63;626;333
14;63;626;333
16;63;387;333
24;63;586;333
44;63;586;333
47;63;273;333
52;63;629;333
53;63;628;333
60;63;623;333
61;63;287;333
62;63;287;333
63;63;287;333
64;63;287;333
65;63;287;333
66;63;287;333
67;63;287;333
68;63;287;333
69;63;287;333
70;63;287;333
71;63;287;333
72;63;287;333
73;63;287;333
74;63;287;333
75;63;287;333
76;63;287;333
77;63;287;333
86;63;2169;333
89;63;629;333
90;63;627;333
91;63;626;333
12;64;629;333
13;64;628;333
14;64;628;333
21;64;273;333
22;64;586;333
24;64;273;333
50;64;627;333
51;64;626;333
56;64;274;333
58;64;623;333
59;64;287;333
60;64;287;333
61;64;287;333
62;64;287;333
63;64;287;333
64;64;287;333
65;64;287;333
66;64;287;333
67;64;287;333
68;64;287;333
69;64;287;333
70;64;287;333
71;64;287;333
72;64;287;333
73;64;287;333
74;64;287;333
75;64;287;333
76;64;287;333
77;64;287;333
77;64;287;333
78;64;287;333
90;64;629;333
91;64;628;333
9;65;627;333
10;65;626;333
11;65;627;333
12;65;626;333
17;65;274;333
48;65;387;333
50;65;629;333
51;65;628;333
52;65;1246;333
53;65;1246;333
54;65;627;333
55;65;627;333
56;65;623;333
57;65;287;333
58;65;287;333
59;65;287;333
60;65;287;333
61;65;287;333
62;65;287;333
63;65;287;333
64;65;287;333
65;65;287;333
66;65;287;333
67;65;287;333
68;65;287;333
69;65;287;333
70;65;287;333
71;65;287;333
72;65;287;333
73;65;287;333
74;65;287;333
75;65;287;333
76;65;287;333
77;65;287;333
78;65;287;333
85;65;273;333
87;65;1817;333
89;65;627;333
90;65;626;333
9;66;629;333
10;66;628;333
11;66;629;333
12;66;628;333
43;66;274;333
45;66;2169;333
49;66;627;333
50;66;626;333
54;66;623;333
55;66;287;333
56;66;287;333
57;66;287;333
58;66;287;333
59;66;287;333
60;66;287;333
61;66;287;333
62;66;287;333
63;66;287;333
64;66;287;333
65;66;287;333
66;66;287;333
67;66;287;333
68;66;287;333
69;66;287;333
70;66;287;333
71;66;287;333
72;66;287;333
73;66;287;333
74;66;287;333
75;66;287;333
76;66;287;333
77;66;287;333
78;66;287;333
89;66;629;333
90;66;627;333
91;66;626;333
7;67;627;333
8;67;626;333
9;67;627;333
10;67;626;333
49;67;629;333
50;67;628;333
52;67;627;333
54;67;623;333
55;67;287;333
56;67;287;333
57;67;287;333
58;67;287;333
59;67;287;333
60;67;287;333
61;67;287;333
62;67;287;333
63;67;287;333
64;67;287;333
65;67;287;333
66;67;287;333
67;67;287;333
68;67;287;333
69;67;287;333
70;67;287;333
71;67;287;333
72;67;287;333
73;67;287;333
74;67;287;333
75;67;287;333
76;67;287;333
77;67;287;333
90;67;629;333
91;67;628;333
7;68;629;333
8;68;628;333
9;68;629;333
10;68;628;333
12;68;387;333
20;68;274;333
48;68;627;333
49;68;626;333
52;68;623;333
53;68;287;333
54;68;287;333
55;68;287;333
56;68;287;333
57;68;287;333
58;68;287;333
59;68;287;333
60;68;287;333
61;68;287;333
62;68;287;333
63;68;287;333
64;68;287;333
65;68;287;333
66;68;287;333
67;68;287;333
68;68;287;333
69;68;287;333
70;68;287;333
71;68;287;333
72;68;287;333
73;68;287;333
74;68;287;333
75;68;287;333
76;68;287;333
77;68;287;333
85;68;274;333
86;68;274;333
91;68;627;333
92;68;626;333
6;69;627;333
7;69;626;333
16;69;586;333
20;69;274;333
48;69;629;333
49;69;628;333
51;69;627;333
52;69;623;333
53;69;287;333
54;69;287;333
55;69;287;333
56;69;287;333
57;69;287;333
58;69;287;333
59;69;287;333
60;69;287;333
61;69;287;333
62;69;287;333
63;69;287;333
64;69;287;333
65;69;287;333
66;69;287;333
67;69;287;333
68;69;287;333
69;69;287;333
70;69;287;333
71;69;287;333
72;69;287;333
73;69;287;333
74;69;287;333
75;69;287;333
76;69;287;333
77;69;287;333
91;69;629;333
92;69;628;333
4;70;627;333
5;70;626;333
6;70;629;333
7;70;628;333
8;70;626;333
9;70;387;333
34;70;274;333
46;70;273;333
50;70;387;333
52;70;623;333
53;70;287;333
54;70;287;333
55;70;287;333
56;70;287;333
57;70;287;333
58;70;287;333
59;70;287;333
60;70;287;333
61;70;287;333
62;70;287;333
63;70;287;333
64;70;287;333
65;70;287;333
66;70;287;333
67;70;287;333
68;70;287;333
69;70;287;333
70;70;287;333
71;70;287;333
72;70;287;333
73;70;287;333
74;70;287;333
75;70;287;333
76;70;287;333
77;70;287;333
87;70;1817;333
90;70;627;333
91;70;626;333
4;71;629;333
5;71;628;333
6;71;626;333
7;71;629;333
8;71;628;333
41;71;1817;333
51;71;623;333
52;71;287;333
53;71;287;333
54;71;287;333
55;71;287;333
56;71;287;333
57;71;287;333
58;71;287;333
59;71;287;333
60;71;287;333
61;71;287;333
62;71;287;333
63;71;287;333
64;71;287;333
65;71;287;333
66;71;287;333
67;71;287;333
68;71;287;333
69;71;287;333
70;71;287;333
71;71;287;333
72;71;287;333
73;71;287;333
74;71;287;333
75;71;287;333
76;71;287;333
77;71;287;333
85;71;273;333
88;71;387;333
90;71;629;333
91;71;627;333
92;71;626;333
1;72;627;333
2;72;626;333
5;72;629;333
6;72;628;333
15;72;273;333
21;72;273;333
35;72;1246;333
36;72;586;333
40;72;274;333
50;72;627;333
51;72;623;333
52;72;287;333
53;72;287;333
54;72;287;333
55;72;287;333
56;72;287;333
57;72;287;333
58;72;287;333
59;72;287;333
60;72;287;333
61;72;287;333
62;72;287;333
63;72;287;333
64;72;287;333
65;72;287;333
66;72;287;333
67;72;287;333
68;72;287;333
69;72;287;333
70;72;287;333
71;72;287;333
72;72;287;333
73;72;287;333
74;72;287;333
75;72;287;333
76;72;287;333
77;72;287;333
78;72;287;333
79;72;287;333
90;72;273;333
91;72;629;333
92;72;628;333
1;73;629;333
2;73;628;333
3;73;627;333
4;73;626;333
50;73;627;333
51;73;623;333
52;73;287;333
53;73;287;333
54;73;287;333
55;73;287;333
56;73;287;333
57;73;287;333
58;73;287;333
59;73;287;333
60;73;287;333
61;73;287;333
62;73;287;333
63;73;287;333
64;73;287;333
65;73;287;333
66;73;287;333
67;73;287;333
68;73;287;333
69;73;287;333
70;73;287;333
71;73;287;333
72;73;287;333
73;73;287;333
74;73;287;333
75;73;287;333
76;73;287;333
77;73;287;333
78;73;287;333
79;73;287;333
90;73;627;333
91;73;626;333
0;74;627;333
1;74;626;333
2;74;628;333
3;74;629;333
4;74;628;333
37;74;274;333
51;74;629;333
52;74;630;333
53;74;287;333
54;74;287;333
55;74;287;333
56;74;287;333
57;74;287;333
58;74;287;333
59;74;287;333
60;74;287;333
61;74;287;333
62;74;287;333
63;74;287;333
64;74;287;333
65;74;287;333
66;74;287;333
67;74;287;333
68;74;287;333
69;74;287;333
70;74;287;333
71;74;287;333
72;74;287;333
73;74;287;333
74;74;287;333
75;74;287;333
76;74;287;333
77;74;287;333
78;74;287;333
79;74;287;333
90;74;629;333
91;74;628;333
0;75;629;333
1;75;628;333
43;75;586;333
44;75;1246;333
48;75;1246;333
49;75;1246;333
52;75;623;333
53;75;287;333
54;75;287;333
55;75;287;333
56;75;287;333
57;75;287;333
58;75;287;333
59;75;287;333
60;75;287;333
61;75;287;333
62;75;287;333
63;75;287;333
64;75;287;333
65;75;287;333
66;75;287;333
67;75;287;333
68;75;287;333
69;75;287;333
70;75;287;333
71;75;287;333
72;75;287;333
73;75;287;333
74;75;287;333
75;75;287;333
76;75;287;333
77;75;287;333
78;75;287;333
79;75;287;333
89;75;627;333
90;75;626;333
9;76;274;333
16;76;586;333
45;76;586;333
52;76;623;333
53;76;287;333
54;76;287;333
55;76;287;333
56;76;287;333
57;76;287;333
58;76;287;333
59;76;287;333
60;76;287;333
61;76;287;333
62;76;287;333
63;76;287;333
64;76;287;333
65;76;287;333
66;76;287;333
67;76;287;333
68;76;287;333
69;76;287;333
70;76;287;333
71;76;287;333
72;76;287;333
73;76;287;333
74;76;287;333
75;76;287;333
76;76;287;333
77;76;287;333
78;76;287;333
79;76;287;333
80;76;287;333
81;76;287;333
89;76;629;333
90;76;627;333
91;76;626;333
17;77;274;333
19;77;2169;333
36;77;915;333
51;77;627;333
52;77;623;333
53;77;287;333
54;77;287;333
55;77;287;333
56;77;287;333
57;77;287;333
58;77;287;333
59;77;287;333
60;77;287;333
61;77;287;333
62;77;287;333
63;77;287;333
64;77;287;333
65;77;287;333
66;77;287;333
67;77;287;333
68;77;287;333
69;77;287;333
70;77;287;333
71;77;287;333
72;77;287;333
73;77;287;333
74;77;287;333
75;77;287;333
76;77;287;333
77;77;287;333
78;77;287;333
79;77;287;333
80;77;287;333
81;77;287;333
90;77;629;333
91;77;628;333
44;78;274;333
52;78;629;333
53;78;630;333
54;78;287;333
55;78;287;333
56;78;287;333
57;78;287;333
58;78;287;333
59;78;287;333
60;78;287;333
61;78;287;333
62;78;287;333
63;78;287;333
64;78;287;333
65;78;287;333
66;78;287;333
67;78;287;333
68;78;287;333
69;78;287;333
70;78;287;333
71;78;287;333
72;78;287;333
73;78;287;333
74;78;287;333
75;78;287;333
76;78;287;333
77;78;287;333
78;78;287;333
79;78;287;333
80;78;287;333
81;78;287;333
89;78;627;333
90;78;626;333
13;79;274;333
42;79;273;333
49;79;274;333
53;79;623;333
54;79;287;333
55;79;287;333
56;79;287;333
57;79;287;333
58;79;287;333
59;79;287;333
60;79;287;333
61;79;287;333
62;79;287;333
63;79;287;333
64;79;287;333
65;79;287;333
66;79;287;333
67;79;287;333
68;79;287;333
69;79;287;333
70;79;287;333
71;79;287;333
72;79;287;333
73;79;287;333
74;79;287;333
75;79;287;333
76;79;287;333
77;79;287;333
78;79;287;333
79;79;287;333
80;79;287;333
81;79;287;333
82;79;287;333
88;79;273;333
89;79;629;333
90;79;627;333
91;79;626;333
22;80;273;333
23;80;586;333
38;80;915;333
44;80;915;333
48;80;915;333
51;80;273;333
53;80;629;333
54;80;622;333
55;80;630;333
56;80;287;333
57;80;287;333
58;80;287;333
59;80;287;333
60;80;287;333
61;80;287;333
62;80;287;333
63;80;287;333
64;80;287;333
65;80;287;333
66;80;287;333
67;80;287;333
68;80;287;333
69;80;287;333
70;80;287;333
71;80;287;333
72;80;287;333
73;80;287;333
74;80;287;333
75;80;287;333
76;80;287;333
77;80;287;333
78;80;287;333
79;80;287;333
80;80;287;333
81;80;287;333
82;80;287;333
83;80;287;333
90;80;629;333
91;80;627;333
92;80;626;333
7;81;586;333
30;81;273;333
45;81;627;333
46;81;626;333
55;81;629;333
56;81;622;333
57;81;630;333
58;81;287;333
59;81;287;333
60;81;287;333
61;81;622;333
62;81;622;333
63;81;622;333
64;81;622;333
65;81;622;333
66;81;630;333
67;81;287;333
68;81;287;333
69;81;287;333
70;81;287;333
71;81;287;333
72;81;287;333
73;81;287;333
74;81;287;333
75;81;287;333
76;81;287;333
77;81;287;333
78;81;287;333
79;81;287;333
80;81;287;333
81;81;287;333
82;81;287;333
83;81;287;333
91;81;627;333
92;81;626;333
15;82;274;333
30;82;273;333
37;82;273;333
38;82;586;333
45;82;629;333
46;82;628;333
48;82;915;333
57;82;629;333
58;82;622;333
59;82;622;333
60;82;622;333
61;82;628;333
63;82;628;333
66;82;623;333
67;82;287;333
68;82;287;333
69;82;287;333
70;82;287;333
71;82;622;333
72;82;622;333
73;82;630;333
74;82;287;333
75;82;287;333
76;82;287;333
77;82;287;333
78;82;287;333
79;82;287;333
80;82;287;333
81;82;287;333
82;82;287;333
83;82;287;333
91;82;627;333
92;82;626;333
34;83;586;333
38;83;586;333
42;83;627;333
43;83;626;333
44;83;627;333
45;83;626;333
59;83;628;333
66;83;629;333
67;83;622;333
68;83;622;333
69;83;622;333
70;83;622;333
71;83;628;333
73;83;629;333
74;83;622;333
75;83;630;333
76;83;287;333
77;83;287;333
78;83;287;333
79;83;287;333
80;83;287;333
81;83;287;333
82;83;287;333
83;83;287;333
84;83;287;333
91;83;629;333
92;83;628;333
35;84;915;333
42;84;629;333
43;84;628;333
44;84;629;333
45;84;628;333
49;84;627;333
50;84;626;333
68;84;628;333
69;84;628;333
71;84;1817;333
75;84;629;333
76;84;630;333
77;84;287;333
78;84;287;333
79;84;287;333
80;84;287;333
81;84;287;333
82;84;287;333
83;84;287;333
84;84;287;333
41;85;627;333
42;85;626;333
49;85;629;333
50;85;628;333
53;85;627;333
54;85;626;333
55;85;627;333
56;85;626;333
60;85;1817;333
67;85;273;333
70;85;1245;333
72;85;387;333
76;85;629;333
77;85;630;333
78;85;287;333
79;85;287;333
80;85;287;333
81;85;287;333
82;85;287;333
83;85;287;333
83;85;287;333
84;85;287;333
84;85;287;333
85;85;287;333
41;86;629;333
42;86;628;333
48;86;627;333
49;86;626;333
53;86;629;333
54;86;628;333
55;86;629;333
56;86;628;333
62;86;627;333
63;86;626;333
74;86;273;333
77;86;629;333
78;86;622;333
79;86;630;333
80;86;287;333
81;86;287;333
82;86;287;333
83;86;287;333
84;86;287;333
85;86;287;333
