1;0;0;586;0;333
5;0;0;627;0;333
6;0;0;626;0;333
7;0;0;627;0;333
8;0;0;626;0;333
9;0;0;627;0;333
10;0;0;626;0;333
11;0;0;627;0;333
12;0;0;626;0;333
13;0;0;627;0;333
14;0;0;626;0;333
15;0;0;627;0;333
16;0;0;626;0;333
17;0;0;627;0;333
18;0;0;626;0;333
19;0;0;627;0;333
20;0;0;626;0;333
21;0;0;627;0;333
22;0;0;626;0;333
23;0;0;627;0;333
24;0;0;626;0;333
25;0;0;627;0;333
26;0;0;626;0;333
27;0;0;626;0;333
28;0;0;627;0;333
29;0;0;626;0;333
30;0;0;627;0;333
31;0;0;626;0;333
32;0;0;627;0;333
33;0;0;626;0;333
34;0;0;627;0;333
35;0;0;626;0;333
36;0;0;627;0;333
37;0;0;626;0;333
38;0;0;627;0;333
39;0;0;626;0;333
40;0;0;627;0;333
41;0;0;626;0;333
42;0;0;627;0;333
43;0;0;626;0;333
44;0;0;627;0;333
45;0;0;626;0;333
46;0;0;627;0;333
47;0;0;626;0;333
54;0;0;627;0;333
55;0;0;626;0;333
5;1;0;629;0;333
6;1;0;628;0;333
7;1;0;629;0;333
8;1;0;628;0;333
9;1;0;629;0;333
10;1;0;628;0;333
11;1;0;629;0;333
12;1;0;628;0;333
13;1;0;629;0;333
14;1;0;628;0;333
15;1;0;629;0;333
16;1;0;628;0;333
17;1;0;629;0;333
18;1;0;628;0;333
19;1;0;629;0;333
20;1;0;628;0;333
21;1;0;629;0;333
22;1;0;628;0;333
23;1;0;629;0;333
24;1;0;628;0;333
25;1;0;629;0;333
26;1;0;628;0;333
27;1;0;628;0;333
28;1;0;629;0;333
29;1;0;628;0;333
30;1;0;629;0;333
31;1;0;628;0;333
32;1;0;629;0;333
33;1;0;628;0;333
34;1;0;629;0;333
35;1;0;628;0;333
36;1;0;629;0;333
37;1;0;628;0;333
38;1;0;629;0;333
39;1;0;628;0;333
40;1;0;629;0;333
41;1;0;628;0;333
42;1;0;629;0;333
43;1;0;628;0;333
44;1;0;629;0;333
45;1;0;628;0;333
46;1;0;629;0;333
47;1;0;628;0;333
53;1;0;627;0;333
54;1;0;626;0;333
55;1;0;628;0;333
1;2;0;586;0;333
3;2;0;1245;0;333
12;2;0;308;0;333
20;2;0;1245;0;333
22;2;0;308;0;333
36;2;0;1817;0;333
40;2;0;308;0;333
43;2;0;308;0;333
53;2;0;629;0;333
54;2;0;628;0;333
12;3;0;274;0;333
36;3;0;1245;0;333
37;3;0;1246;0;333
39;3;0;1245;0;333
44;3;0;1783;0;333
47;3;0;1783;0;333
49;3;0;1783;0;333
52;3;0;627;0;333
53;3;0;626;0;333
0;4;0;627;0;333
1;4;0;626;0;333
7;4;0;308;0;333
19;4;0;308;0;333
21;4;0;308;0;333
29;4;0;273;0;333
38;4;0;274;0;333
49;4;0;308;0;333
52;4;0;629;0;333
53;4;0;628;0;333
0;5;0;629;0;333
1;5;0;628;0;333
7;5;0;274;0;333
12;5;0;308;0;333
13;5;0;915;0;333
14;5;0;274;0;333
29;5;0;1817;0;333
36;5;0;274;0;333
43;5;0;915;0;333
44;5;0;273;0;333
51;5;0;627;0;333
52;5;0;626;0;333
0;6;0;627;0;333
1;6;0;626;0;333
5;6;0;1817;0;333
9;6;0;1817;0;333
10;6;0;274;0;333
14;6;0;1817;0;333
28;6;0;915;0;333
30;6;0;273;0;333
32;6;0;274;0;333
45;6;0;1783;0;333
46;6;0;273;0;333
51;6;0;629;0;333
52;6;0;628;0;333
0;7;0;629;0;333
1;7;0;628;0;333
12;7;0;274;0;333
17;7;0;273;0;333
25;7;0;308;0;333
32;7;0;1246;0;333
35;7;0;1817;0;333
47;7;0;915;0;333
49;7;0;1246;0;333
51;7;0;629;0;333
52;7;0;628;0;333
0;8;0;627;0;333
1;8;0;626;0;333
4;8;0;308;0;333
9;8;0;915;0;333
16;8;0;274;0;333
19;8;0;1817;0;333
23;8;0;1246;0;333
29;8;0;1817;0;333
43;8;0;627;0;333
44;8;0;626;0;333
50;8;0;627;0;333
51;8;0;626;0;333
52;8;0;626;0;333
0;9;0;629;0;333
1;9;0;628;0;333
3;9;0;1817;0;333
10;9;0;627;0;333
11;9;0;626;0;333
13;9;0;627;0;333
14;9;0;626;0;333
16;9;0;627;0;333
17;9;0;626;0;333
24;9;0;273;0;333
25;9;0;274;0;333
29;9;0;627;0;333
30;9;0;626;0;333
31;9;0;274;0;333
33;9;0;627;0;333
34;9;0;626;0;333
42;9;0;273;0;333
43;9;0;627;0;333
44;9;0;626;0;333
49;9;0;1246;0;333
50;9;0;629;0;333
51;9;0;628;0;333
52;9;0;626;0;333
0;10;0;627;0;333
1;10;0;626;0;333
2;10;0;274;0;333
10;10;0;629;0;333
11;10;0;628;0;333
12;10;0;626;0;333
13;10;0;629;0;333
14;10;0;627;0;333
15;10;0;626;0;333
16;10;0;629;0;333
17;10;0;627;0;333
18;10;0;626;0;333
19;10;0;627;0;333
20;10;0;626;0;333
22;10;0;1817;0;333
23;10;0;273;0;333
29;10;0;629;0;333
30;10;0;628;0;333
33;10;0;629;0;333
34;10;0;628;0;333
35;10;0;626;0;333
36;10;0;273;0;333
39;10;0;308;0;333
42;10;0;1246;0;333
43;10;0;629;0;333
44;10;0;627;0;333
45;10;0;626;0;333
50;10;0;1783;0;333
51;10;0;629;0;333
52;10;0;628;0;333
0;11;0;629;0;333
1;11;0;628;0;333
7;11;0;627;0;333
8;11;0;626;0;333
9;11;0;627;0;333
10;11;0;626;0;333
11;11;0;629;0;333
12;11;0;628;0;333
14;11;0;629;0;333
15;11;0;628;0;333
17;11;0;629;0;333
18;11;0;628;0;333
19;11;0;629;0;333
20;11;0;628;0;333
25;11;0;274;0;333
28;11;0;627;0;333
29;11;0;626;0;333
31;11;0;627;0;333
32;11;0;626;0;333
33;11;0;1245;0;333
34;11;0;627;0;333
35;11;0;626;0;333
38;11;0;1817;0;333
42;11;0;627;0;333
43;11;0;626;0;333
44;11;0;629;0;333
45;11;0;628;0;333
52;11;0;627;0;333
53;11;0;626;0;333
0;12;0;627;0;333
1;12;0;626;0;333
7;12;0;629;0;333
8;12;0;628;0;333
9;12;0;627;0;333
10;12;0;626;0;333
13;12;0;627;0;333
14;12;0;626;0;333
19;12;0;273;0;333
28;12;0;629;0;333
29;12;0;628;0;333
31;12;0;627;0;333
32;12;0;626;0;333
34;12;0;629;0;333
35;12;0;628;0;333
42;12;0;629;0;333
43;12;0;628;0;333
47;12;0;273;0;333
52;12;0;629;0;333
53;12;0;627;0;333
54;12;0;626;0;333
0;13;0;629;0;333
1;13;0;628;0;333
3;13;0;308;0;333
9;13;0;629;0;333
10;13;0;628;0;333
13;13;0;629;0;333
14;13;0;628;0;333
23;13;0;915;0;333
24;13;0;915;0;333
26;13;0;1817;0;333
27;13;0;274;0;333
31;13;0;629;0;333
32;13;0;628;0;333
36;13;0;308;0;333
38;13;0;273;0;333
39;13;0;1783;0;333
41;13;0;1817;0;333
43;13;0;1245;0;333
45;13;0;1245;0;333
52;13;0;1783;0;333
53;13;0;629;0;333
54;13;0;628;0;333
0;14;0;627;0;333
1;14;0;626;0;333
8;14;0;1246;0;333
16;14;0;1245;0;333
17;14;0;1246;0;333
20;14;0;308;0;333
21;14;0;274;0;333
23;14;0;1246;0;333
26;14;0;273;0;333
34;14;0;1783;0;333
47;14;0;308;0;333
54;14;0;627;0;333
55;14;0;626;0;333
0;15;0;629;0;333
1;15;0;628;0;333
4;15;0;274;0;333
10;15;0;627;0;333
11;15;0;626;0;333
13;15;0;308;0;333
16;15;0;915;0;333
17;15;0;915;0;333
19;15;0;1245;0;333
24;15;0;1245;0;333
38;15;0;2832;0;333
42;15;0;1817;0;333
45;15;0;1817;0;333
54;15;0;627;0;333
55;15;0;626;0;333
0;16;0;627;0;333
1;16;0;626;0;333
7;16;0;1246;0;333
10;16;0;629;0;333
11;16;0;628;0;333
13;16;0;1246;0;333
17;16;0;273;0;333
21;16;0;1246;0;333
24;16;0;1245;0;333
26;16;0;915;0;333
33;16;0;274;0;333
35;16;0;1817;0;333
36;16;0;915;0;333
41;16;0;274;0;333
47;16;0;1246;0;333
48;16;0;1246;0;333
54;16;0;629;0;333
55;16;0;627;0;333
56;16;0;626;0;333
0;17;0;629;0;333
1;17;0;628;0;333
11;17;0;1817;0;333
13;17;0;274;0;333
19;17;0;627;0;333
20;17;0;626;0;333
24;17;0;273;0;333
33;17;0;1783;0;333
37;17;0;1246;0;333
41;17;0;1246;0;333
45;17;0;915;0;333
48;17;0;915;0;333
50;17;0;1245;0;333
51;17;0;1246;0;333
55;17;0;629;0;333
56;17;0;628;0;333
0;18;0;627;0;333
1;18;0;626;0;333
2;18;0;627;0;333
3;18;0;626;0;333
17;18;0;627;0;333
18;18;0;626;0;333
19;18;0;629;0;333
20;18;0;628;0;333
21;18;0;627;0;333
22;18;0;626;0;333
23;18;0;627;0;333
24;18;0;626;0;333
28;18;0;627;0;333
29;18;0;626;0;333
36;18;0;915;0;333
43;18;0;627;0;333
44;18;0;626;0;333
45;18;0;915;0;333
46;18;0;274;0;333
52;18;0;1246;0;333
54;18;0;627;0;333
55;18;0;626;0;333
56;18;0;627;0;333
57;18;0;626;0;333
0;19;0;629;0;333
1;19;0;628;0;333
2;19;0;629;0;333
3;19;0;628;0;333
14;19;0;627;0;333
15;19;0;626;0;333
16;19;0;627;0;333
17;19;0;629;0;333
18;19;0;628;0;333
19;19;0;629;0;333
20;19;0;628;0;333
21;19;0;629;0;333
22;19;0;628;0;333
23;19;0;627;0;333
24;19;0;627;0;333
25;19;0;627;0;333
26;19;0;626;0;333
28;19;0;629;0;333
29;19;0;628;0;333
30;19;0;626;0;333
34;19;0;1817;0;333
41;19;0;627;0;333
42;19;0;626;0;333
43;19;0;629;0;333
44;19;0;628;0;333
45;19;0;627;0;333
46;19;0;626;0;333
47;19;0;274;0;333
49;19;0;274;0;333
54;19;0;629;0;333
55;19;0;628;0;333
56;19;0;626;0;333
57;19;0;628;0;333
12;20;0;627;0;333
13;20;0;626;0;333
14;20;0;626;0;333
15;20;0;628;0;333
16;20;0;629;0;333
17;20;0;628;0;333
23;20;0;629;0;333
24;20;0;629;0;333
25;20;0;629;0;333
26;20;0;628;0;333
27;20;0;627;0;333
28;20;0;629;0;333
29;20;0;628;0;333
30;20;0;628;0;333
41;20;0;629;0;333
42;20;0;628;0;333
45;20;0;627;0;333
46;20;0;626;0;333
52;20;0;1783;0;333
54;20;0;627;0;333
55;20;0;626;0;333
56;20;0;628;0;333
12;21;0;629;0;333
13;21;0;628;0;333
14;21;0;628;0;333
27;21;0;629;0;333
28;21;0;628;0;333
29;21;0;627;0;333
30;21;0;627;0;333
31;21;0;626;0;333
33;21;0;626;0;333
36;21;0;1817;0;333
41;21;0;627;0;333
42;21;0;626;0;333
44;21;0;273;0;333
45;21;0;629;0;333
46;21;0;628;0;333
47;21;0;627;0;333
48;21;0;626;0;333
54;21;0;629;0;333
55;21;0;628;0;333
56;21;0;627;0;333
57;21;0;626;0;333
29;22;0;629;0;333
30;22;0;629;0;333
31;22;0;628;0;333
32;22;0;629;0;333
33;22;0;628;0;333
39;22;0;308;0;333
41;22;0;629;0;333
42;22;0;628;0;333
43;22;0;1246;0;333
47;22;0;627;0;333
48;22;0;626;0;333
55;22;0;627;0;333
56;22;0;626;0;333
57;22;0;628;0;333
31;23;0;627;0;333
32;23;0;626;0;333
33;23;0;626;0;333
37;23;0;1817;0;333
38;23;0;1783;0;333
39;23;0;274;0;333
40;23;0;627;0;333
41;23;0;626;0;333
45;23;0;308;0;333
46;23;0;914;0;333
47;23;0;629;0;333
48;23;0;628;0;333
54;23;0;627;0;333
55;23;0;626;0;333
56;23;0;628;0;333
31;24;0;629;0;333
32;24;0;628;0;333
33;24;0;628;0;333
36;24;0;274;0;333
40;24;0;629;0;333
41;24;0;628;0;333
43;24;0;308;0;333
47;24;0;627;0;333
48;24;0;626;0;333
54;24;0;629;0;333
55;24;0;627;0;333
56;24;0;626;0;333
39;25;0;308;0;333
43;25;0;1245;0;333
44;25;0;274;0;333
46;25;0;1783;0;333
47;25;0;629;0;333
48;25;0;628;0;333
49;25;0;274;0;333
50;25;0;273;0;333
55;25;0;629;0;333
56;25;0;628;0;333
30;26;0;627;0;333
31;26;0;626;0;333
36;26;0;1245;0;333
38;26;0;1246;0;333
39;26;0;627;0;333
40;26;0;626;0;333
41;26;0;626;0;333
44;26;0;274;0;333
47;26;0;627;0;333
48;26;0;626;0;333
49;26;0;1246;0;333
52;26;0;274;0;333
56;26;0;627;0;333
57;26;0;626;0;333
29;27;0;627;0;333
30;27;0;626;0;333
31;27;0;628;0;333
34;27;0;1817;0;333
37;27;0;1817;0;333
39;27;0;629;0;333
40;27;0;628;0;333
41;27;0;628;0;333
42;27;0;1245;0;333
46;27;0;1245;0;333
47;27;0;629;0;333
48;27;0;628;0;333
55;27;0;627;0;333
56;27;0;626;0;333
57;27;0;628;0;333
28;28;0;627;0;333
29;28;0;629;0;333
30;28;0;628;0;333
35;28;0;308;0;333
38;28;0;627;0;333
39;28;0;626;0;333
43;28;0;1246;0;333
44;28;0;308;0;333
46;28;0;627;0;333
47;28;0;626;0;333
55;28;0;629;0;333
56;28;0;628;0;333
57;28;0;626;0;333
28;29;0;629;0;333
29;29;0;628;0;333
32;29;0;1817;0;333
36;29;0;1246;0;333
37;29;0;627;0;333
38;29;0;626;0;333
39;29;0;628;0;333
46;29;0;627;0;333
47;29;0;626;0;333
51;29;0;1817;0;333
56;29;0;629;0;333
57;29;0;628;0;333
24;30;0;627;0;333
25;30;0;626;0;333
26;30;0;627;0;333
27;30;0;626;0;333
29;30;0;274;0;333
31;30;0;914;0;333
33;30;0;1246;0;333
37;30;0;627;0;333
38;30;0;626;0;333
42;30;0;1245;0;333
43;30;0;627;0;333
44;30;0;626;0;333
46;30;0;629;0;333
47;30;0;628;0;333
54;30;0;308;0;333
57;30;0;627;0;333
58;30;0;627;0;333
59;30;0;626;0;333
24;31;0;629;0;333
25;31;0;628;0;333
26;31;0;629;0;333
27;31;0;628;0;333
37;31;0;629;0;333
38;31;0;628;0;333
41;31;0;627;0;333
42;31;0;626;0;333
43;31;0;629;0;333
44;31;0;628;0;333
47;31;0;274;0;333
48;31;0;308;0;333
49;31;0;1783;0;333
57;31;0;629;0;333
58;31;0;629;0;333
59;31;0;627;0;333
60;31;0;626;0;333
23;32;0;627;0;333
24;32;0;626;0;333
38;32;0;274;0;333
39;32;0;1245;0;333
41;32;0;629;0;333
42;32;0;628;0;333
44;32;0;273;0;333
50;32;0;1245;0;333
52;32;0;273;0;333
53;32;0;274;0;333
59;32;0;629;0;333
60;32;0;628;0;333
16;33;0;677;0;333
17;33;0;672;0;333
18;33;0;676;0;333
22;33;0;627;0;333
23;33;0;626;0;333
24;33;0;628;0;333
27;33;0;274;0;333
31;33;0;1246;0;333
32;33;0;274;0;333
34;33;0;308;0;333
35;33;0;274;0;333
37;33;0;274;0;333
38;33;0;273;0;333
39;33;0;308;0;333
46;33;0;1246;0;333
60;33;0;627;0;333
61;33;0;626;0;333
15;34;0;677;0;333
18;34;0;675;0;333
20;34;0;627;0;333
21;34;0;626;0;333
22;34;0;629;0;333
23;34;0;628;0;333
38;34;0;1783;0;333
44;34;0;274;0;333
46;34;0;915;0;333
60;34;0;627;0;333
61;34;0;626;0;333
14;35;0;677;0;333
18;35;0;627;0;333
19;35;0;626;0;333
20;35;0;629;0;333
21;35;0;628;0;333
23;35;0;1817;0;333
36;35;0;1817;0;333
44;35;0;1817;0;333
45;35;0;915;0;333
50;35;0;627;0;333
51;35;0;626;0;333
54;35;0;274;0;333
58;35;0;1817;0;333
60;35;0;629;0;333
61;35;0;628;0;333
13;36;0;677;0;333
15;36;0;2832;0;333
18;36;0;626;0;333
19;36;0;628;0;333
24;36;0;308;0;333
43;36;0;915;0;333
45;36;0;273;0;333
49;36;0;627;0;333
50;36;0;626;0;333
51;36;0;628;0;333
58;36;0;1817;0;333
60;36;0;627;0;333
61;36;0;626;0;333
12;37;0;677;0;333
18;37;0;628;0;333
19;37;0;915;0;333
23;37;0;1817;0;333
24;37;0;274;0;333
27;37;0;308;0;333
38;37;0;1783;0;333
41;37;0;1817;0;333
49;37;0;629;0;333
50;37;0;628;0;333
51;37;0;627;0;333
52;37;0;626;0;333
60;37;0;629;0;333
61;37;0;628;0;333
12;38;0;674;0;333
24;38;0;915;0;333
29;38;0;623;0;333
30;38;0;287;0;333
31;38;0;287;0;333
45;38;0;274;0;333
49;38;0;629;0;333
50;38;0;628;0;333
51;38;0;629;0;333
52;38;0;628;0;333
59;38;0;627;0;333
60;38;0;626;0;333
12;39;0;674;0;333
17;39;0;626;0;333
18;39;0;627;0;333
19;39;0;626;0;333
24;39;0;627;0;333
25;39;0;627;0;333
26;39;0;627;0;333
27;39;0;1817;0;333
28;39;0;623;0;333
29;39;0;287;0;333
30;39;0;287;0;333
30;39;0;287;0;333
31;39;0;287;0;333
31;39;0;287;0;333
32;39;0;287;0;333
33;39;0;287;0;333
34;39;0;287;0;333
35;39;0;287;0;333
36;39;0;287;0;333
37;39;0;287;0;333
50;39;0;1817;0;333
51;39;0;627;0;333
52;39;0;626;0;333
53;39;0;626;0;333
56;39;0;627;0;333
57;39;0;626;0;333
58;39;0;627;0;333
59;39;0;626;0;333
60;39;0;628;0;333
12;40;0;674;0;333
17;40;0;628;0;333
18;40;0;629;0;333
19;40;0;628;0;333
23;40;0;627;0;333
24;40;0;623;0;333
25;40;0;287;0;333
26;40;0;287;0;333
26;40;0;287;0;333
27;40;0;287;0;333
27;40;0;287;0;333
28;40;0;287;0;333
28;40;0;287;0;333
29;40;0;287;0;333
29;40;0;287;0;333
30;40;0;287;0;333
30;40;0;287;0;333
31;40;0;287;0;333
31;40;0;287;0;333
32;40;0;287;0;333
33;40;0;287;0;333
34;40;0;287;0;333
35;40;0;287;0;333
36;40;0;287;0;333
37;40;0;287;0;333
42;40;0;274;0;333
46;40;0;915;0;333
51;40;0;629;0;333
52;40;0;628;0;333
53;40;0;628;0;333
54;40;0;626;0;333
55;40;0;627;0;333
56;40;0;626;0;333
57;40;0;628;0;333
58;40;0;629;0;333
59;40;0;628;0;333
11;41;0;677;0;333
19;41;0;1817;0;333
21;41;0;915;0;333
22;41;0;627;0;333
23;41;0;623;0;333
24;41;0;287;0;333
25;41;0;287;0;333
26;41;0;622;0;333
27;41;0;622;0;333
28;41;0;622;0;333
29;41;0;622;0;333
30;41;0;622;0;333
31;41;0;622;0;333
32;41;0;622;0;333
33;41;0;622;0;333
34;41;0;622;0;333
35;41;0;630;0;333
36;41;0;287;0;333
37;41;0;287;0;333
38;41;0;287;0;333
40;41;0;1817;0;333
51;41;0;273;0;333
52;41;0;627;0;333
53;41;0;626;0;333
54;41;0;628;0;333
55;41;0;629;0;333
56;41;0;627;0;333
57;41;0;626;0;333
58;41;0;627;0;333
59;41;0;626;0;333
11;42;0;674;0;333
20;42;0;915;0;333
21;42;0;627;0;333
22;42;0;623;0;333
23;42;0;287;0;333
24;42;0;287;0;333
25;42;0;622;0;333
26;42;0;628;0;333
28;42;0;628;0;333
30;42;0;319;0;333
32;42;0;628;0;333
35;42;0;629;0;333
36;42;0;630;0;333
37;42;0;287;0;333
38;42;0;287;0;333
38;42;0;287;0;333
39;42;0;287;0;333
41;42;0;273;0;333
43;42;0;273;0;333
44;42;0;915;0;333
47;42;0;915;0;333
52;42;0;629;0;333
53;42;0;628;0;333
54;42;0;627;0;333
55;42;0;626;0;333
56;42;0;629;0;333
57;42;0;628;0;333
58;42;0;629;0;333
59;42;0;628;0;333
11;43;0;674;0;333
21;43;0;623;0;333
22;43;0;287;0;333
22;43;0;623;0;333
23;43;0;287;0;333
24;43;0;622;0;333
25;43;0;628;0;333
36;43;0;623;0;333
37;43;0;287;0;333
37;43;0;287;0;333
38;43;0;287;0;333
38;43;0;287;0;333
39;43;0;287;0;333
49;43;0;308;0;333
52;43;0;627;0;333
53;43;0;626;0;333
54;43;0;629;0;333
55;43;0;628;0;333
67;43;0;627;0;333
68;43;0;626;0;333
11;44;0;674;0;333
19;44;0;914;0;333
20;44;0;627;0;333
21;44;0;623;0;333
22;44;0;287;0;333
22;44;0;623;0;333
23;44;0;622;0;333
24;44;0;628;0;333
35;44;0;627;0;333
36;44;0;629;0;333
37;44;0;630;0;333
38;44;0;287;0;333
39;44;0;287;0;333
41;44;0;308;0;333
46;44;0;273;0;333
51;44;0;627;0;333
52;44;0;626;0;333
53;44;0;628;0;333
67;44;0;629;0;333
68;44;0;628;0;333
11;45;0;674;0;333
20;45;0;623;0;333
21;45;0;287;0;333
22;45;0;287;0;333
23;45;0;628;0;333
27;45;0;403;0;333
28;45;0;719;0;333
28;45;0;716;0;333
31;45;0;403;0;333
32;45;0;719;0;333
32;45;0;716;0;333
37;45;0;623;0;333
38;45;0;287;0;333
39;45;0;287;0;333
47;45;0;274;0;333
49;45;0;274;0;333
50;45;0;627;0;333
51;45;0;626;0;333
52;45;0;628;0;333
66;45;0;1246;0;333
69;45;0;627;0;333
70;45;0;626;0;333
11;46;0;674;0;333
19;46;0;627;0;333
20;46;0;623;0;333
21;46;0;287;0;333
22;46;0;622;0;333
27;46;0;292;0;333
28;46;0;395;0;333
32;46;0;395;0;333
37;46;0;629;0;333
38;46;0;630;0;333
39;46;0;287;0;333
49;46;0;627;0;333
50;46;0;626;0;333
51;46;0;628;0;333
67;46;0;274;0;333
69;46;0;629;0;333
70;46;0;628;0;333
84;46;0;627;0;333
85;46;0;626;0;333
88;46;0;627;0;333
89;46;0;626;0;333
11;47;0;678;0;333
19;47;0;629;0;333
20;47;0;634;0;333
21;47;0;287;0;333
23;47;0;403;0;333
24;47;0;719;0;333
24;47;0;716;0;333
34;47;0;403;0;333
35;47;0;719;0;333
35;47;0;716;0;333
38;47;0;623;0;333
39;47;0;287;0;333
48;47;0;627;0;333
49;47;0;626;0;333
50;47;0;628;0;333
63;47;0;274;0;333
66;47;0;1783;0;333
67;47;0;627;0;333
68;47;0;626;0;333
70;47;0;627;0;333
71;47;0;626;0;333
78;47;0;627;0;333
79;47;0;626;0;333
80;47;0;627;0;333
81;47;0;626;0;333
83;47;0;1245;0;333
84;47;0;629;0;333
85;47;0;628;0;333
87;47;0;1246;0;333
88;47;0;629;0;333
89;47;0;627;0;333
90;47;0;626;0;333
12;48;0;678;0;333
13;48;0;673;0;333
14;48;0;673;0;333
15;48;0;673;0;333
19;48;0;403;0;333
20;48;0;634;0;333
20;48;0;690;0;333
20;48;0;691;0;333
24;48;0;401;0;333
37;48;0;627;0;333
38;48;0;623;0;333
39;48;0;287;0;333
43;48;0;273;0;333
44;48;0;274;0;333
48;48;0;629;0;333
49;48;0;628;0;333
63;48;0;914;0;333
64;48;0;1783;0;333
67;48;0;629;0;333
68;48;0;628;0;333
70;48;0;629;0;333
71;48;0;628;0;333
78;48;0;629;0;333
79;48;0;628;0;333
80;48;0;629;0;333
81;48;0;628;0;333
82;48;0;274;0;333
84;48;0;1783;0;333
88;48;0;1782;0;333
89;48;0;629;0;333
90;48;0;628;0;333
91;48;0;627;0;333
92;48;0;626;0;333
16;49;0;674;0;333
32;49;0;914;0;333
32;49;0;12;0;333
34;49;0;693;0;333
38;49;0;623;0;333
39;49;0;287;0;333
47;49;0;627;0;333
48;49;0;626;0;333
64;49;0;627;0;333
65;49;0;626;0;333
67;49;0;1246;0;333
69;49;0;274;0;333
77;49;0;274;0;333
78;49;0;308;0;333
80;49;0;1272;0;333
90;49;0;629;0;333
91;49;0;627;0;333
92;49;0;626;0;333
16;50;0;678;0;333
38;50;0;287;0;333
39;50;0;287;0;333
43;50;0;914;0;333
45;50;0;627;0;333
46;50;0;626;0;333
47;50;0;629;0;333
48;50;0;628;0;333
62;50;0;1245;0;333
63;50;0;627;0;333
64;50;0;629;0;333
65;50;0;628;0;333
66;50;0;274;0;333
77;50;0;1246;0;333
79;50;0;1783;0;333
82;50;0;1817;0;333
83;50;0;914;0;333
85;50;0;308;0;333
86;50;0;1272;0;333
90;50;0;1245;0;333
91;50;0;629;0;333
92;50;0;628;0;333
17;51;0;674;0;333
19;51;0;627;0;333
20;51;0;634;0;333
23;51;0;403;0;333
24;51;0;719;0;333
24;51;0;716;0;333
34;51;0;403;0;333
35;51;0;719;0;333
35;51;0;716;0;333
36;51;0;623;0;333
37;51;0;287;0;333
38;51;0;287;0;333
39;51;0;622;0;333
45;51;0;627;0;333
46;51;0;626;0;333
63;51;0;629;0;333
64;51;0;628;0;333
87;51;0;308;0;333
90;51;0;627;0;333
91;51;0;626;0;333
17;52;0;674;0;333
19;52;0;623;0;333
20;52;0;287;0;333
27;52;0;315;0;333
28;52;0;395;0;333
31;52;0;75;0;333
32;52;0;395;0;333
35;52;0;627;0;333
36;52;0;623;0;333
37;52;0;287;0;333
38;52;0;622;0;333
43;52;0;627;0;333
44;52;0;626;0;333
45;52;0;629;0;333
46;52;0;628;0;333
78;52;0;627;0;333
79;52;0;626;0;333
88;52;0;1783;0;333
90;52;0;629;0;333
91;52;0;628;0;333
17;53;0;674;0;333
19;53;0;623;0;333
20;53;0;287;0;333
27;53;0;403;0;333
28;53;0;719;0;333
28;53;0;716;0;333
31;53;0;403;0;333
32;53;0;719;0;333
32;53;0;716;0;333
36;53;0;623;0;333
37;53;0;287;0;333
42;53;0;627;0;333
43;53;0;626;0;333
44;53;0;628;0;333
78;53;0;629;0;333
79;53;0;627;0;333
80;53;0;626;0;333
83;53;0;308;0;333
88;53;0;274;0;333
90;53;0;627;0;333
91;53;0;626;0;333
17;54;0;678;0;333
19;54;0;623;0;333
20;54;0;287;0;333
35;54;0;623;0;333
36;54;0;287;0;333
37;54;0;287;0;333
41;54;0;627;0;333
42;54;0;626;0;333
43;54;0;628;0;333
78;54;0;308;0;333
79;54;0;629;0;333
80;54;0;628;0;333
84;54;0;308;0;333
86;54;0;1272;0;333
90;54;0;629;0;333
91;54;0;628;0;333
18;55;0;627;0;333
19;55;0;623;0;333
20;55;0;287;0;333
21;55;0;287;0;333
34;55;0;623;0;333
35;55;0;287;0;333
36;55;0;287;0;333
37;55;0;622;0;333
38;55;0;628;0;333
40;55;0;627;0;333
41;55;0;626;0;333
42;55;0;628;0;333
77;55;0;274;0;333
78;55;0;1272;0;333
82;55;0;1783;0;333
84;55;0;1254;0;333
90;55;0;627;0;333
91;55;0;626;0;333
19;56;0;629;0;333
20;56;0;630;0;333
21;56;0;287;0;333
22;56;0;287;0;333
30;56;0;623;0;333
31;56;0;287;0;333
32;56;0;287;0;333
33;56;0;287;0;333
34;56;0;287;0;333
34;56;0;287;0;333
35;56;0;287;0;333
36;56;0;622;0;333
37;56;0;628;0;333
39;56;0;627;0;333
40;56;0;626;0;333
41;56;0;628;0;333
78;56;0;274;0;333
79;56;0;1246;0;333
86;56;0;627;0;333
87;56;0;627;0;333
88;56;0;626;0;333
89;56;0;627;0;333
90;56;0;626;0;333
91;56;0;628;0;333
18;57;0;1817;0;333
20;57;0;629;0;333
21;57;0;630;0;333
22;57;0;287;0;333
23;57;0;287;0;333
29;57;0;623;0;333
30;57;0;287;0;333
31;57;0;287;0;333
32;57;0;622;0;333
33;57;0;622;0;333
34;57;0;622;0;333
35;57;0;622;0;333
36;57;0;628;0;333
39;57;0;629;0;333
40;57;0;628;0;333
82;57;0;914;0;333
85;57;0;627;0;333
86;57;0;629;0;333
87;57;0;629;0;333
88;57;0;628;0;333
89;57;0;629;0;333
90;57;0;628;0;333
19;58;0;914;0;333
20;58;0;914;0;333
21;58;0;629;0;333
22;58;0;630;0;333
23;58;0;287;0;333
24;58;0;287;0;333
25;58;0;287;0;333
26;58;0;287;0;333
27;58;0;287;0;333
28;58;0;287;0;333
29;58;0;287;0;333
30;58;0;287;0;333
31;58;0;622;0;333
84;58;0;274;0;333
85;58;0;629;0;333
86;58;0;628;0;333
19;59;0;914;0;333
20;59;0;914;0;333
22;59;0;629;0;333
23;59;0;622;0;333
24;59;0;622;0;333
25;59;0;622;0;333
26;59;0;622;0;333
27;59;0;622;0;333
28;59;0;622;0;333
29;59;0;622;0;333
30;59;0;622;0;333
23;60;0;628;0;333
26;60;0;628;0;333
23;62;0;1817;0;333
24;63;0;915;0;333
85;64;0;490;0;333
86;64;0;488;0;333
87;64;0;488;0;333
88;64;0;488;0;333
89;64;0;488;0;333
90;64;0;489;0;333
96;64;0;490;0;333
97;64;0;488;0;333
98;64;0;488;0;333
99;64;0;488;0;333
100;64;0;488;0;333
101;64;0;489;0;333
85;65;0;343;0;333
90;65;0;492;0;333
96;65;0;343;0;333
101;65;0;492;0;333
85;66;0;343;0;333
90;66;0;908;0;333
91;66;0;488;0;333
92;66;0;488;0;333
93;66;0;488;0;333
94;66;0;488;0;333
95;66;0;488;0;333
96;66;0;495;0;333
101;66;0;492;0;333
85;67;0;343;0;333
101;67;0;492;0;333
85;68;0;343;0;333
101;68;0;492;0;333
85;69;0;344;0;333
86;69;0;909;0;333
87;69;0;475;0;333
99;69;0;907;0;333
100;69;0;341;0;333
101;69;0;491;0;333
87;70;0;343;0;333
99;70;0;492;0;333
87;71;0;343;0;333
99;71;0;492;0;333
87;72;0;343;0;333
99;72;0;492;0;333
87;73;0;343;0;333
89;73;0;2832;0;333
99;73;0;492;0;333
85;74;0;490;0;333
86;74;0;488;0;333
87;74;0;495;0;333
99;74;0;908;0;333
100;74;0;488;0;333
101;74;0;489;0;333
85;75;0;343;0;333
101;75;0;492;0;333
85;76;0;343;0;333
88;76;0;512;0;333
99;76;0;512;0;333
101;76;0;492;0;333
85;77;0;343;0;333
90;77;0;907;0;333
91;77;0;909;0;333
92;77;0;909;0;333
93;77;0;909;0;333
94;77;0;909;0;333
95;77;0;909;0;333
96;77;0;475;0;333
101;77;0;492;0;333
85;78;0;343;0;333
90;78;0;492;0;333
96;78;0;343;0;333
101;78;0;492;0;333
85;79;0;344;0;333
86;79;0;909;0;333
87;79;0;909;0;333
88;79;0;909;0;333
89;79;0;909;0;333
90;79;0;491;0;333
96;79;0;344;0;333
97;79;0;909;0;333
98;79;0;909;0;333
99;79;0;909;0;333
100;79;0;909;0;333
101;79;0;491;0;333
