L: -57
X: -30
Y: -30
W: 70
H: 70
0;0;0
1;0;0
2;0;0
3;0;0
4;0;0
5;0;0
6;0;0
7;0;0
8;0;0
9;0;0
10;0;0
11;0;0
12;0;0
13;0;0
14;0;0
15;0;0
16;0;0
17;0;0
18;0;0
19;0;0
20;0;0
21;0;0
22;0;0
23;0;0
24;0;0
25;0;0
26;0;0
27;0;0
28;0;0
29;0;0
30;0;0
31;0;0
32;0;0
33;0;0
34;0;0
35;0;0
36;0;0
37;0;0
38;0;0
39;0;0
40;0;0
41;0;0
42;0;0
43;0;0
44;0;0
45;0;0
46;0;0
47;0;0
48;0;0
49;0;0
50;0;0
51;0;0
52;0;0
53;0;0
54;0;0
55;0;0
56;0;0
57;0;0
58;0;0
59;0;0
60;0;0
61;0;0
62;0;0
63;0;0
64;0;0
65;0;0
66;0;0
67;0;0
68;0;0
69;0;0
0;1;0
1;1;0
2;1;0
3;1;0
4;1;0
5;1;0
6;1;0
7;1;0
8;1;0
9;1;0
10;1;0
11;1;0
12;1;0
13;1;0
14;1;0
15;1;0
16;1;0
17;1;0
18;1;0
19;1;0
20;1;0
21;1;0
22;1;0
23;1;0
24;1;0
25;1;0
26;1;0
27;1;0
28;1;0
29;1;0
30;1;0
31;1;0
32;1;0
33;1;0
34;1;0
35;1;0
36;1;0
37;1;0
38;1;0
39;1;0
40;1;0
41;1;0
42;1;0
43;1;0
44;1;0
45;1;0
46;1;0
47;1;0
48;1;0
49;1;0
50;1;0
51;1;0
52;1;0
53;1;0
54;1;0
55;1;0
56;1;0
57;1;0
58;1;0
59;1;0
60;1;0
61;1;0
62;1;0
63;1;0
64;1;0
65;1;0
66;1;0
67;1;0
68;1;0
69;1;0
0;2;0
1;2;0
2;2;0
3;2;0
4;2;0
5;2;0
6;2;0
7;2;0
8;2;0
9;2;0
10;2;0
11;2;0
12;2;0
13;2;0
14;2;0
15;2;0
16;2;0
17;2;0
18;2;0
19;2;0
20;2;0
21;2;0
22;2;0
23;2;0
24;2;0
25;2;0
26;2;0
27;2;0
28;2;0
29;2;0
30;2;0
31;2;0
32;2;0
33;2;0
34;2;0
35;2;0
36;2;0
37;2;0
38;2;0
39;2;0
40;2;0
41;2;0
42;2;0
43;2;0
44;2;0
45;2;0
46;2;0
47;2;0
48;2;0
49;2;0
50;2;0
51;2;0
52;2;0
53;2;0
54;2;0
55;2;0
56;2;0
57;2;0
58;2;0
59;2;0
60;2;0
61;2;0
62;2;0
63;2;0
64;2;0
65;2;0
66;2;0
67;2;0
68;2;0
69;2;0
0;3;0
1;3;0
2;3;0
3;3;0
4;3;0
5;3;0
6;3;0
7;3;0
8;3;0
9;3;0
10;3;0
11;3;0
12;3;0
13;3;0
14;3;0
15;3;0
16;3;0
17;3;0
18;3;0
19;3;0
20;3;0
21;3;0
22;3;0
23;3;0
24;3;0
25;3;0
26;3;0
27;3;0
28;3;0
29;3;0
30;3;0
31;3;0
32;3;0
33;3;0
34;3;0
35;3;0
36;3;0
37;3;0
38;3;0
39;3;0
40;3;0
41;3;0
42;3;0
43;3;0
44;3;0
45;3;0
46;3;0
47;3;0
48;3;0
49;3;0
50;3;0
51;3;0
52;3;0
53;3;0
54;3;0
55;3;0
56;3;0
57;3;0
58;3;0
59;3;0
60;3;0
61;3;0
62;3;0
63;3;0
64;3;0
65;3;0
66;3;0
67;3;0
68;3;0
69;3;0
0;4;0
1;4;0
2;4;0
3;4;0
4;4;0
5;4;0
6;4;0
7;4;0
8;4;0
9;4;0
10;4;0
11;4;0
12;4;0
13;4;0
14;4;0
15;4;0
16;4;0
17;4;0
18;4;0
19;4;0
20;4;0
21;4;0
22;4;0
23;4;0
24;4;0
25;4;0
26;4;0
27;4;0
28;4;0
29;4;0
30;4;0
31;4;0
32;4;0
33;4;0
34;4;0
35;4;0
36;4;0
37;4;0
38;4;0
39;4;0
40;4;0
41;4;0
42;4;0
43;4;0
44;4;0
45;4;0
46;4;0
47;4;0
48;4;0
49;4;0
50;4;0
51;4;0
52;4;0
53;4;0
54;4;0
55;4;0
56;4;0
57;4;0
58;4;0
59;4;0
60;4;0
61;4;0
62;4;0
63;4;0
64;4;0
65;4;0
66;4;0
67;4;0
68;4;0
69;4;0
0;5;0
1;5;0
2;5;0
3;5;0
4;5;0
5;5;0
6;5;0
7;5;0
8;5;0
9;5;0
10;5;0
11;5;0
12;5;0
13;5;0
14;5;0
15;5;0
16;5;0
17;5;0
18;5;0
19;5;0
20;5;0
21;5;0
22;5;0
23;5;0
24;5;0
25;5;0
26;5;0
27;5;0
28;5;0
29;5;0
30;5;0
31;5;0
32;5;0
33;5;0
34;5;0
35;5;0
36;5;0
37;5;0
38;5;0
39;5;0
40;5;0
41;5;0
42;5;0
43;5;0
44;5;0
45;5;0
46;5;0
47;5;0
48;5;0
49;5;0
50;5;0
51;5;0
52;5;0
53;5;0
54;5;0
55;5;0
56;5;0
57;5;0
58;5;0
59;5;0
60;5;0
61;5;0
62;5;0
63;5;0
64;5;0
65;5;0
66;5;0
67;5;0
68;5;0
69;5;0
0;6;0
1;6;0
2;6;0
3;6;0
4;6;0
5;6;0
6;6;0
7;6;0
8;6;0
9;6;0
10;6;0
11;6;0
12;6;0
13;6;0
14;6;0
15;6;0
16;6;0
17;6;0
18;6;0
19;6;0
20;6;0
21;6;0
22;6;0
23;6;0
24;6;0
25;6;0
26;6;0
27;6;0
28;6;0
29;6;0
30;6;0
31;6;0
32;6;0
33;6;0
34;6;0
35;6;0
36;6;0
37;6;0
38;6;0
39;6;0
40;6;0
41;6;0
42;6;0
43;6;0
44;6;0
45;6;0
46;6;0
47;6;0
48;6;0
49;6;0
50;6;0
51;6;0
52;6;0
53;6;0
54;6;0
55;6;0
56;6;0
57;6;0
58;6;0
59;6;0
60;6;0
61;6;0
62;6;0
63;6;0
64;6;0
65;6;0
66;6;0
67;6;0
68;6;0
69;6;0
0;7;0
1;7;0
2;7;0
3;7;0
4;7;0
5;7;0
6;7;0
7;7;0
8;7;0
9;7;0
10;7;0
11;7;0
12;7;0
13;7;0
14;7;0
15;7;0
16;7;0
17;7;0
18;7;0
19;7;0
20;7;0
21;7;0
22;7;0
23;7;0
24;7;0
25;7;0
26;7;0
27;7;0
28;7;0
29;7;0
30;7;0
31;7;0
32;7;0
33;7;0
34;7;0
35;7;0
36;7;0
37;7;0
38;7;0
39;7;0
40;7;0
41;7;0
42;7;0
43;7;0
44;7;0
45;7;0
46;7;0
47;7;0
48;7;0
49;7;0
50;7;0
51;7;0
52;7;0
53;7;0
54;7;0
55;7;0
56;7;0
57;7;0
58;7;0
59;7;0
60;7;0
61;7;0
62;7;0
63;7;0
64;7;0
65;7;0
66;7;0
67;7;0
68;7;0
69;7;0
0;8;0
1;8;0
2;8;0
3;8;0
4;8;0
5;8;0
6;8;0
7;8;0
8;8;0
9;8;0
10;8;0
11;8;0
12;8;0
13;8;0
14;8;0
15;8;0
16;8;0
17;8;0
18;8;0
19;8;0
20;8;0
21;8;0
22;8;0
23;8;0
24;8;0
25;8;0
26;8;0
27;8;0
28;8;0
29;8;0
30;8;0
31;8;0
32;8;0
33;8;0
34;8;0
35;8;0
36;8;0
37;8;0
38;8;0
39;8;0
40;8;0
41;8;0
42;8;0
43;8;0
44;8;0
45;8;0
46;8;0
47;8;0
48;8;0
49;8;0
50;8;0
51;8;0
52;8;0
53;8;0
54;8;0
55;8;0
56;8;0
57;8;0
58;8;0
59;8;0
60;8;0
61;8;0
62;8;0
63;8;0
64;8;0
65;8;0
66;8;0
67;8;0
68;8;0
69;8;0
0;9;0
1;9;0
2;9;0
3;9;0
4;9;0
5;9;0
6;9;0
7;9;0
8;9;0
9;9;0
10;9;0
11;9;0
12;9;0
13;9;0
14;9;0
15;9;0
16;9;0
17;9;0
18;9;0
19;9;0
20;9;0
21;9;0
22;9;0
23;9;0
24;9;0
25;9;0
26;9;0
27;9;0
28;9;0
29;9;0
30;9;0
31;9;0
32;9;0
33;9;0
34;9;0
35;9;0
36;9;0
37;9;0
38;9;0
39;9;0
40;9;0
41;9;0
42;9;0
43;9;0
44;9;0
45;9;0
46;9;0
47;9;0
48;9;0
49;9;0
50;9;0
51;9;0
52;9;0
53;9;0
54;9;0
55;9;0
56;9;0
57;9;0
58;9;0
59;9;0
60;9;0
61;9;0
62;9;0
63;9;0
64;9;0
65;9;0
66;9;0
67;9;0
68;9;0
69;9;0
0;10;0
1;10;0
2;10;0
3;10;0
4;10;0
5;10;0
6;10;0
7;10;0
8;10;0
9;10;0
10;10;0
11;10;0
12;10;0
13;10;0
14;10;0
15;10;0
16;10;0
17;10;0
18;10;0
19;10;0
20;10;0
21;10;0
22;10;0
23;10;0
24;10;0
25;10;0
26;10;0
27;10;0
28;10;0
29;10;0
30;10;0
31;10;0
32;10;0
33;10;0
34;10;0
35;10;0
36;10;0
37;10;0
38;10;0
39;10;0
40;10;0
41;10;0
42;10;0
43;10;0
44;10;0
45;10;0
46;10;0
47;10;0
48;10;0
49;10;0
50;10;0
51;10;0
52;10;0
53;10;0
54;10;0
55;10;0
56;10;0
57;10;0
58;10;0
59;10;0
60;10;0
61;10;0
62;10;0
63;10;0
64;10;0
65;10;0
66;10;0
67;10;0
68;10;0
69;10;0
0;11;0
1;11;0
2;11;0
3;11;0
4;11;0
5;11;0
6;11;0
7;11;0
8;11;0
9;11;0
10;11;0
11;11;0
12;11;0
13;11;0
14;11;0
15;11;0
16;11;0
17;11;0
18;11;0
19;11;0
20;11;0
21;11;0
22;11;0
23;11;0
24;11;0
25;11;0
26;11;0
27;11;0
28;11;0
29;11;0
30;11;0
31;11;0
32;11;0
33;11;0
34;11;0
35;11;0
36;11;0
37;11;0
38;11;0
39;11;0
40;11;0
41;11;0
42;11;0
43;11;0
44;11;0
45;11;0
46;11;0
47;11;0
48;11;0
49;11;0
50;11;0
51;11;0
52;11;0
53;11;0
54;11;0
55;11;0
56;11;0
57;11;0
58;11;0
59;11;0
60;11;0
61;11;0
62;11;0
63;11;0
64;11;0
65;11;0
66;11;0
67;11;0
68;11;0
69;11;0
0;12;0
1;12;0
2;12;0
3;12;0
4;12;0
5;12;0
6;12;0
7;12;0
8;12;0
9;12;0
10;12;0
11;12;0
12;12;0
13;12;0
14;12;0
15;12;0
16;12;0
17;12;0
18;12;0
19;12;0
20;12;0
21;12;0
22;12;0
23;12;0
24;12;0
25;12;0
26;12;0
27;12;0
28;12;0
29;12;0
30;12;0
31;12;0
32;12;0
33;12;0
34;12;0
35;12;0
36;12;0
37;12;0
38;12;0
39;12;0
40;12;0
41;12;0
42;12;0
43;12;0
44;12;0
45;12;0
46;12;0
47;12;0
48;12;0
49;12;0
50;12;0
51;12;0
52;12;0
53;12;0
54;12;0
55;12;0
56;12;0
57;12;0
58;12;0
59;12;0
60;12;0
61;12;0
62;12;0
63;12;0
64;12;0
65;12;0
66;12;0
67;12;0
68;12;0
69;12;0
0;13;0
1;13;0
2;13;0
3;13;0
4;13;0
5;13;0
6;13;0
7;13;0
8;13;0
9;13;0
10;13;0
11;13;0
12;13;0
13;13;0
14;13;0
15;13;0
16;13;0
17;13;0
18;13;0
19;13;0
20;13;0
21;13;0
22;13;0
23;13;0
24;13;0
25;13;0
26;13;0
27;13;0
28;13;0
29;13;0
30;13;0
31;13;0
32;13;0
33;13;0
34;13;0
35;13;0
36;13;0
37;13;0
38;13;0
39;13;0
40;13;0
41;13;0
42;13;0
43;13;0
44;13;0
45;13;0
46;13;0
47;13;0
48;13;0
49;13;0
50;13;0
51;13;0
52;13;0
53;13;0
54;13;0
55;13;0
56;13;0
57;13;0
58;13;0
59;13;0
60;13;0
61;13;0
62;13;0
63;13;0
64;13;0
65;13;0
66;13;0
67;13;0
68;13;0
69;13;0
0;14;0
1;14;0
2;14;0
3;14;0
4;14;0
5;14;0
6;14;0
7;14;0
8;14;0
9;14;0
10;14;0
11;14;0
12;14;0
13;14;0
14;14;0
15;14;0
16;14;0
17;14;0
18;14;0
19;14;0
20;14;0
21;14;0
22;14;0
23;14;0
24;14;0
25;14;0
26;14;0
27;14;0
28;14;0
29;14;0
30;14;0
31;14;0
32;14;0
33;14;0
34;14;0
35;14;0
36;14;0
37;14;0
38;14;0
39;14;0
40;14;0
41;14;0
42;14;0
43;14;0
44;14;0
45;14;0
46;14;0
47;14;0
48;14;0
49;14;0
50;14;0
51;14;0
52;14;0
53;14;0
54;14;0
55;14;0
56;14;0
57;14;0
58;14;0
59;14;0
60;14;0
61;14;0
62;14;0
63;14;0
64;14;0
65;14;0
66;14;0
67;14;0
68;14;0
69;14;0
0;15;0
1;15;0
2;15;0
3;15;0
4;15;0
5;15;0
6;15;0
7;15;0
8;15;0
9;15;0
10;15;0
11;15;0
12;15;0
13;15;0
14;15;0
15;15;0
16;15;0
17;15;0
18;15;0
19;15;0
20;15;0
21;15;0
22;15;0
23;15;0
24;15;0
25;15;0
26;15;0
27;15;0
28;15;0
29;15;0
30;15;0
31;15;0
32;15;0
33;15;0
34;15;0
35;15;0
36;15;0
37;15;0
38;15;0
39;15;0
40;15;0
41;15;0
42;15;0
43;15;0
44;15;0
45;15;0
46;15;0
47;15;0
48;15;0
49;15;0
50;15;0
51;15;0
52;15;0
53;15;0
54;15;0
55;15;0
56;15;0
57;15;0
58;15;0
59;15;0
60;15;0
61;15;0
62;15;0
63;15;0
64;15;0
65;15;0
66;15;0
67;15;0
68;15;0
69;15;0
0;16;0
1;16;0
2;16;0
3;16;0
4;16;0
5;16;0
6;16;0
7;16;0
8;16;0
9;16;0
10;16;0
11;16;0
12;16;0
13;16;0
14;16;0
15;16;0
16;16;0
17;16;0
18;16;0
19;16;0
20;16;0
21;16;0
22;16;0
23;16;0
24;16;0
25;16;0
26;16;0
27;16;0
28;16;0
29;16;0
30;16;0
31;16;0
32;16;0
33;16;0
34;16;0
35;16;0
36;16;0
37;16;0
38;16;0
39;16;0
40;16;0
41;16;0
42;16;0
43;16;0
44;16;0
45;16;0
46;16;0
47;16;0
48;16;0
49;16;0
50;16;0
51;16;0
52;16;0
53;16;0
54;16;0
55;16;0
56;16;0
57;16;0
58;16;0
59;16;0
60;16;0
61;16;0
62;16;0
63;16;0
64;16;0
65;16;0
66;16;0
67;16;0
68;16;0
69;16;0
0;17;0
1;17;0
2;17;0
3;17;0
4;17;0
5;17;0
6;17;0
7;17;0
8;17;0
9;17;0
10;17;0
11;17;0
12;17;0
13;17;0
14;17;0
15;17;0
16;17;0
17;17;0
18;17;0
19;17;0
20;17;0
21;17;0
22;17;0
23;17;0
24;17;0
25;17;0
26;17;0
27;17;0
28;17;0
29;17;0
30;17;0
31;17;0
32;17;0
33;17;0
34;17;0
35;17;0
36;17;0
37;17;0
38;17;0
39;17;0
40;17;0
41;17;0
42;17;0
43;17;0
44;17;0
45;17;0
46;17;0
47;17;0
48;17;0
49;17;0
50;17;0
51;17;0
52;17;0
53;17;0
54;17;0
55;17;0
56;17;0
57;17;0
58;17;0
59;17;0
60;17;0
61;17;0
62;17;0
63;17;0
64;17;0
65;17;0
66;17;0
67;17;0
68;17;0
69;17;0
0;18;0
1;18;0
2;18;0
3;18;0
4;18;0
5;18;0
6;18;0
7;18;0
8;18;0
9;18;0
10;18;0
11;18;0
12;18;0
13;18;0
14;18;0
15;18;0
16;18;0
17;18;0
18;18;0
19;18;0
20;18;0
21;18;0
22;18;0
23;18;0
24;18;0
25;18;0
26;18;0
27;18;0
28;18;0
29;18;0
30;18;0
31;18;0
32;18;0
33;18;0
34;18;0
35;18;0
36;18;0
37;18;0
38;18;0
39;18;0
40;18;0
41;18;0
42;18;0
43;18;0
44;18;0
45;18;0
46;18;0
47;18;0
48;18;0
49;18;0
50;18;0
51;18;0
52;18;0
53;18;0
54;18;0
55;18;0
56;18;0
57;18;0
58;18;0
59;18;0
60;18;0
61;18;0
62;18;0
63;18;0
64;18;0
65;18;0
66;18;0
67;18;0
68;18;0
69;18;0
0;19;0
1;19;0
2;19;0
3;19;0
4;19;0
5;19;0
6;19;0
7;19;0
8;19;0
9;19;0
10;19;0
11;19;0
12;19;0
13;19;0
14;19;0
15;19;0
16;19;0
17;19;0
18;19;0
19;19;0
20;19;0
21;19;0
22;19;0
23;19;0
24;19;0
25;19;0
26;19;0
27;19;0
28;19;0
29;19;0
30;19;0
31;19;0
32;19;0
33;19;0
34;19;0
35;19;0
36;19;0
37;19;0
38;19;0
39;19;0
40;19;0
41;19;0
42;19;0
43;19;0
44;19;0
45;19;0
46;19;0
47;19;0
48;19;0
49;19;0
50;19;0
51;19;0
52;19;0
53;19;0
54;19;0
55;19;0
56;19;0
57;19;0
58;19;0
59;19;0
60;19;0
61;19;0
62;19;0
63;19;0
64;19;0
65;19;0
66;19;0
67;19;0
68;19;0
69;19;0
0;20;0
1;20;0
2;20;0
3;20;0
4;20;0
5;20;0
6;20;0
7;20;0
8;20;0
9;20;0
10;20;0
11;20;0
12;20;0
13;20;0
14;20;0
15;20;0
16;20;0
17;20;0
18;20;0
19;20;0
20;20;0
21;20;0
22;20;0
23;20;0
24;20;0
25;20;0
26;20;0
27;20;0
28;20;0
29;20;0
30;20;0
31;20;0
32;20;0
33;20;0
34;20;0
35;20;0
36;20;0
37;20;0
38;20;0
39;20;0
40;20;0
41;20;0
42;20;0
43;20;0
44;20;0
45;20;0
46;20;0
47;20;0
48;20;0
49;20;0
50;20;0
51;20;0
52;20;0
53;20;0
54;20;0
55;20;0
56;20;0
57;20;0
58;20;0
59;20;0
60;20;0
61;20;0
62;20;0
63;20;0
64;20;0
65;20;0
66;20;0
67;20;0
68;20;0
69;20;0
0;21;0
1;21;0
2;21;0
3;21;0
4;21;0
5;21;0
6;21;0
7;21;0
8;21;0
9;21;0
10;21;0
11;21;0
12;21;0
13;21;0
14;21;0
15;21;0
16;21;0
17;21;0
18;21;0
19;21;0
20;21;0
21;21;0
22;21;0
23;21;0
24;21;0
25;21;0
26;21;0
27;21;0
28;21;0
29;21;0
30;21;0
31;21;0
32;21;0
33;21;0
34;21;0
35;21;0
36;21;0
37;21;0
38;21;0
39;21;0
40;21;0
41;21;0
42;21;0
43;21;0
44;21;0
45;21;0
46;21;0
47;21;0
48;21;0
49;21;0
50;21;0
51;21;0
52;21;0
53;21;0
54;21;0
55;21;0
56;21;0
57;21;0
58;21;0
59;21;0
60;21;0
61;21;0
62;21;0
63;21;0
64;21;0
65;21;0
66;21;0
67;21;0
68;21;0
69;21;0
0;22;0
1;22;0
2;22;0
3;22;0
4;22;0
5;22;0
6;22;0
7;22;0
8;22;0
9;22;0
10;22;0
11;22;0
12;22;0
13;22;0
14;22;0
15;22;0
16;22;0
17;22;0
18;22;0
19;22;0
20;22;0
21;22;7
22;22;7
23;22;7
24;22;7
25;22;7
26;22;7
27;22;7
28;22;7
29;22;7
30;22;7
31;22;42
32;22;0
33;22;0
34;22;0
35;22;0
36;22;0
37;22;0
38;22;0
39;22;0
40;22;0
41;22;0
42;22;0
43;22;0
44;22;0
45;22;0
46;22;0
47;22;0
48;22;0
49;22;0
50;22;0
51;22;0
52;22;0
53;22;0
54;22;0
55;22;0
56;22;0
57;22;0
58;22;0
59;22;0
60;22;0
61;22;0
62;22;0
63;22;0
64;22;0
65;22;0
66;22;0
67;22;0
68;22;0
69;22;0
0;23;0
1;23;0
2;23;0
3;23;0
4;23;0
5;23;0
6;23;0
7;23;0
8;23;0
9;23;0
10;23;0
11;23;0
12;23;0
13;23;42
14;23;7
15;23;7
16;23;7
17;23;7
18;23;7
19;23;7
20;23;7
21;23;7
22;23;7
23;23;7
24;23;7
25;23;7
26;23;7
27;23;7
28;23;7
29;23;7
30;23;7
31;23;42
32;23;0
33;23;0
34;23;0
35;23;0
36;23;0
37;23;0
38;23;0
39;23;0
40;23;0
41;23;0
42;23;0
43;23;0
44;23;0
45;23;0
46;23;0
47;23;0
48;23;0
49;23;0
50;23;0
51;23;0
52;23;0
53;23;0
54;23;0
55;23;0
56;23;0
57;23;0
58;23;0
59;23;0
60;23;0
61;23;0
62;23;0
63;23;0
64;23;0
65;23;0
66;23;0
67;23;0
68;23;0
69;23;0
0;24;0
1;24;0
2;24;0
3;24;0
4;24;0
5;24;0
6;24;0
7;24;0
8;24;0
9;24;0
10;24;0
11;24;0
12;24;0
13;24;42
14;24;7
15;24;7
16;24;7
17;24;7
18;24;7
19;24;7
20;24;7
21;24;7
22;24;7
23;24;7
24;24;7
25;24;7
26;24;7
27;24;7
28;24;7
29;24;7
30;24;7
31;24;42
32;24;0
33;24;0
34;24;0
35;24;0
36;24;0
37;24;0
38;24;0
39;24;0
40;24;0
41;24;0
42;24;0
43;24;0
44;24;0
45;24;0
46;24;0
47;24;0
48;24;0
49;24;0
50;24;0
51;24;0
52;24;0
53;24;0
54;24;0
55;24;0
56;24;0
57;24;0
58;24;0
59;24;0
60;24;0
61;24;0
62;24;0
63;24;0
64;24;0
65;24;0
66;24;0
67;24;0
68;24;0
69;24;0
0;25;0
1;25;0
2;25;0
3;25;0
4;25;0
5;25;0
6;25;0
7;25;0
8;25;0
9;25;0
10;25;0
11;25;0
12;25;0
13;25;42
14;25;7
15;25;7
16;25;7
17;25;7
18;25;7
19;25;7
20;25;7
21;25;7
22;25;7
23;25;7
24;25;7
25;25;7
26;25;7
27;25;7
28;25;7
29;25;7
30;25;7
31;25;42
32;25;0
33;25;0
34;25;0
35;25;0
36;25;0
37;25;0
38;25;0
39;25;0
40;25;0
41;25;0
42;25;0
43;25;0
44;25;0
45;25;0
46;25;0
47;25;0
48;25;0
49;25;0
50;25;0
51;25;0
52;25;0
53;25;0
54;25;0
55;25;0
56;25;0
57;25;0
58;25;0
59;25;0
60;25;0
61;25;0
62;25;0
63;25;0
64;25;0
65;25;0
66;25;0
67;25;0
68;25;0
69;25;0
0;26;0
1;26;0
2;26;0
3;26;0
4;26;0
5;26;0
6;26;0
7;26;0
8;26;0
9;26;0
10;26;0
11;26;0
12;26;0
13;26;42
14;26;7
15;26;7
16;26;7
17;26;7
18;26;7
19;26;7
20;26;7
21;26;7
22;26;7
23;26;7
24;26;7
25;26;7
26;26;7
27;26;7
28;26;7
29;26;7
30;26;7
31;26;42
32;26;0
33;26;0
34;26;0
35;26;0
36;26;0
37;26;0
38;26;0
39;26;0
40;26;0
41;26;0
42;26;0
43;26;0
44;26;0
45;26;0
46;26;0
47;26;0
48;26;0
49;26;0
50;26;0
51;26;0
52;26;0
53;26;0
54;26;0
55;26;0
56;26;0
57;26;0
58;26;0
59;26;0
60;26;0
61;26;0
62;26;0
63;26;0
64;26;0
65;26;0
66;26;0
67;26;0
68;26;0
69;26;0
0;27;0
1;27;0
2;27;0
3;27;0
4;27;0
5;27;0
6;27;0
7;27;0
8;27;0
9;27;0
10;27;0
11;27;0
12;27;0
13;27;42
14;27;7
15;27;7
16;27;7
17;27;7
18;27;7
19;27;7
20;27;7
21;27;7
22;27;7
23;27;7
24;27;7
25;27;7
26;27;7
27;27;7
28;27;7
29;27;7
30;27;7
31;27;42
32;27;0
33;27;0
34;27;0
35;27;0
36;27;0
37;27;0
38;27;0
39;27;0
40;27;0
41;27;0
42;27;0
43;27;0
44;27;0
45;27;0
46;27;0
47;27;0
48;27;0
49;27;0
50;27;0
51;27;0
52;27;0
53;27;0
54;27;0
55;27;0
56;27;0
57;27;0
58;27;0
59;27;0
60;27;0
61;27;0
62;27;0
63;27;0
64;27;0
65;27;0
66;27;0
67;27;0
68;27;0
69;27;0
0;28;0
1;28;0
2;28;0
3;28;0
4;28;0
5;28;0
6;28;0
7;28;0
8;28;0
9;28;0
10;28;0
11;28;0
12;28;0
13;28;42
14;28;7
15;28;7
16;28;7
17;28;7
18;28;7
19;28;7
20;28;7
21;28;7
22;28;7
23;28;7
24;28;7
25;28;7
26;28;7
27;28;7
28;28;7
29;28;7
30;28;7
31;28;42
32;28;0
33;28;0
34;28;0
35;28;0
36;28;0
37;28;0
38;28;0
39;28;0
40;28;0
41;28;0
42;28;0
43;28;0
44;28;0
45;28;0
46;28;0
47;28;0
48;28;0
49;28;0
50;28;0
51;28;0
52;28;0
53;28;0
54;28;0
55;28;0
56;28;0
57;28;0
58;28;0
59;28;0
60;28;0
61;28;0
62;28;0
63;28;0
64;28;0
65;28;0
66;28;0
67;28;0
68;28;0
69;28;0
0;29;0
1;29;0
2;29;0
3;29;0
4;29;0
5;29;0
6;29;0
7;29;0
8;29;0
9;29;0
10;29;0
11;29;0
12;29;0
13;29;42
14;29;7
15;29;7
16;29;7
17;29;7
18;29;7
19;29;7
20;29;7
21;29;7
22;29;7
23;29;7
24;29;7
25;29;7
26;29;7
27;29;7
28;29;7
29;29;7
30;29;7
31;29;42
32;29;0
33;29;0
34;29;0
35;29;0
36;29;0
37;29;0
38;29;0
39;29;0
40;29;0
41;29;0
42;29;0
43;29;0
44;29;0
45;29;0
46;29;0
47;29;0
48;29;0
49;29;0
50;29;0
51;29;0
52;29;0
53;29;0
54;29;0
55;29;0
56;29;0
57;29;0
58;29;0
59;29;0
60;29;0
61;29;0
62;29;0
63;29;0
64;29;0
65;29;0
66;29;0
67;29;0
68;29;0
69;29;0
0;30;0
1;30;0
2;30;0
3;30;0
4;30;0
5;30;0
6;30;0
7;30;0
8;30;0
9;30;0
10;30;0
11;30;0
12;30;0
13;30;42
14;30;7
15;30;7
16;30;7
17;30;7
18;30;7
19;30;7
20;30;7
21;30;7
22;30;7
23;30;7
24;30;7
25;30;7
26;30;7
27;30;7
28;30;7
29;30;7
30;30;7
31;30;42
32;30;0
33;30;0
34;30;0
35;30;0
36;30;0
37;30;0
38;30;0
39;30;0
40;30;0
41;30;0
42;30;0
43;30;0
44;30;0
45;30;0
46;30;0
47;30;0
48;30;0
49;30;0
50;30;0
51;30;0
52;30;0
53;30;0
54;30;0
55;30;0
56;30;0
57;30;0
58;30;0
59;30;0
60;30;0
61;30;0
62;30;0
63;30;0
64;30;0
65;30;0
66;30;0
67;30;0
68;30;0
69;30;0
0;31;0
1;31;0
2;31;0
3;31;0
4;31;0
5;31;0
6;31;0
7;31;0
8;31;0
9;31;0
10;31;0
11;31;0
12;31;0
13;31;42
14;31;7
15;31;7
16;31;7
17;31;7
18;31;7
19;31;7
20;31;7
21;31;7
22;31;7
23;31;7
24;31;7
25;31;7
26;31;7
27;31;7
28;31;7
29;31;7
30;31;7
31;31;42
32;31;0
33;31;0
34;31;0
35;31;0
36;31;0
37;31;0
38;31;0
39;31;0
40;31;0
41;31;0
42;31;0
43;31;0
44;31;0
45;31;0
46;31;0
47;31;0
48;31;0
49;31;0
50;31;0
51;31;0
52;31;0
53;31;0
54;31;0
55;31;0
56;31;0
57;31;0
58;31;0
59;31;0
60;31;0
61;31;0
62;31;0
63;31;0
64;31;0
65;31;0
66;31;0
67;31;0
68;31;0
69;31;0
0;32;0
1;32;0
2;32;0
3;32;0
4;32;0
5;32;0
6;32;0
7;32;0
8;32;0
9;32;0
10;32;0
11;32;0
12;32;0
13;32;42
14;32;7
15;32;25830
16;32;9446
17;32;9446
18;32;26854
19;32;7
20;32;7
21;32;7
22;32;7
23;32;7
24;32;7
25;32;7
26;32;7
27;32;7
28;32;7
29;32;7
30;32;7
31;32;42
32;32;0
33;32;0
34;32;0
35;32;0
36;32;0
37;32;0
38;32;0
39;32;0
40;32;0
41;32;0
42;32;0
43;32;0
44;32;0
45;32;0
46;32;0
47;32;0
48;32;0
49;32;0
50;32;0
51;32;0
52;32;0
53;32;0
54;32;0
55;32;0
56;32;0
57;32;0
58;32;0
59;32;0
60;32;0
61;32;0
62;32;0
63;32;0
64;32;0
65;32;0
66;32;0
67;32;0
68;32;0
69;32;0
0;33;0
1;33;0
2;33;0
3;33;0
4;33;0
5;33;0
6;33;0
7;33;0
8;33;0
9;33;0
10;33;0
11;33;0
12;33;0
13;33;42
14;33;7
15;33;10470
16;33;6
17;33;6
18;33;12518
19;33;7
20;33;7
21;33;7
22;33;7
23;33;7
24;33;7
25;33;7
26;33;7
27;33;7
28;33;7
29;33;7
30;33;7
31;33;42
32;33;0
33;33;0
34;33;0
35;33;0
36;33;0
37;33;0
38;33;0
39;33;0
40;33;0
41;33;0
42;33;0
43;33;0
44;33;0
45;33;0
46;33;0
47;33;0
48;33;0
49;33;0
50;33;0
51;33;0
52;33;0
53;33;0
54;33;0
55;33;0
56;33;0
57;33;0
58;33;0
59;33;0
60;33;0
61;33;0
62;33;0
63;33;0
64;33;0
65;33;0
66;33;0
67;33;0
68;33;0
69;33;0
0;34;0
1;34;0
2;34;0
3;34;0
4;34;0
5;34;0
6;34;0
7;34;0
8;34;0
9;34;0
10;34;0
11;34;0
12;34;0
13;34;42
14;34;7
15;34;27878
16;34;11494
17;34;11494
18;34;28902
19;34;7
20;34;7
21;34;7
22;34;7
23;34;7
24;34;7
25;34;7
26;34;7
27;34;7
28;34;7
29;34;7
30;34;7
31;34;42
32;34;0
33;34;0
34;34;0
35;34;0
36;34;0
37;34;0
38;34;0
39;34;0
40;34;0
41;34;0
42;34;0
43;34;0
44;34;0
45;34;0
46;34;0
47;34;0
48;34;0
49;34;0
50;34;0
51;34;0
52;34;0
53;34;0
54;34;0
55;34;0
56;34;0
57;34;0
58;34;0
59;34;0
60;34;0
61;34;0
62;34;0
63;34;0
64;34;0
65;34;0
66;34;0
67;34;0
68;34;0
69;34;0
0;35;0
1;35;0
2;35;0
3;35;0
4;35;0
5;35;0
6;35;0
7;35;0
8;35;0
9;35;0
10;35;0
11;35;0
12;35;0
13;35;42
14;35;7
15;35;7
16;35;7
17;35;7
18;35;7
19;35;7
20;35;7
21;35;7
22;35;7
23;35;7
24;35;7
25;35;7
26;35;7
27;35;7
28;35;7
29;35;7
30;35;7
31;35;42
32;35;0
33;35;0
34;35;0
35;35;0
36;35;0
37;35;0
38;35;0
39;35;0
40;35;0
41;35;0
42;35;0
43;35;0
44;35;0
45;35;0
46;35;0
47;35;0
48;35;0
49;35;0
50;35;0
51;35;0
52;35;0
53;35;0
54;35;0
55;35;0
56;35;0
57;35;0
58;35;0
59;35;0
60;35;0
61;35;0
62;35;0
63;35;0
64;35;0
65;35;0
66;35;0
67;35;0
68;35;0
69;35;0
0;36;0
1;36;0
2;36;0
3;36;0
4;36;0
5;36;0
6;36;0
7;36;0
8;36;0
9;36;0
10;36;0
11;36;0
12;36;0
13;36;42
14;36;7
15;36;7
16;36;7
17;36;7
18;36;7
19;36;7
20;36;7
21;36;7
22;36;7
23;36;7
24;36;7
25;36;7
26;36;7
27;36;7
28;36;7
29;36;7
30;36;7
31;36;42
32;36;0
33;36;0
34;36;0
35;36;0
36;36;0
37;36;0
38;36;0
39;36;0
40;36;0
41;36;0
42;36;0
43;36;0
44;36;0
45;36;0
46;36;0
47;36;0
48;36;0
49;36;0
50;36;0
51;36;0
52;36;0
53;36;0
54;36;0
55;36;0
56;36;0
57;36;0
58;36;0
59;36;0
60;36;0
61;36;0
62;36;0
63;36;0
64;36;0
65;36;0
66;36;0
67;36;0
68;36;0
69;36;0
0;37;0
1;37;0
2;37;0
3;37;0
4;37;0
5;37;0
6;37;0
7;37;0
8;37;0
9;37;0
10;37;0
11;37;0
12;37;0
13;37;42
14;37;7
15;37;7
16;37;7
17;37;7
18;37;7
19;37;7
20;37;7
21;37;7
22;37;7
23;37;7
24;37;7
25;37;7
26;37;7
27;37;7
28;37;7
29;37;7
30;37;7
31;37;42
32;37;0
33;37;0
34;37;0
35;37;0
36;37;0
37;37;0
38;37;0
39;37;0
40;37;0
41;37;0
42;37;0
43;37;0
44;37;0
45;37;0
46;37;0
47;37;0
48;37;0
49;37;0
50;37;0
51;37;0
52;37;0
53;37;0
54;37;0
55;37;0
56;37;0
57;37;0
58;37;0
59;37;0
60;37;0
61;37;0
62;37;0
63;37;0
64;37;0
65;37;0
66;37;0
67;37;0
68;37;0
69;37;0
0;38;0
1;38;0
2;38;0
3;38;0
4;38;0
5;38;0
6;38;0
7;38;0
8;38;0
9;38;0
10;38;0
11;38;0
12;38;0
13;38;42
14;38;7
15;38;7
16;38;7
17;38;7
18;38;7
19;38;7
20;38;7
21;38;7
22;38;7
23;38;7
24;38;7
25;38;7
26;38;7
27;38;7
28;38;7
29;38;7
30;38;7
31;38;42
32;38;0
33;38;0
34;38;0
35;38;0
36;38;0
37;38;0
38;38;0
39;38;0
40;38;0
41;38;0
42;38;0
43;38;0
44;38;0
45;38;0
46;38;0
47;38;0
48;38;0
49;38;0
50;38;0
51;38;0
52;38;0
53;38;0
54;38;0
55;38;0
56;38;0
57;38;0
58;38;0
59;38;0
60;38;0
61;38;0
62;38;0
63;38;0
64;38;0
65;38;0
66;38;0
67;38;0
68;38;0
69;38;0
0;39;0
1;39;0
2;39;0
3;39;0
4;39;0
5;39;0
6;39;0
7;39;0
8;39;0
9;39;0
10;39;0
11;39;0
12;39;0
13;39;42
14;39;7
15;39;7
16;39;7
17;39;7
18;39;7
19;39;7
20;39;7
21;39;7
22;39;7
23;39;7
24;39;7
25;39;7
26;39;7
27;39;7
28;39;7
29;39;7
30;39;7
31;39;42
32;39;0
33;39;0
34;39;0
35;39;0
36;39;0
37;39;0
38;39;0
39;39;0
40;39;0
41;39;0
42;39;0
43;39;0
44;39;0
45;39;0
46;39;0
47;39;0
48;39;0
49;39;0
50;39;0
51;39;0
52;39;0
53;39;0
54;39;0
55;39;0
56;39;0
57;39;0
58;39;0
59;39;0
60;39;0
61;39;0
62;39;0
63;39;0
64;39;0
65;39;0
66;39;0
67;39;0
68;39;0
69;39;0
0;40;0
1;40;0
2;40;0
3;40;0
4;40;0
5;40;0
6;40;0
7;40;0
8;40;0
9;40;0
10;40;0
11;40;0
12;40;0
13;40;42
14;40;42
15;40;42
16;40;42
17;40;42
18;40;42
19;40;42
20;40;42
21;40;42
22;40;42
23;40;42
24;40;42
25;40;42
26;40;42
27;40;42
28;40;42
29;40;42
30;40;42
31;40;42
32;40;0
33;40;0
34;40;0
35;40;0
36;40;0
37;40;0
38;40;0
39;40;0
40;40;0
41;40;0
42;40;0
43;40;0
44;40;0
45;40;0
46;40;0
47;40;0
48;40;0
49;40;0
50;40;0
51;40;0
52;40;0
53;40;0
54;40;0
55;40;0
56;40;0
57;40;0
58;40;0
59;40;0
60;40;0
61;40;0
62;40;0
63;40;0
64;40;0
65;40;0
66;40;0
67;40;0
68;40;0
69;40;0
0;41;0
1;41;0
2;41;0
3;41;0
4;41;0
5;41;0
6;41;0
7;41;0
8;41;0
9;41;0
10;41;0
11;41;0
12;41;0
13;41;0
14;41;0
15;41;0
16;41;0
17;41;0
18;41;0
19;41;0
20;41;0
21;41;0
22;41;0
23;41;0
24;41;0
25;41;0
26;41;0
27;41;0
28;41;42
29;41;42
30;41;42
31;41;42
32;41;42
33;41;42
34;41;0
35;41;0
36;41;0
37;41;0
38;41;0
39;41;0
40;41;0
41;41;0
42;41;0
43;41;0
44;41;0
45;41;0
46;41;0
47;41;0
48;41;0
49;41;0
50;41;0
51;41;0
52;41;0
53;41;0
54;41;0
55;41;0
56;41;0
57;41;0
58;41;0
59;41;0
60;41;0
61;41;0
62;41;0
63;41;0
64;41;0
65;41;0
66;41;0
67;41;0
68;41;0
69;41;0
0;42;0
1;42;0
2;42;0
3;42;0
4;42;0
5;42;0
6;42;0
7;42;0
8;42;0
9;42;0
10;42;0
11;42;0
12;42;0
13;42;0
14;42;0
15;42;0
16;42;0
17;42;0
18;42;0
19;42;0
20;42;0
21;42;0
22;42;0
23;42;0
24;42;0
25;42;0
26;42;0
27;42;0
28;42;42
29;42;2
30;42;2
31;42;2
32;42;2
33;42;42
34;42;42
35;42;42
36;42;42
37;42;0
38;42;0
39;42;0
40;42;0
41;42;0
42;42;0
43;42;0
44;42;0
45;42;0
46;42;0
47;42;0
48;42;0
49;42;0
50;42;0
51;42;0
52;42;0
53;42;0
54;42;0
55;42;0
56;42;0
57;42;0
58;42;0
59;42;0
60;42;0
61;42;0
62;42;0
63;42;0
64;42;0
65;42;0
66;42;0
67;42;0
68;42;0
69;42;0
0;43;0
1;43;0
2;43;0
3;43;0
4;43;0
5;43;0
6;43;0
7;43;0
8;43;0
9;43;0
10;43;0
11;43;0
12;43;0
13;43;0
14;43;0
15;43;0
16;43;0
17;43;0
18;43;0
19;43;0
20;43;0
21;43;0
22;43;0
23;43;0
24;43;0
25;43;0
26;43;0
27;43;0
28;43;42
29;43;2
30;43;2
31;43;2
32;43;2
33;43;2
34;43;2
35;43;2
36;43;42
37;43;0
38;43;0
39;43;0
40;43;0
41;43;0
42;43;0
43;43;0
44;43;0
45;43;0
46;43;0
47;43;0
48;43;0
49;43;0
50;43;0
51;43;0
52;43;0
53;43;0
54;43;0
55;43;0
56;43;0
57;43;0
58;43;0
59;43;0
60;43;0
61;43;0
62;43;0
63;43;0
64;43;0
65;43;0
66;43;0
67;43;0
68;43;0
69;43;0
0;44;0
1;44;0
2;44;0
3;44;0
4;44;0
5;44;0
6;44;0
7;44;0
8;44;0
9;44;0
10;44;0
11;44;0
12;44;0
13;44;0
14;44;0
15;44;0
16;44;0
17;44;0
18;44;0
19;44;0
20;44;0
21;44;0
22;44;0
23;44;0
24;44;0
25;44;0
26;44;0
27;44;0
28;44;42
29;44;2
30;44;2
31;44;2
32;44;2
33;44;2
34;44;2
35;44;2
36;44;42
37;44;0
38;44;0
39;44;0
40;44;0
41;44;0
42;44;0
43;44;0
44;44;0
45;44;0
46;44;0
47;44;0
48;44;0
49;44;0
50;44;0
51;44;0
52;44;0
53;44;0
54;44;0
55;44;0
56;44;0
57;44;0
58;44;0
59;44;0
60;44;0
61;44;0
62;44;0
63;44;0
64;44;0
65;44;0
66;44;0
67;44;0
68;44;0
69;44;0
0;45;0
1;45;0
2;45;0
3;45;0
4;45;0
5;45;0
6;45;0
7;45;0
8;45;0
9;45;0
10;45;0
11;45;0
12;45;0
13;45;0
14;45;0
15;45;0
16;45;0
17;45;0
18;45;0
19;45;0
20;45;0
21;45;0
22;45;42
23;45;42
24;45;42
25;45;42
26;45;42
27;45;42
28;45;42
29;45;2
30;45;2
31;45;6626
32;45;11746
33;45;5602
34;45;2
35;45;2
36;45;42
37;45;0
38;45;0
39;45;0
40;45;0
41;45;0
42;45;0
43;45;0
44;45;0
45;45;0
46;45;0
47;45;0
48;45;0
49;45;0
50;45;0
51;45;0
52;45;0
53;45;0
54;45;0
55;45;0
56;45;0
57;45;0
58;45;0
59;45;0
60;45;0
61;45;0
62;45;0
63;45;0
64;45;0
65;45;0
66;45;0
67;45;0
68;45;0
69;45;0
0;46;0
1;46;0
2;46;0
3;46;0
4;46;0
5;46;0
6;46;0
7;46;0
8;46;0
9;46;0
10;46;0
11;46;0
12;46;0
13;46;0
14;46;0
15;46;0
16;46;0
17;46;0
18;46;0
19;46;0
20;46;0
21;46;0
22;46;42
23;46;2
24;46;2
25;46;2
26;46;2
27;46;2
28;46;2
29;46;6626
30;46;21986
31;46;15
32;46;15
33;46;15
34;46;4578
35;46;2
36;46;42
37;46;0
38;46;0
39;46;0
40;46;0
41;46;0
42;46;0
43;46;0
44;46;0
45;46;0
46;46;0
47;46;0
48;46;0
49;46;0
50;46;0
51;46;0
52;46;0
53;46;0
54;46;0
55;46;0
56;46;0
57;46;0
58;46;0
59;46;0
60;46;0
61;46;0
62;46;0
63;46;0
64;46;0
65;46;0
66;46;0
67;46;0
68;46;0
69;46;0
0;47;0
1;47;0
2;47;0
3;47;0
4;47;0
5;47;0
6;47;0
7;47;0
8;47;0
9;47;0
10;47;0
11;47;0
12;47;0
13;47;0
14;47;0
15;47;0
16;47;0
17;47;0
18;47;0
19;47;0
20;47;0
21;47;0
22;47;42
23;47;6626
24;47;11746
25;47;11746
26;47;11746
27;47;11746
28;47;21986
29;47;15
30;47;15
31;47;15
32;47;15
33;47;15
34;47;3554
35;47;2
36;47;42
37;47;0
38;47;0
39;47;0
40;47;0
41;47;0
42;47;0
43;47;0
44;47;0
45;47;0
46;47;0
47;47;0
48;47;0
49;47;0
50;47;0
51;47;0
52;47;0
53;47;0
54;47;0
55;47;0
56;47;0
57;47;0
58;47;0
59;47;0
60;47;0
61;47;0
62;47;0
63;47;0
64;47;0
65;47;0
66;47;0
67;47;0
68;47;0
69;47;0
0;48;0
1;48;0
2;48;0
3;48;0
4;48;0
5;48;0
6;48;0
7;48;0
8;48;0
9;48;0
10;48;0
11;48;0
12;48;0
13;48;0
14;48;0
15;48;0
16;48;0
17;48;0
18;48;0
19;48;0
20;48;0
21;48;0
22;48;42
23;48;15
24;48;15
25;48;15
26;48;15
27;48;15
28;48;15
29;48;15
30;48;15
31;48;15
32;48;15
33;48;19938
34;48;2
35;48;2
36;48;42
37;48;0
38;48;0
39;48;0
40;48;0
41;48;0
42;48;0
43;48;0
44;48;0
45;48;0
46;48;0
47;48;0
48;48;0
49;48;0
50;48;0
51;48;0
52;48;0
53;48;0
54;48;0
55;48;0
56;48;0
57;48;0
58;48;0
59;48;0
60;48;0
61;48;0
62;48;0
63;48;0
64;48;0
65;48;0
66;48;0
67;48;0
68;48;0
69;48;0
0;49;0
1;49;0
2;49;0
3;49;0
4;49;0
5;49;0
6;49;0
7;49;0
8;49;0
9;49;0
10;49;0
11;49;0
12;49;0
13;49;0
14;49;0
15;49;0
16;49;0
17;49;0
18;49;0
19;49;0
20;49;0
21;49;0
22;49;42
23;49;15
24;49;15
25;49;15
26;49;15
27;49;15
28;49;15
29;49;15
30;49;15
31;49;15
32;49;15
33;49;10722
34;49;2
35;49;2
36;49;42
37;49;0
38;49;0
39;49;0
40;49;0
41;49;0
42;49;0
43;49;0
44;49;0
45;49;0
46;49;0
47;49;0
48;49;0
49;49;0
50;49;0
51;49;0
52;49;0
53;49;0
54;49;0
55;49;0
56;49;0
57;49;0
58;49;0
59;49;0
60;49;0
61;49;0
62;49;0
63;49;0
64;49;0
65;49;0
66;49;0
67;49;0
68;49;0
69;49;0
0;50;0
1;50;0
2;50;0
3;50;0
4;50;0
5;50;0
6;50;0
7;50;0
8;50;0
9;50;0
10;50;0
11;50;0
12;50;0
13;50;0
14;50;0
15;50;0
16;50;0
17;50;0
18;50;0
19;50;0
20;50;0
21;50;0
22;50;42
23;50;15
24;50;15
25;50;15
26;50;15
27;50;42
28;50;42
29;50;42
30;50;42
31;50;15
32;50;15
33;50;28130
34;50;11746
35;50;11746
36;50;42
37;50;42
38;50;42
39;50;42
40;50;42
41;50;42
42;50;42
43;50;42
44;50;42
45;50;42
46;50;42
47;50;42
48;50;42
49;50;42
50;50;42
51;50;0
52;50;0
53;50;0
54;50;0
55;50;0
56;50;0
57;50;0
58;50;0
59;50;0
60;50;0
61;50;0
62;50;0
63;50;0
64;50;0
65;50;0
66;50;0
67;50;0
68;50;0
69;50;0
0;51;0
1;51;0
2;51;0
3;51;0
4;51;0
5;51;0
6;51;0
7;51;0
8;51;0
9;51;0
10;51;0
11;51;0
12;51;0
13;51;0
14;51;0
15;51;0
16;51;0
17;51;0
18;51;0
19;51;0
20;51;0
21;51;0
22;51;42
23;51;42
24;51;42
25;51;42
26;51;42
27;51;42
28;51;0
29;51;0
30;51;42
31;51;15
32;51;15
33;51;15
34;51;15
35;51;15
36;51;15
37;51;4578
38;51;2
39;51;2
40;51;2
41;51;2
42;51;2
43;51;2
44;51;2
45;51;8674
46;51;15
47;51;4578
48;51;2
49;51;15
50;51;42
51;51;42
52;51;42
53;51;0
54;51;0
55;51;0
56;51;0
57;51;0
58;51;0
59;51;0
60;51;0
61;51;0
62;51;0
63;51;0
64;51;0
65;51;0
66;51;0
67;51;0
68;51;0
69;51;0
0;52;0
1;52;0
2;52;0
3;52;0
4;52;0
5;52;0
6;52;0
7;52;0
8;52;0
9;52;0
10;52;0
11;52;0
12;52;0
13;52;0
14;52;0
15;52;0
16;52;0
17;52;0
18;52;0
19;52;0
20;52;0
21;52;0
22;52;0
23;52;0
24;52;0
25;52;0
26;52;0
27;52;0
28;52;0
29;52;0
30;52;42
31;52;15
32;52;15
33;52;15
34;52;15
35;52;15
36;52;15
37;52;28130
38;52;11746
39;52;11746
40;52;11746
41;52;11746
42;52;11746
43;52;11746
44;52;11746
45;52;29154
46;52;15
47;52;20962
48;52;2
49;52;2
50;52;2
51;52;2
52;52;42
53;52;42
54;52;0
55;52;0
56;52;0
57;52;0
58;52;0
59;52;0
60;52;0
61;52;0
62;52;0
63;52;0
64;52;0
65;52;0
66;52;0
67;52;0
68;52;0
69;52;0
0;53;0
1;53;0
2;53;0
3;53;0
4;53;0
5;53;0
6;53;0
7;53;0
8;53;0
9;53;0
10;53;0
11;53;0
12;53;0
13;53;0
14;53;0
15;53;0
16;53;0
17;53;0
18;53;0
19;53;0
20;53;0
21;53;0
22;53;0
23;53;0
24;53;0
25;53;0
26;53;0
27;53;0
28;53;0
29;53;0
30;53;42
31;53;42
32;53;18914
33;53;15
34;53;15
35;53;15
36;53;15
37;53;15
38;53;15
39;53;15
40;53;15
41;53;15
42;53;15
43;53;15
44;53;15
45;53;15
46;53;15
47;53;15
48;53;23010
49;53;11746
50;53;5602
51;53;2
52;53;2
53;53;42
54;53;0
55;53;0
56;53;0
57;53;0
58;53;0
59;53;0
60;53;0
61;53;0
62;53;0
63;53;0
64;53;0
65;53;0
66;53;0
67;53;0
68;53;0
69;53;0
0;54;0
1;54;0
2;54;0
3;54;0
4;54;0
5;54;0
6;54;0
7;54;0
8;54;0
9;54;0
10;54;0
11;54;0
12;54;0
13;54;0
14;54;0
15;54;0
16;54;0
17;54;0
18;54;0
19;54;0
20;54;0
21;54;0
22;54;0
23;54;0
24;54;0
25;54;0
26;54;0
27;54;0
28;54;0
29;54;0
30;54;0
31;54;42
32;54;42
33;54;2530
34;54;9698
35;54;27106
36;54;15
37;54;15
38;54;15
39;54;17890
40;54;9698
41;54;9698
42;54;9698
43;54;9698
44;54;9698
45;54;9698
46;54;27106
47;54;15
48;54;15
49;54;15
50;54;15
51;54;15842
52;54;2
53;54;42
54;54;0
55;54;0
56;54;0
57;54;0
58;54;0
59;54;0
60;54;0
61;54;0
62;54;0
63;54;0
64;54;0
65;54;0
66;54;0
67;54;0
68;54;0
69;54;0
0;55;0
1;55;0
2;55;0
3;55;0
4;55;0
5;55;0
6;55;0
7;55;0
8;55;0
9;55;0
10;55;0
11;55;0
12;55;0
13;55;0
14;55;0
15;55;0
16;55;0
17;55;0
18;55;0
19;55;0
20;55;0
21;55;0
22;55;0
23;55;0
24;55;0
25;55;0
26;55;0
27;55;0
28;55;0
29;55;0
30;55;0
31;55;0
32;55;42
33;55;42
34;55;2
35;55;7650
36;55;15
37;55;15
38;55;42
39;55;42
40;55;42
41;55;42
42;55;42
43;55;42
44;55;42
45;55;42
46;55;12770
47;55;15
48;55;15
49;55;15
50;55;15
51;55;15
52;55;15842
53;55;42
54;55;0
55;55;0
56;55;0
57;55;0
58;55;0
59;55;0
60;55;0
61;55;0
62;55;0
63;55;0
64;55;0
65;55;0
66;55;0
67;55;0
68;55;0
69;55;0
0;56;0
1;56;0
2;56;0
3;56;0
4;56;0
5;56;0
6;56;0
7;56;0
8;56;0
9;56;0
10;56;0
11;56;0
12;56;0
13;56;0
14;56;0
15;56;0
16;56;0
17;56;0
18;56;0
19;56;0
20;56;0
21;56;0
22;56;0
23;56;0
24;56;0
25;56;0
26;56;0
27;56;0
28;56;0
29;56;0
30;56;0
31;56;0
32;56;0
33;56;42
34;56;42
35;56;42
36;56;42
37;56;42
38;56;42
39;56;0
40;56;0
41;56;0
42;56;0
43;56;0
44;56;0
45;56;42
46;56;25058
47;56;15
48;56;15
49;56;15
50;56;15
51;56;15
52;56;15
53;56;42
54;56;0
55;56;0
56;56;0
57;56;0
58;56;0
59;56;0
60;56;0
61;56;0
62;56;0
63;56;0
64;56;0
65;56;0
66;56;0
67;56;0
68;56;0
69;56;0
0;57;0
1;57;0
2;57;0
3;57;0
4;57;0
5;57;0
6;57;0
7;57;0
8;57;0
9;57;0
10;57;0
11;57;0
12;57;0
13;57;0
14;57;0
15;57;0
16;57;0
17;57;0
18;57;0
19;57;0
20;57;0
21;57;0
22;57;0
23;57;0
24;57;0
25;57;0
26;57;0
27;57;0
28;57;0
29;57;0
30;57;0
31;57;0
32;57;0
33;57;0
34;57;0
35;57;0
36;57;0
37;57;0
38;57;0
39;57;0
40;57;0
41;57;0
42;57;0
43;57;0
44;57;0
45;57;42
46;57;15
47;57;15
48;57;15
49;57;15
50;57;55
51;57;15
52;57;15
53;57;42
54;57;42
55;57;42
56;57;42
57;57;0
58;57;0
59;57;0
60;57;0
61;57;0
62;57;0
63;57;0
64;57;0
65;57;0
66;57;0
67;57;0
68;57;0
69;57;0
0;58;0
1;58;0
2;58;0
3;58;0
4;58;0
5;58;0
6;58;0
7;58;0
8;58;0
9;58;0
10;58;0
11;58;0
12;58;0
13;58;0
14;58;0
15;58;0
16;58;0
17;58;0
18;58;0
19;58;0
20;58;0
21;58;0
22;58;0
23;58;0
24;58;0
25;58;0
26;58;0
27;58;0
28;58;0
29;58;0
30;58;0
31;58;0
32;58;0
33;58;0
34;58;0
35;58;0
36;58;0
37;58;0
38;58;0
39;58;0
40;58;0
41;58;0
42;58;0
43;58;0
44;58;0
45;58;42
46;58;55
47;58;55
48;58;55
49;58;55
50;58;55
51;58;55
52;58;55
53;58;55
54;58;55
55;58;55
56;58;42
57;58;0
58;58;0
59;58;0
60;58;0
61;58;0
62;58;0
63;58;0
64;58;0
65;58;0
66;58;0
67;58;0
68;58;0
69;58;0
0;59;0
1;59;0
2;59;0
3;59;0
4;59;0
5;59;0
6;59;0
7;59;0
8;59;0
9;59;0
10;59;0
11;59;0
12;59;0
13;59;0
14;59;0
15;59;0
16;59;0
17;59;0
18;59;0
19;59;0
20;59;0
21;59;0
22;59;0
23;59;0
24;59;0
25;59;0
26;59;0
27;59;0
28;59;0
29;59;0
30;59;0
31;59;0
32;59;0
33;59;0
34;59;0
35;59;0
36;59;0
37;59;0
38;59;0
39;59;0
40;59;0
41;59;0
42;59;0
43;59;0
44;59;0
45;59;0
46;59;55
47;59;55
48;59;45
49;59;46
50;59;46
51;59;46
52;59;46
53;59;46
54;59;47
55;59;55
56;59;42
57;59;0
58;59;0
59;59;0
60;59;0
61;59;0
62;59;0
63;59;0
64;59;0
65;59;0
66;59;0
67;59;0
68;59;0
69;59;0
0;60;0
1;60;0
2;60;0
3;60;0
4;60;0
5;60;0
6;60;0
7;60;0
8;60;0
9;60;0
10;60;0
11;60;0
12;60;0
13;60;0
14;60;0
15;60;0
16;60;0
17;60;0
18;60;0
19;60;0
20;60;0
21;60;0
22;60;0
23;60;0
24;60;0
25;60;0
26;60;0
27;60;0
28;60;0
29;60;0
30;60;0
31;60;0
32;60;0
33;60;0
34;60;0
35;60;0
36;60;0
37;60;0
38;60;0
39;60;0
40;60;0
41;60;0
42;60;0
43;60;0
44;60;0
45;60;0
46;60;42
47;60;55
48;60;48
49;60;49
50;60;49
51;60;49
52;60;49
53;60;49
54;60;50
55;60;55
56;60;42
57;60;0
58;60;0
59;60;0
60;60;0
61;60;0
62;60;0
63;60;0
64;60;0
65;60;0
66;60;0
67;60;0
68;60;0
69;60;0
0;61;0
1;61;0
2;61;0
3;61;0
4;61;0
5;61;0
6;61;0
7;61;0
8;61;0
9;61;0
10;61;0
11;61;0
12;61;0
13;61;0
14;61;0
15;61;0
16;61;0
17;61;0
18;61;0
19;61;0
20;61;0
21;61;0
22;61;0
23;61;0
24;61;0
25;61;0
26;61;0
27;61;0
28;61;0
29;61;0
30;61;0
31;61;0
32;61;0
33;61;0
34;61;0
35;61;0
36;61;0
37;61;0
38;61;0
39;61;0
40;61;0
41;61;0
42;61;0
43;61;0
44;61;0
45;61;0
46;61;42
47;61;55
48;61;48
49;61;49
50;61;49
51;61;49
52;61;49
53;61;49
54;61;50
55;61;55
56;61;42
57;61;0
58;61;0
59;61;0
60;61;0
61;61;0
62;61;0
63;61;0
64;61;0
65;61;0
66;61;0
67;61;0
68;61;0
69;61;0
0;62;0
1;62;0
2;62;0
3;62;0
4;62;0
5;62;0
6;62;0
7;62;0
8;62;0
9;62;0
10;62;0
11;62;0
12;62;0
13;62;0
14;62;0
15;62;0
16;62;0
17;62;0
18;62;0
19;62;0
20;62;0
21;62;0
22;62;0
23;62;0
24;62;0
25;62;0
26;62;0
27;62;0
28;62;0
29;62;0
30;62;0
31;62;0
32;62;0
33;62;0
34;62;0
35;62;0
36;62;0
37;62;0
38;62;0
39;62;0
40;62;0
41;62;0
42;62;0
43;62;0
44;62;0
45;62;0
46;62;42
47;62;55
48;62;48
49;62;49
50;62;49
51;62;49
52;62;49
53;62;49
54;62;50
55;62;55
56;62;42
57;62;0
58;62;0
59;62;0
60;62;0
61;62;0
62;62;0
63;62;0
64;62;0
65;62;0
66;62;0
67;62;0
68;62;0
69;62;0
0;63;0
1;63;0
2;63;0
3;63;0
4;63;0
5;63;0
6;63;0
7;63;0
8;63;0
9;63;0
10;63;0
11;63;0
12;63;0
13;63;0
14;63;0
15;63;0
16;63;0
17;63;0
18;63;0
19;63;0
20;63;0
21;63;0
22;63;0
23;63;0
24;63;0
25;63;0
26;63;0
27;63;0
28;63;0
29;63;0
30;63;0
31;63;0
32;63;0
33;63;0
34;63;0
35;63;0
36;63;0
37;63;0
38;63;0
39;63;0
40;63;0
41;63;0
42;63;0
43;63;0
44;63;0
45;63;0
46;63;42
47;63;55
48;63;48
49;63;49
50;63;49
51;63;49
52;63;49
53;63;49
54;63;50
55;63;55
56;63;42
57;63;0
58;63;0
59;63;0
60;63;0
61;63;0
62;63;0
63;63;0
64;63;0
65;63;0
66;63;0
67;63;0
68;63;0
69;63;0
0;64;0
1;64;0
2;64;0
3;64;0
4;64;0
5;64;0
6;64;0
7;64;0
8;64;0
9;64;0
10;64;0
11;64;0
12;64;0
13;64;0
14;64;0
15;64;0
16;64;0
17;64;0
18;64;0
19;64;0
20;64;0
21;64;0
22;64;0
23;64;0
24;64;0
25;64;0
26;64;0
27;64;0
28;64;0
29;64;0
30;64;0
31;64;0
32;64;0
33;64;0
34;64;0
35;64;0
36;64;0
37;64;0
38;64;0
39;64;0
40;64;0
41;64;0
42;64;0
43;64;0
44;64;0
45;64;0
46;64;42
47;64;55
48;64;48
49;64;49
50;64;49
51;64;49
52;64;49
53;64;49
54;64;50
55;64;55
56;64;42
57;64;0
58;64;0
59;64;0
60;64;0
61;64;0
62;64;0
63;64;0
64;64;0
65;64;0
66;64;0
67;64;0
68;64;0
69;64;0
0;65;0
1;65;0
2;65;0
3;65;0
4;65;0
5;65;0
6;65;0
7;65;0
8;65;0
9;65;0
10;65;0
11;65;0
12;65;0
13;65;0
14;65;0
15;65;0
16;65;0
17;65;0
18;65;0
19;65;0
20;65;0
21;65;0
22;65;0
23;65;0
24;65;0
25;65;0
26;65;0
27;65;0
28;65;0
29;65;0
30;65;0
31;65;0
32;65;0
33;65;0
34;65;0
35;65;0
36;65;0
37;65;0
38;65;0
39;65;0
40;65;0
41;65;0
42;65;0
43;65;0
44;65;0
45;65;0
46;65;42
47;65;55
48;65;51
49;65;52
50;65;52
51;65;52
52;65;52
53;65;52
54;65;53
55;65;55
56;65;42
57;65;0
58;65;0
59;65;0
60;65;0
61;65;0
62;65;0
63;65;0
64;65;0
65;65;0
66;65;0
67;65;0
68;65;0
69;65;0
0;66;0
1;66;0
2;66;0
3;66;0
4;66;0
5;66;0
6;66;0
7;66;0
8;66;0
9;66;0
10;66;0
11;66;0
12;66;0
13;66;0
14;66;0
15;66;0
16;66;0
17;66;0
18;66;0
19;66;0
20;66;0
21;66;0
22;66;0
23;66;0
24;66;0
25;66;0
26;66;0
27;66;0
28;66;0
29;66;0
30;66;0
31;66;0
32;66;0
33;66;0
34;66;0
35;66;0
36;66;0
37;66;0
38;66;0
39;66;0
40;66;0
41;66;0
42;66;0
43;66;0
44;66;0
45;66;0
46;66;42
47;66;55
48;66;55
49;66;55
50;66;55
51;66;55
52;66;55
53;66;55
54;66;55
55;66;55
56;66;42
57;66;0
58;66;0
59;66;0
60;66;0
61;66;0
62;66;0
63;66;0
64;66;0
65;66;0
66;66;0
67;66;0
68;66;0
69;66;0
0;67;0
1;67;0
2;67;0
3;67;0
4;67;0
5;67;0
6;67;0
7;67;0
8;67;0
9;67;0
10;67;0
11;67;0
12;67;0
13;67;0
14;67;0
15;67;0
16;67;0
17;67;0
18;67;0
19;67;0
20;67;0
21;67;0
22;67;0
23;67;0
24;67;0
25;67;0
26;67;0
27;67;0
28;67;0
29;67;0
30;67;0
31;67;0
32;67;0
33;67;0
34;67;0
35;67;0
36;67;0
37;67;0
38;67;0
39;67;0
40;67;0
41;67;0
42;67;0
43;67;0
44;67;0
45;67;0
46;67;42
47;67;42
48;67;42
49;67;42
50;67;42
51;67;42
52;67;42
53;67;55
54;67;55
55;67;55
56;67;42
57;67;0
58;67;0
59;67;0
60;67;0
61;67;0
62;67;0
63;67;0
64;67;0
65;67;0
66;67;0
67;67;0
68;67;0
69;67;0
0;68;0
1;68;0
2;68;0
3;68;0
4;68;0
5;68;0
6;68;0
7;68;0
8;68;0
9;68;0
10;68;0
11;68;0
12;68;0
13;68;0
14;68;0
15;68;0
16;68;0
17;68;0
18;68;0
19;68;0
20;68;0
21;68;0
22;68;0
23;68;0
24;68;0
25;68;0
26;68;0
27;68;0
28;68;0
29;68;0
30;68;0
31;68;0
32;68;0
33;68;0
34;68;0
35;68;0
36;68;0
37;68;0
38;68;0
39;68;0
40;68;0
41;68;0
42;68;0
43;68;0
44;68;0
45;68;0
46;68;0
47;68;0
48;68;0
49;68;0
50;68;0
51;68;0
52;68;0
53;68;0
54;68;0
55;68;0
56;68;0
57;68;0
58;68;0
59;68;0
60;68;0
61;68;0
62;68;0
63;68;0
64;68;0
65;68;0
66;68;0
67;68;0
68;68;0
69;68;0
0;69;0
1;69;0
2;69;0
3;69;0
4;69;0
5;69;0
6;69;0
7;69;0
8;69;0
9;69;0
10;69;0
11;69;0
12;69;0
13;69;0
14;69;0
15;69;0
16;69;0
17;69;0
18;69;0
19;69;0
20;69;0
21;69;0
22;69;0
23;69;0
24;69;0
25;69;0
26;69;0
27;69;0
28;69;0
29;69;0
30;69;0
31;69;0
32;69;0
33;69;0
34;69;0
35;69;0
36;69;0
37;69;0
38;69;0
39;69;0
40;69;0
41;69;0
42;69;0
43;69;0
44;69;0
45;69;0
46;69;0
47;69;0
48;69;0
49;69;0
50;69;0
51;69;0
52;69;0
53;69;0
54;69;0
55;69;0
56;69;0
57;69;0
58;69;0
59;69;0
60;69;0
61;69;0
62;69;0
63;69;0
64;69;0
65;69;0
66;69;0
67;69;0
68;69;0
69;69;0
