3;9;432;333
23;9;338;333
29;9;338;333
64;9;274;333
66;9;274;333
67;9;914;333
67;9;274;333
26;10;338;333
32;10;338;333
43;10;338;333
64;10;274;333
67;10;338;333
68;10;338;333
29;11;274;333
32;11;915;333
36;11;338;333
39;11;338;333
40;11;274;333
47;11;338;333
53;11;338;333
63;11;338;333
64;11;338;333
66;11;338;333
68;11;338;333
73;11;338;333
19;12;338;333
22;12;273;333
37;12;338;333
65;12;338;333
72;12;338;333
15;13;338;333
22;13;914;333
32;13;1245;333
35;13;274;333
36;13;274;333
38;13;1245;333
45;13;274;333
48;13;1272;333
66;13;338;333
72;13;914;333
75;13;338;333
15;14;338;333
19;14;1246;333
26;14;274;333
37;14;273;333
42;14;915;333
53;14;338;333
54;14;338;333
71;14;338;333
73;14;1272;333
16;15;273;333
19;15;1272;333
20;15;273;333
24;15;274;333
27;15;1246;333
28;15;273;333
38;15;1272;333
46;15;273;333
50;15;274;333
55;15;338;333
62;15;338;333
68;15;338;333
70;15;338;333
73;15;273;333
75;15;338;333
77;15;338;333
80;15;338;333
81;15;338;333
91;15;338;333
11;16;338;333
40;16;274;333
44;16;1246;333
50;16;338;333
51;16;338;333
53;16;338;333
57;16;338;333
62;16;338;333
65;16;274;333
71;16;338;333
77;16;273;333
87;16;338;333
94;16;338;333
12;17;273;333
17;17;301;333
18;17;301;333
19;17;301;333
20;17;301;333
21;17;301;333
22;17;301;333
23;17;301;333
48;17;274;333
51;17;338;333
54;17;915;333
56;17;338;333
59;17;338;333
60;17;338;333
71;17;274;333
82;17;338;333
88;17;338;333
89;17;338;333
91;17;273;333
6;18;338;333
11;18;1272;333
14;18;301;333
15;18;301;333
16;18;301;333
17;18;301;333
18;18;1005;333
19;18;387;230
20;18;387;416
21;18;1005;333
22;18;387;723
23;18;301;333
27;18;474;333
27;18;342;333
28;18;474;333
29;18;474;333
30;18;474;333
30;18;2805;333
31;18;474;333
31;18;272;333
32;18;474;333
32;18;2805;333
33;18;345;333
33;18;395;333
58;18;338;333
59;18;338;333
61;18;1246;333
64;18;1272;333
65;18;273;333
69;18;1245;333
72;18;1246;333
74;18;273;333
79;18;915;333
81;18;273;333
86;18;1245;333
92;18;915;333
93;18;338;333
8;19;274;333
10;19;1246;333
12;19;301;333
13;19;301;333
14;19;301;333
15;19;387;406
16;19;387;862
18;19;14;333
20;19;274;333
22;19;1005;333
23;19;301;333
24;19;301;333
27;19;342;333
28;19;267;333
31;19;2877;333
33;19;921;333
33;19;1914;333
49;19;274;333
51;19;338;333
58;19;338;333
60;19;274;333
68;19;273;333
77;19;274;333
91;19;274;333
11;20;301;333
12;20;301;333
17;20;273;333
19;20;1782;333
21;20;1790;333
23;20;274;333
24;20;301;333
25;20;301;333
26;20;301;333
27;20;342;333
30;20;2876;333
31;20;320;333
32;20;2878;333
33;20;470;333
34;20;474;333
35;20;474;333
35;20;264;333
36;20;474;333
37;20;474;333
38;20;474;333
38;20;264;333
39;20;474;333
40;20;474;333
40;20;266;333
41;20;474;333
42;20;474;333
42;20;266;333
43;20;474;333
44;20;345;333
44;20;2805;333
52;20;274;333
54;20;1246;333
59;20;338;333
63;20;914;333
64;20;1809;333
87;20;1246;333
9;21;301;333
10;21;301;333
11;21;301;333
13;21;274;333
14;21;274;333
23;21;273;333
23;21;387;333
24;21;387;333
25;21;386;333
26;21;387;333
27;21;342;333
28;21;267;333
30;21;2876;333
31;21;320;333
31;21;2853;333
32;21;2878;333
34;21;267;333
36;21;267;333
38;21;267;333
44;21;921;333
60;21;338;333
66;21;1272;333
67;21;274;333
89;21;274;333
93;21;338;333
94;21;338;333
4;22;338;333
5;22;338;333
7;22;273;333
9;22;301;333
21;22;14;333
25;22;272;333
26;22;387;333
27;22;342;333
41;22;2877;333
44;22;921;333
44;22;267;333
45;22;474;333
46;22;474;333
47;22;345;333
56;22;274;333
5;23;338;333
9;23;301;333
11;23;274;333
12;23;386;333
13;23;386;333
14;23;386;333
15;23;387;732
16;23;387;774
17;23;386;333
18;23;387;353
20;23;1782;333
26;23;386;333
27;23;342;333
28;23;267;333
34;23;267;333
36;23;267;333
38;23;267;333
40;23;2876;333
41;23;320;333
42;23;2878;333
44;23;921;333
44;23;315;333
47;23;921;333
61;23;1246;333
71;23;348;333
72;23;474;333
72;23;2805;333
73;23;474;333
73;23;266;333
74;23;474;333
75;23;474;333
75;23;276;333
76;23;474;333
76;23;315;333
77;23;474;333
77;23;2805;333
78;23;474;333
78;23;272;333
79;23;474;333
79;23;2805;333
80;23;474;333
80;23;266;333
81;23;474;333
82;23;474;333
82;23;276;333
83;23;345;333
83;23;2805;333
92;23;338;333
5;24;338;333
7;24;274;333
9;24;301;333
12;24;386;333
13;24;2805;333
14;24;2877;333
15;24;2877;333
16;24;2877;333
17;24;2805;333
18;24;386;333
24;24;273;333
26;24;386;333
27;24;347;333
28;24;340;333
29;24;473;333
40;24;2876;333
41;24;320;333
41;24;2854;333
42;24;2878;333
44;24;921;333
44;24;1915;333
44;24;276;333
47;24;921;333
68;24;348;333
69;24;474;333
70;24;474;333
71;24;342;333
83;24;921;333
87;24;274;333
89;24;1246;333
91;24;273;333
9;25;301;333
12;25;272;333
13;25;75;333
17;25;2878;333
18;25;386;333
25;25;914;333
27;25;387;333
29;25;342;333
34;25;267;333
36;25;267;333
38;25;267;333
44;25;921;333
47;25;470;333
48;25;345;333
65;25;348;333
66;25;474;333
67;25;474;333
68;25;471;333
71;25;342;333
83;25;921;333
83;25;267;333
5;26;273;333
9;26;301;333
17;26;2878;333
18;26;386;333
23;26;1782;333
28;26;1246;333
29;26;342;333
30;26;267;333
34;26;2805;333
36;26;2805;333
38;26;2805;333
44;26;921;333
44;26;267;333
48;26;470;333
48;26;276;333
49;26;474;333
50;26;474;333
50;26;276;333
51;26;474;333
52;26;474;333
52;26;401;333
53;26;474;333
53;26;75;333
54;26;345;333
62;26;348;333
63;26;474;333
63;26;276;333
64;26;474;333
64;26;75;333
65;26;471;333
65;26;395;105;data=1
67;26;319;333
68;26;2832;333
69;26;319;333
71;26;342;333
78;26;2877;333
79;26;2877;333
80;26;2877;333
83;26;921;333
90;26;1272;333
93;26;273;333
3;27;338;333
8;27;273;333
9;27;301;333
13;27;395;333
17;27;2878;333
18;27;386;333
27;27;274;333
28;27;386;333
29;27;342;333
40;27;266;333
42;27;266;333
44;27;921;333
54;27;921;333
54;27;276;333
60;27;348;333
61;27;474;333
61;27;276;333
62;27;471;333
70;27;75;333
71;27;342;333
74;27;217;333
75;27;320;333
75;27;2854;333
83;27;921;333
83;27;267;333
94;27;338;333
95;27;338;333
96;27;338;333
8;28;273;333
9;28;301;333
12;28;274;333
17;28;315;333
18;28;386;333
28;28;386;333
29;28;342;333
30;28;267;333
39;28;395;333
40;28;474;333
40;28;471;333
40;28;266;333
41;28;474;333
42;28;474;333
42;28;266;333
43;28;474;333
44;28;345;333
44;28;2805;333
54;28;470;333
55;28;474;333
55;28;276;333
56;28;474;333
57;28;474;333
58;28;474;333
58;28;401;333
59;28;474;333
60;28;471;333
70;28;275;333
71;28;342;333
74;28;217;333
75;28;320;333
83;28;921;333
88;28;273;333
89;28;914;333
91;28;274;333
93;28;338;333
7;29;274;333
9;29;301;333
12;29;387;203
13;29;2805;333
14;29;75;333
17;29;2805;333
18;29;386;333
28;29;386;333
29;29;342;333
44;29;921;333
44;29;1914;333
44;29;2041;333
71;29;342;333
74;29;217;333
75;29;320;333
75;29;2854;333
83;29;921;333
83;29;267;333
93;29;338;333
6;30;338;333
9;30;301;333
12;30;386;333
13;30;387;234
17;30;387;583
18;30;386;333
22;30;14;333
27;30;1246;333
28;30;386;333
29;30;342;333
30;30;267;333
44;30;921;333
44;30;2805;333
71;30;342;333
74;30;217;333
75;30;320;333
79;30;2885;333
79;30;2853;333
80;30;2878;333
83;30;921;333
83;30;2805;333
9;31;301;333
10;31;301;333
17;31;274;333
18;31;273;333
24;31;1782;333
26;31;273;333
29;31;347;333
30;31;340;333
31;31;903;233;data=9011
32;31;905;233;data=9011
33;31;340;333
34;31;473;333
44;31;904;233
71;31;481;233
74;31;217;333
75;31;320;333
75;31;2854;333
83;31;921;333
83;31;2874;333
92;31;1245;333
93;31;338;333
94;31;338;333
7;32;273;333
10;32;301;333
13;32;274;333
29;32;915;333
30;32;401;333
33;32;395;333
34;32;342;333
35;32;267;333
37;32;2876;333
38;32;320;333
38;32;2854;333
39;32;2878;333
44;32;906;233
48;32;261;333
48;32;260;333
48;32;262;333
48;32;263;333
49;32;301;333
50;32;301;333
51;32;301;333
52;32;301;333
53;32;301;333
54;32;262;333
54;32;261;333
55;32;301;333
56;32;301;333
57;32;301;333
58;32;301;333
59;32;301;333
60;32;301;333
61;32;301;333
62;32;261;333
62;32;262;333
63;32;301;333
64;32;301;333
65;32;301;333
66;32;301;333
67;32;260;333
67;32;261;333
67;32;263;333
67;32;262;333
71;32;483;233
74;32;217;333
75;32;320;333
83;32;921;333
83;32;2805;333
88;32;1246;333
90;32;273;333
92;32;338;333
6;33;274;333
10;33;301;333
23;33;395;333
33;33;387;668
34;33;342;333
37;33;2876;333
38;33;320;333
39;33;2878;333
42;33;320;333
43;33;320;333
44;33;921;333
44;33;2805;333
48;33;301;333
51;33;274;333
53;33;273;333
65;33;274;333
67;33;301;333
70;33;395;105;data=1
71;33;342;333
74;33;217;333
75;33;320;333
75;33;2854;333
83;33;921;333
83;33;2041;333
92;33;338;333
4;34;338;333
10;34;301;333
11;34;301;333
12;34;301;333
15;34;1782;333
25;34;14;333
33;34;387;468
34;34;342;333
35;34;267;333
37;34;2876;333
38;34;320;333
39;34;2878;333
42;34;320;333
44;34;921;333
48;34;301;333
67;34;301;333
71;34;342;333
74;34;217;333
75;34;320;333
83;34;921;333
94;34;338;333
95;34;338;333
6;35;338;333
12;35;301;333
18;35;395;333
21;35;274;333
33;35;387;701
34;35;342;333
37;35;2876;333
38;35;320;333
38;35;2854;333
39;35;2878;333
42;35;320;333
42;35;1089;333
44;35;921;333
44;35;267;333
48;35;301;333
55;35;300;140
58;35;14;831
61;35;300;278
64;35;14;179
67;35;301;333
71;35;342;333
71;35;211;333
76;35;320;333
76;35;2853;333
77;35;320;333
78;35;320;333
78;35;2853;333
79;35;320;333
80;35;320;333
80;35;2853;333
83;35;921;333
83;35;267;333
88;35;1272;333
93;35;915;333
94;35;338;333
95;35;338;333
5;36;273;333
6;36;338;333
11;36;274;333
12;36;301;333
17;36;274;333
26;36;274;333
30;36;273;333
33;36;386;333
34;36;342;333
35;36;267;333
37;36;2876;333
38;36;320;333
39;36;2878;333
42;36;320;333
42;36;2853;333
44;36;921;333
48;36;301;333
67;36;301;333
71;36;342;333
76;36;216;333
77;36;216;333
78;36;216;333
79;36;216;333
80;36;216;333
83;36;921;333
88;36;274;333
89;36;915;333
94;36;338;333
8;37;338;333
12;37;301;333
13;37;301;333
14;37;301;333
27;37;395;333
32;37;1246;333
33;37;386;333
34;37;342;333
37;37;2876;333
38;37;320;333
39;37;2878;333
42;37;320;333
44;37;921;333
44;37;267;333
48;37;260;333
48;37;261;333
67;37;262;333
67;37;263;333
71;37;342;333
71;37;211;333
83;37;921;333
83;37;267;333
93;37;338;333
9;38;273;333
14;38;301;333
18;38;1807;333
19;38;915;333
20;38;274;333
22;38;1245;333
25;38;1246;333
34;38;342;333
35;38;267;333
37;38;2876;333
38;38;320;333
38;38;2854;333
39;38;2878;333
42;38;315;333
44;38;921;333
48;38;301;333
50;38;273;333
64;38;300;884
67;38;301;333
70;38;403;333
71;38;342;333
83;38;921;333
83;38;2805;333
87;38;273;333
91;38;338;333
14;39;301;333
15;39;301;333
18;39;273;333
19;39;387;712
22;39;387;874
25;39;387;982
28;39;1272;333
29;39;1807;333
34;39;342;333
44;39;921;333
44;39;267;333
48;39;301;333
52;39;300;211
67;39;301;333
71;39;347;333
72;39;340;333
73;39;340;333
74;39;340;333
75;39;340;333
76;39;340;333
77;39;340;333
78;39;340;333
79;39;340;333
80;39;340;333
81;39;340;333
82;39;340;333
83;39;346;333
85;39;274;333
91;39;338;333
4;40;338;333
7;40;338;333
8;40;274;333
11;40;338;333
13;40;273;333
15;40;301;333
19;40;387;352
22;40;387;712
24;40;273;333
25;40;387;306
29;40;915;333
31;40;914;333
32;40;348;333
33;40;474;333
34;40;471;333
44;40;921;333
48;40;301;333
49;40;273;333
67;40;301;333
71;40;275;333
72;40;276;333
73;40;342;333
78;40;2832;333
79;40;921;333
82;40;915;333
83;40;274;333
10;41;338;333
15;41;301;333
19;41;387;854
21;41;1272;333
22;41;387;672
25;41;387;132
31;41;386;333
32;41;342;333
33;41;267;333
39;41;266;333
41;41;266;333
44;41;921;333
44;41;2805;333
48;41;301;333
64;41;14;256
67;41;301;333
72;41;395;333
73;41;342;333
75;41;472;333
76;41;340;333
77;41;340;333
78;41;340;333
79;41;346;333
85;41;1246;333
87;41;338;333
15;42;301;333
19;42;387;692
31;42;386;333
32;42;342;333
38;42;472;333
39;42;340;333
40;42;340;333
41;42;340;333
42;42;340;333
43;42;340;333
44;42;346;333
48;42;260;333
48;42;261;333
48;42;262;333
52;42;14;767
67;42;262;333
67;42;263;333
72;42;221;333
73;42;342;333
75;42;921;333
78;42;1782;333
7;43;273;333
15;43;301;333
19;43;1246;333
22;43;387;171
24;43;1272;333
25;43;387;786
29;43;274;333
31;43;386;333
32;43;342;333
33;43;267;333
34;43;266;333
36;43;266;333
38;43;921;333
41;43;724;333
44;43;301;333
67;43;301;333
72;43;472;333
72;43;276;333
73;43;340;333
73;43;342;333
74;43;340;333
75;43;346;333
83;43;273;333
7;44;338;333
10;44;274;333
11;44;338;333
15;44;301;333
16;44;301;333
19;44;387;463
22;44;387;744
25;44;387;754
29;44;1807;333
32;44;347;333
33;44;340;333
34;44;340;333
35;44;340;333
36;44;340;333
37;44;340;333
38;44;346;333
44;44;301;333
64;44;300;279
67;44;301;333
72;44;921;333
72;44;275;333
76;44;274;333
82;44;914;333
85;44;338;333
99;44;338;333
103;44;338;333
9;45;273;333
14;45;338;333
16;45;301;333
19;45;387;257
22;45;387;471
23;45;273;333
25;45;387;369
31;45;301;333
35;45;342;333
36;45;301;333
37;45;301;333
38;45;301;333
39;45;472;333
39;45;301;333
43;45;473;333
44;45;301;333
52;45;300;539
67;45;301;333
71;45;472;333
72;45;346;333
77;45;273;333
80;45;338;333
82;45;338;333
84;45;338;333
5;46;338;333
16;46;301;333
19;46;387;567
22;46;387;791
23;46;915;333
25;46;1272;333
30;46;301;333
35;46;342;333
48;46;301;333
66;46;274;333
67;46;301;333
71;46;921;333
76;46;1809;333
80;46;338;333
81;46;273;333
83;46;338;333
84;46;338;333
6;47;338;333
13;47;274;333
16;47;301;333
19;47;387;265
26;47;301;333
27;47;301;333
28;47;301;333
29;47;301;333
30;47;301;333
35;47;342;333
48;47;301;333
49;47;273;333
64;47;14;190
66;47;274;333
67;47;263;333
67;47;262;333
71;47;921;333
71;47;275;333
75;47;274;333
84;47;338;333
99;47;274;333
10;48;338;333
15;48;914;333
16;48;301;333
19;48;387;456
22;48;273;333
26;48;301;333
29;48;273;333
35;48;342;333
48;48;301;333
49;48;273;333
52;48;14;987
67;48;301;333
71;48;921;333
71;48;275;333
80;48;1246;333
99;48;2169;333
105;48;338;333
10;49;338;333
13;49;338;333
13;49;914;333
14;49;914;333
15;49;274;333
15;49;914;333
16;49;301;333
17;49;301;333
18;49;301;333
19;49;301;333
20;49;301;333
21;49;301;333
22;49;301;333
23;49;301;333
26;49;301;333
30;49;1807;333
34;49;348;333
35;49;471;333
41;49;2207;333
48;49;301;333
67;49;301;333
71;49;921;333
71;49;75;333
81;49;274;333
97;49;338;333
100;49;1817;333
101;49;273;333
104;49;274;333
108;49;338;333
12;50;914;333
13;50;914;333
14;50;914;333
17;50;1807;333
19;50;274;333
26;50;274;333
34;50;342;333
37;50;274;333
48;50;301;333
51;50;273;333
67;50;301;333
71;50;921;333
77;50;273;333
81;50;338;333
11;51;914;333
12;51;338;333
12;51;914;333
18;51;274;333
19;51;1807;333
23;51;273;333
30;51;273;333
34;51;342;333
36;51;300;482
48;51;301;333
67;51;301;333
71;51;921;333
71;51;395;105;data=1
79;51;338;333
11;52;914;333
12;52;914;333
16;52;338;333
22;52;2169;333
23;52;2169;333
27;52;2169;333
28;52;2169;333
34;52;342;333
48;52;301;333
49;52;301;333
50;52;301;333
51;52;301;333
52;52;301;333
53;52;301;333
54;52;301;333
55;52;301;333
56;52;301;333
57;52;301;333
58;52;301;333
59;52;301;333
60;52;301;333
61;52;301;333
62;52;301;333
63;52;301;333
64;52;301;333
65;52;301;333
66;52;260;333
66;52;263;333
66;52;262;333
67;52;260;333
67;52;262;333
67;52;261;333
71;52;921;333
79;52;338;333
95;52;1246;333
96;52;274;333
11;53;914;333
33;53;348;333
34;53;471;333
35;53;274;333
42;53;300;410
71;53;921;333
75;53;274;333
76;53;274;333
78;53;338;333
12;54;338;333
18;54;338;333
32;54;387;333
32;54;273;333
33;54;342;333
35;54;1804;333
71;54;921;333
95;54;1817;333
96;54;1245;333
97;54;386;333
98;54;348;333
99;54;474;333
100;54;474;333
101;54;474;333
102;54;474;333
103;54;348;333
104;54;474;333
105;54;345;333
110;54;338;333
31;55;274;333
32;55;387;333
33;55;342;333
42;55;273;333
71;55;921;333
71;55;75;333
94;55;274;333
97;55;1791;333
98;55;342;333
103;55;342;333
105;55;921;333
23;56;2805;333
23;56;12;333
27;56;2805;333
27;56;12;333
32;56;387;333
33;56;342;333
40;56;300;439
43;56;300;279
70;56;472;333
71;56;346;333
75;56;273;333
76;56;338;333
95;56;274;333
96;56;914;333
97;56;1791;333
98;56;342;333
102;56;1003;333
103;56;342;333
103;56;473;333
105;56;921;333
17;57;338;333
19;57;2170;333
31;57;2170;333
33;57;342;333
33;57;347;333
34;57;340;333
35;57;473;333
53;57;241;333
54;57;30;333
54;57;320;333
55;57;30;333
56;57;30;333
56;57;1360;333
57;57;318;333
57;57;220;333
58;57;318;333
58;57;518;333
59;57;30;333
60;57;30;333
60;57;2905;333
61;57;30;333
61;57;275;333
62;57;318;333
63;57;318;333
63;57;120;333
64;57;30;333
65;57;238;333
66;57;32;333
67;57;32;333
68;57;86;233
69;57;32;333
70;57;921;333
70;57;32;333
98;57;342;333
98;57;473;333
105;57;921;333
111;57;338;333
17;58;338;333
19;58;2170;333
31;58;274;333
32;58;308;333
35;58;342;333
44;58;274;333
46;58;300;383
49;58;273;333
50;58;1804;333
52;58;274;333
53;58;33;333
54;58;320;333
59;58;320;333
59;58;2183;333
62;58;2488;333
65;58;31;333
65;58;305;333
66;58;320;333
67;58;320;333
69;58;103;333
70;58;921;333
94;58;273;333
105;58;921;333
110;58;273;333
19;59;273;333
31;59;274;333
35;59;342;333
40;59;274;333
52;59;273;333
53;59;37;333
54;59;320;333
55;59;320;333
55;59;2853;105;data=1
56;59;320;333
57;59;320;333
58;59;320;333
59;59;320;333
59;59;2853;105;data=1
61;59;2850;333
64;59;2850;333
65;59;31;333
69;59;214;333
70;59;921;333
70;59;75;333
77;59;338;333
97;59;403;333
98;59;342;333
105;59;921;333
23;60;2805;333
23;60;12;333
27;60;2805;333
27;60;12;333
32;60;301;333
33;60;301;333
34;60;301;333
35;60;347;333
36;60;340;333
37;60;499;233;data=9011
38;60;901;233;data=9011
39;60;340;333
40;60;340;333
41;60;473;333
53;60;33;333
55;60;2850;333
56;60;2850;333
57;60;2850;333
58;60;2850;333
59;60;2850;333
65;60;31;333
65;60;321;333;data=8
70;60;921;333
70;60;36;333
70;60;2853;333
73;60;274;333
97;60;321;333;data=48
98;60;342;333
105;60;921;333
109;60;274;333
19;61;2170;333
32;61;301;333
34;61;2169;333
41;61;342;333
43;61;300;333
45;61;273;333
53;61;87;233
60;61;2876;333
62;61;2878;333
65;61;317;233
69;61;472;333
70;61;346;333
76;61;338;333
98;61;347;333
99;61;340;333
100;61;340;333
101;61;340;333
102;61;340;333
103;61;340;333
104;61;340;333
105;61;346;333
19;62;274;333
32;62;301;333
40;62;321;333;data=8
41;62;342;333
47;62;300;410
53;62;37;333
54;62;339;333
57;62;2876;333
59;62;2878;333
60;62;2876;333
61;62;2879;333
61;62;2854;105;data=1
62;62;2878;333
65;62;31;333
65;62;1367;333
66;62;320;333
68;62;213;333
69;62;921;333
69;62;169;333
73;62;1246;333
75;62;273;333
78;62;338;333
100;62;1791;333
101;62;1791;333
107;62;1246;333
15;63;1246;333
17;63;273;333
19;63;1246;333
30;63;301;333
31;63;301;333
32;63;301;333
34;63;308;333
40;63;403;333
41;63;342;333
43;63;274;333
47;63;273;333
48;63;274;333
53;63;33;333
54;63;339;333
57;63;2876;333
58;63;2879;333
59;63;2878;333
60;63;2876;333
62;63;2878;333
65;63;31;333
65;63;339;333
66;63;320;333
66;63;275;333
67;63;212;333
69;63;921;333
90;63;338;333
93;63;273;333
96;63;1817;333
99;63;274;333
102;63;1245;333
107;63;274;333
108;63;1817;333
15;64;1254;333
16;64;1245;333
17;64;301;333
18;64;301;333
19;64;301;333
20;64;301;333
21;64;301;333
22;64;301;333
23;64;301;333
24;64;301;333
25;64;301;333
26;64;301;333
27;64;301;333
28;64;1272;333
28;64;301;333
29;64;301;333
30;64;301;333
31;64;308;333
40;64;273;333
41;64;342;333
51;64;300;247
53;64;33;333
54;64;339;333
57;64;2876;333
58;64;2879;333
58;64;2854;105;data=1
59;64;2878;333
60;64;2876;333
61;64;2879;333
61;64;2854;105;data=1
62;64;2878;333
65;64;31;333
65;64;339;333
66;64;320;333
67;64;171;333
69;64;921;333
77;64;338;333
98;64;1246;333
101;64;273;333
103;64;1817;333
107;64;273;333
16;65;1246;333
17;65;338;333
22;65;308;333
25;65;308;333
41;65;347;333
42;65;340;333
43;65;340;333
44;65;340;333
45;65;340;333
46;65;473;333
53;65;33;333
54;65;339;333
65;65;31;333
65;65;339;333
66;65;340;333
67;65;340;333
68;65;340;333
69;65;346;333
72;65;914;333
75;65;274;333
76;65;1246;333
78;65;338;333
89;65;338;333
93;65;1245;333
96;65;338;333
105;65;274;333
110;65;338;333
19;66;273;333
23;66;274;333
26;66;274;333
30;66;274;333
31;66;274;333
32;66;308;333
46;66;347;333
47;66;340;333
48;66;340;333
49;66;340;333
50;66;340;333
51;66;340;333
52;66;340;333
53;66;33;333
54;66;339;333
65;66;31;333
65;66;339;333
67;66;914;333
78;66;338;333
82;66;338;333
91;66;338;333
92;66;338;333
94;66;607;333
95;66;338;333
97;66;338;333
19;67;273;333
21;67;274;333
27;67;308;333
28;67;1790;333
29;67;308;333
50;67;274;333
51;67;273;333
52;67;387;347
53;67;240;333
54;67;32;333
55;67;32;333
56;67;32;333
57;67;32;333
58;67;32;333
59;67;32;333
60;67;32;333
61;67;32;333
62;67;32;333
63;67;32;333
64;67;32;333
65;67;239;333
67;67;273;333
70;67;273;333
80;67;338;333
92;67;338;333
94;67;608;333
99;67;338;333
105;67;1817;333
107;67;274;333
108;67;1246;333
22;68;1807;333
26;68;1782;333
29;68;1782;333
40;68;1804;333
44;68;273;333
51;68;274;333
52;68;914;333
53;68;274;333
54;68;387;885
55;68;387;436
56;68;274;333
57;68;387;840
63;68;387;627
64;68;274;333
73;68;273;333
83;68;338;333
94;68;608;333
103;68;273;333
106;68;1245;333
16;69;338;333
20;69;308;333
24;69;274;333
38;69;1782;333
39;69;1782;333
47;69;1804;333
70;69;274;333
75;69;338;333
76;69;338;333
77;69;338;333
89;69;338;333
91;69;338;333
94;69;608;333
98;69;338;333
106;69;338;333
16;70;338;333
18;70;273;333
25;70;308;333
29;70;274;333
29;70;308;333
30;70;308;333
41;70;273;333
47;70;273;333
57;70;308;333
59;70;274;333
80;70;338;333
89;70;338;333
91;70;273;333
92;70;338;333
94;70;608;333
99;70;338;333
41;71;273;333
45;71;273;333
48;71;250;333
58;71;274;333
68;71;273;333
70;71;1246;333
71;71;274;333
81;71;338;333
88;71;338;333
93;71;914;333
94;71;612;333
96;71;338;333
99;71;338;333
16;72;338;333
20;72;308;333
25;72;308;333
28;72;1809;333
48;72;273;333
75;72;338;333
77;72;338;333
80;72;338;333
91;72;274;333
16;73;338;333
18;73;273;333
22;73;308;333
24;73;1272;333
27;73;308;333
33;73;14;227
45;73;274;333
50;73;273;333
57;73;1246;333
59;73;274;333
63;73;1245;333
77;73;338;333
87;73;338;333
92;73;914;333
93;73;273;333
20;74;1782;333
21;74;308;333
23;74;274;333
24;74;274;333
31;74;14;333
39;74;1782;333
45;74;914;333
49;74;1245;333
57;74;274;333
60;74;273;333
71;74;338;333
72;74;338;333
77;74;338;333
80;74;338;333
96;74;274;333
31;75;1782;333
41;75;308;333
50;75;274;333
63;75;274;333
66;75;338;333
68;75;338;333
69;75;338;333
84;75;338;333
86;75;338;333
97;75;914;333
98;75;273;333
100;75;338;333
15;76;338;333
24;76;1804;333
27;76;14;333
30;76;14;333
33;76;1804;333
45;76;273;333
51;76;274;333
53;76;273;333
57;76;274;333
63;76;273;333
66;76;338;333
67;76;338;333
71;76;338;333
76;76;338;333
95;76;915;333
18;77;1272;333
27;77;1782;333
38;77;273;333
58;77;915;333
66;77;338;333
67;77;338;333
91;77;1246;333
16;78;338;333
19;78;273;333
21;78;308;333
27;78;14;333
30;78;14;333
41;78;274;333
50;78;1246;333
52;78;274;333
59;78;274;333
68;78;338;333
83;78;338;333
86;78;915;333
88;78;1817;333
90;78;274;333
96;78;1817;333
99;78;273;333
16;79;338;333
24;79;1782;333
33;79;1246;333
35;79;274;333
61;79;1246;333
64;79;338;333
72;79;338;333
13;80;338;333
15;80;338;333
27;80;14;333
30;80;14;333
45;80;338;333
51;80;273;333
53;80;1245;333
63;80;273;333
65;80;338;333
89;80;2170;333
94;80;274;333
96;80;273;333
101;80;338;333
21;81;274;333
36;81;2170;333
39;81;914;333
43;81;274;333
46;81;338;333
55;81;274;333
58;81;273;333
87;81;273;333
89;81;2170;333
90;81;274;333
95;81;519;333
11;82;338;333
18;82;308;333
26;82;14;148
30;82;14;243
32;82;914;333
40;82;273;333
47;82;338;333
49;82;273;333
57;82;1246;333
60;82;274;333
64;82;274;333
80;82;338;333
82;82;338;333
98;82;338;333
11;83;338;333
22;83;274;333
24;83;308;333
34;83;274;333
38;83;273;333
47;83;338;333
48;83;338;333
54;83;274;333
57;83;1246;333
62;83;915;333
67;83;338;333
69;83;338;333
12;84;338;333
13;84;338;333
17;84;274;333
25;84;14;403
27;84;2169;333
32;84;14;911
44;84;338;333
45;84;338;333
48;84;338;333
52;84;273;333
64;84;273;333
80;84;338;333
84;84;915;333
90;84;1246;333
92;84;273;333
103;84;338;333
33;85;14;258
40;85;338;333
41;85;338;333
42;85;338;333
46;85;338;333
50;85;338;333
57;85;273;333
60;85;338;333
63;85;338;333
67;85;338;333
86;85;1817;333
97;85;338;333
103;85;338;333
18;86;308;333
19;86;273;333
24;86;274;333
28;86;14;971
37;86;273;333
40;86;338;333
47;86;338;333
52;86;915;333
55;86;338;333
58;86;338;333
60;86;338;333
80;86;338;333
85;86;274;333
87;86;274;333
94;86;274;333
102;86;915;333
12;87;338;333
20;87;1272;333
26;87;1246;333
27;87;1245;333
30;87;14;982
33;87;273;333
33;87;14;826
35;87;274;333
36;87;1246;333
38;87;338;333
48;87;338;333
49;87;273;333
50;87;338;333
55;87;338;333
58;87;338;333
79;87;338;333
82;87;274;333
100;87;273;333
22;88;1246;333
38;88;338;333
39;88;338;333
53;88;338;333
76;88;338;333
83;88;273;333
89;88;915;333
94;88;273;333
100;88;1245;333
13;89;338;333
14;89;338;333
17;89;274;333
21;89;274;333
27;89;1817;333
40;89;338;333
50;89;338;333
92;89;274;333
100;89;274;333
102;89;273;333
22;90;1272;333
29;90;273;333
29;90;14;352
33;90;14;403
34;90;274;333
42;90;338;333
52;90;338;333
81;90;1246;333
83;90;14;769
91;90;1246;333
94;90;338;333
95;90;338;333
97;90;338;333
25;91;274;333
41;91;338;333
70;91;338;333
80;91;1246;333
86;91;14;258
94;91;915;333
97;91;338;333
99;91;338;333
13;92;338;333
17;92;308;333
28;92;915;333
29;92;14;674
32;92;1246;333
66;92;338;333
71;92;338;333
76;92;338;333
97;92;338;333
20;93;915;333
21;93;273;333
22;93;273;333
26;93;1272;333
70;93;274;333
74;93;2170;333
79;93;14;957
81;93;274;333
82;93;14;124
90;93;273;333
93;93;338;333
16;94;274;333
29;94;14;171
33;94;1817;333
40;94;338;333
41;94;338;333
76;94;14;333;data=11
79;94;274;333
85;94;274;333
86;94;1817;333
91;94;274;333
94;94;273;333
95;94;338;333
12;95;338;333
23;95;1246;333
25;95;274;333
35;95;273;333
36;95;1817;333
39;95;338;333
40;95;274;333
59;95;338;333
62;95;338;333
64;95;338;333
76;95;274;333
28;96;14;917
32;96;14;404
36;96;915;333
39;96;274;333
56;96;338;333
74;96;14;780
76;96;308;333
82;96;274;333
83;96;914;333
84;96;14;333;data=11
84;96;14;330
86;96;14;575
88;96;1246;333
97;96;338;333
17;97;1272;333
18;97;2169;333
20;97;273;333
24;97;1246;333
32;97;1246;333
39;97;274;333
54;97;338;333
58;97;338;333
59;97;338;333
63;97;338;333
72;97;1246;333
73;97;274;333
81;97;14;224
21;98;274;333
28;98;14;904
32;98;914;333
34;98;273;333
36;98;338;333
40;98;338;333
45;98;338;333
46;98;338;333
48;98;338;333
52;98;338;333
56;98;338;333
79;98;14;689
98;98;338;333
13;99;338;333
24;99;308;333
35;99;2169;333
37;99;274;333
48;99;338;333
53;99;915;333
68;99;1817;333
71;99;274;333
77;99;14;511
83;99;273;333
87;99;274;333
88;99;274;333
92;99;308;333
94;99;274;333
29;100;14;910
32;100;274;333
44;100;338;333
45;100;274;333
46;100;338;333
48;100;338;333
51;100;338;333
65;100;14;996
67;100;1246;333
70;100;14;515
76;100;273;333
79;100;274;333
92;100;273;333
13;101;338;333
18;101;1276;333
27;101;1246;333
33;101;274;333
40;101;338;333
41;101;338;333
47;101;274;333
48;101;338;333
56;101;914;333
59;101;274;333
59;101;14;882
65;101;274;333
75;101;14;704
81;101;274;333
84;101;274;333
87;101;273;333
93;101;1246;333
12;102;338;333
21;102;1251;333
23;102;273;333
25;102;274;333
32;102;14;914
34;102;915;333
42;102;274;333
52;102;274;333
61;102;1817;333
73;102;14;411
74;102;274;333
87;102;1817;333
93;102;308;333
29;103;1272;333
38;103;274;333
47;103;274;333
56;103;274;333
59;103;915;333
69;103;273;333
71;103;14;358
75;103;914;333
76;103;1817;333
82;103;274;333
84;103;274;333
85;103;14;333;data=11
88;103;273;333
95;103;2169;333
13;104;338;333
17;104;915;333
20;104;2170;333
25;104;915;333
33;104;14;514
34;104;1817;333
44;104;274;333
55;104;1790;333
57;104;14;904
63;104;14;968
66;104;1782;333
67;104;14;406
70;104;1246;333
75;104;273;333
78;104;274;333
13;105;338;333
25;105;1817;333
29;105;914;333
30;105;14;312
35;105;274;333
41;105;274;333
47;105;1246;333
52;105;1817;333
54;105;14;528
56;105;273;333
72;105;274;333
74;105;338;333
86;105;338;333
88;105;338;333
14;106;338;333
17;106;1817;333
21;106;274;333
28;106;274;333
37;106;1246;333
44;106;273;333
49;106;274;333
52;106;274;333
61;106;14;838
83;106;338;333
84;106;338;333
88;106;338;333
89;106;338;333
17;107;273;333
22;107;274;333
30;107;14;152
34;107;14;539
43;107;914;333
45;107;14;994
47;107;14;405
49;107;14;533
59;107;14;451
65;107;274;333
71;107;338;333
76;107;338;333
18;108;1246;333
27;108;273;333
29;108;1246;333
36;108;274;333
37;108;14;264
39;108;14;165
41;108;14;847
58;108;274;333
63;108;1246;333
71;108;338;333
73;108;338;333
13;109;338;333
25;109;1246;333
31;109;274;333
32;109;14;759
54;109;1254;333
57;109;273;333
62;109;274;333
64;109;1246;333
66;109;1817;333
71;109;273;333
73;109;338;333
15;110;338;333
19;110;1272;333
20;110;1817;333
46;110;14;392
50;110;14;126
51;110;274;333
26;111;1817;333
36;111;14;233
38;111;14;168
40;111;14;750
41;111;273;333
43;111;14;648
48;111;1246;333
55;111;274;333
57;111;1817;333
60;111;338;333
73;111;273;333
13;112;338;333
20;112;274;333
22;112;273;333
27;112;274;333
30;112;1246;333
32;112;274;333
35;112;274;333
38;112;274;333
43;112;1246;333
46;112;1817;333
62;112;273;333
63;112;273;333
70;112;338;333
23;113;1251;333
30;113;273;333
32;113;1817;333
36;113;1246;333
54;113;1246;333
64;113;338;333
66;113;338;333
14;114;338;333
17;114;338;333
25;114;273;333
26;114;273;333
31;114;274;333
33;114;274;333
39;114;915;333
49;114;1817;333
51;114;338;333
62;114;338;333
63;114;338;333
31;115;274;333
33;115;914;333
37;115;273;333
43;115;273;333
48;115;1246;333
52;115;273;333
57;115;273;333
59;115;338;333
29;116;338;333
36;116;2169;333
40;116;274;333
45;116;274;333
55;116;338;333
20;117;338;333
25;117;338;333
43;117;338;333
55;117;338;333
29;118;338;333
33;118;274;333
41;119;338;333
46;119;338;333
51;119;338;333
33;120;338;333
36;120;274;333
36;122;338;333
37;122;338;333
