0;0;274;333
3;0;308;333
7;1;1783;333
12;1;1276;333
21;1;1257;333
34;1;1266;333
37;1;1813;333
40;1;203;333
0;2;1265;333
1;2;308;333
4;2;308;333
5;2;273;333
14;2;203;333
16;2;1276;333
26;2;203;333
35;2;274;333
38;2;914;333
39;2;274;333
2;3;1272;333
8;3;1783;333
12;3;1257;333
35;3;1265;333
1;4;273;333
3;4;1265;333
4;4;1251;333
5;4;1804;333
7;4;273;333
26;4;274;333
28;4;1246;333
30;4;914;333
32;4;1812;333
12;5;274;333
13;5;1257;333
20;5;203;333
0;6;308;333
14;6;203;333
32;6;274;333
4;7;1783;333
17;7;274;333
26;7;1812;333
29;7;1813;333
31;7;1265;333
33;7;1246;333
34;7;1812;333
0;8;1783;333
2;8;1804;333
16;8;1246;333
20;8;203;333
34;8;1265;333
1;9;273;333
2;9;1782;333
5;9;1782;333
23;9;274;333
24;9;1265;333
3;10;1783;333
8;10;1782;333
12;10;274;333
17;10;203;333
25;10;203;333
29;10;274;333
31;10;1813;333
3;11;1783;333
9;11;203;333
15;11;274;333
18;11;1257;333
22;11;1265;333
24;11;1782;333
27;11;1265;333
32;11;203;333
34;11;1783;333
31;12;1782;333
35;12;1266;333
0;13;1804;333
9;13;1276;333
14;13;1246;333
22;13;914;333
34;13;274;333
1;14;308;333
4;14;1265;333
14;14;1782;333
1;15;308;333
2;16;273;333
2;16;274;333
4;16;1783;333
37;16;338;333
39;16;1809;333
40;16;420;333
41;16;300;333
42;16;1783;333
44;16;300;333
46;16;586;333
48;16;1809;333
50;16;300;333
164;16;338;333
169;16;338;333
172;16;422;333
3;17;1251;333
40;17;300;333
47;17;422;333
49;17;586;333
110;17;627;333
113;17;630;333
114;17;630;333
115;17;630;333
116;17;630;333
117;17;630;333
118;17;630;333
119;17;630;333
120;17;630;333
121;17;630;333
122;17;630;333
123;17;630;333
124;17;630;333
167;17;422;333
168;17;320;333
168;17;353;333
169;17;320;333
169;17;2277;333
171;17;274;333
172;17;14;333
0;18;308;333
24;18;338;333
36;18;338;333
38;18;540;333
40;18;273;333
42;18;1266;333
45;18;1782;333
47;18;300;333
51;18;1783;333
110;18;629;333
111;18;630;333
112;18;630;333
113;18;630;333
114;18;630;333
115;18;630;333
116;18;630;333
117;18;630;333
118;18;630;333
119;18;630;333
120;18;630;333
121;18;630;333
122;18;630;333
123;18;630;333
124;18;630;333
125;18;630;333
160;18;301;333
161;18;301;333
164;18;407;333
165;18;301;333
166;18;301;333
172;18;119;333
173;18;14;333
176;18;338;333
5;19;273;333
25;19;579;333
27;19;584;333
31;19;616;333
32;19;616;333
37;19;1782;333
40;19;1783;333
109;19;627;333
111;19;630;333
112;19;630;333
113;19;630;333
114;19;630;333
115;19;630;333
116;19;630;333
117;19;630;333
118;19;630;333
119;19;630;333
120;19;630;333
121;19;630;333
122;19;630;333
123;19;630;333
124;19;630;333
125;19;630;333
126;19;630;333
127;19;630;333
160;19;301;333
166;19;301;333
170;19;1782;333
173;19;422;333
0;20;1782;333
2;20;1804;333
5;20;1783;333
6;20;308;333
11;20;274;333
13;20;1783;333
19;20;301;333
22;20;1245;333
31;20;615;333
32;20;615;333
36;20;220;333
36;20;1862;333
48;20;1266;333
49;20;420;333
53;20;1809;333
109;20;629;333
110;20;630;333
111;20;630;333
112;20;630;333
113;20;630;333
114;20;630;333
115;20;630;333
116;20;630;333
117;20;630;333
118;20;630;333
119;20;630;333
120;20;630;333
121;20;630;333
122;20;630;333
123;20;630;333
124;20;630;333
125;20;630;333
126;20;630;333
127;20;630;333
157;20;14;333
158;20;274;333
159;20;407;333
162;20;2805;333
164;20;2805;333
173;20;1783;333
0;21;1265;333
8;21;308;333
15;21;308;333
20;21;1272;333
24;21;338;333
25;21;1266;333
31;21;616;333
32;21;616;333
33;21;619;333
34;21;620;333
35;21;618;333
45;21;1783;333
50;21;300;333
102;21;338;333
104;21;1809;333
108;21;421;333
110;21;630;333
111;21;630;333
112;21;630;333
113;21;630;333
114;21;630;333
115;21;630;333
116;21;630;333
117;21;630;333
118;21;630;333
119;21;630;333
120;21;630;333
121;21;628;333
122;21;628;333
123;21;622;333
124;21;629;333
125;21;629;333
126;21;630;333
127;21;630;333
158;21;273;333
6;22;1783;333
11;22;273;333
12;22;1273;333
21;22;1804;333
24;22;273;333
31;22;616;333
32;22;616;333
33;22;619;333
34;22;620;333
35;22;618;333
52;22;586;333
102;22;421;333
104;22;1783;333
110;22;623;333
111;22;630;333
112;22;630;333
113;22;630;333
114;22;630;333
115;22;630;333
116;22;630;333
117;22;630;333
118;22;630;333
120;22;629;333
121;22;1246;333
122;22;914;333
123;22;1245;333
124;22;1246;333
125;22;626;333
126;22;630;333
127;22;630;333
158;22;14;333
162;22;2805;333
164;22;2805;333
166;22;422;333
168;22;2169;333
169;22;2169;333
176;22;338;333
1;23;308;333
2;23;1782;333
5;23;273;333
19;23;273;333
22;23;274;333
23;23;1783;333
25;23;308;333
31;23;615;333
32;23;615;333
35;23;1782;333
36;23;273;333
52;23;421;333
53;23;1783;333
103;23;274;333
105;23;586;333
109;23;627;333
110;23;626;333
111;23;630;333
112;23;630;333
113;23;630;333
114;23;630;333
115;23;630;333
116;23;630;333
117;23;630;333
118;23;628;333
119;23;1273;333
120;23;1245;333
121;23;1273;333
124;23;1245;333
125;23;914;333
126;23;629;333
127;23;630;333
160;23;301;333
161;23;407;333
166;23;301;333
174;23;2207;333
1;24;273;333
3;24;308;333
7;24;308;333
11;24;308;333
14;24;1783;333
15;24;308;333
16;24;308;333
20;24;301;333
31;24;616;333
32;24;616;333
37;24;420;333
46;24;273;333
47;24;1783;333
53;24;1807;333
54;24;274;333
103;24;586;333
105;24;1782;333
108;24;273;333
109;24;623;333
110;24;630;333
111;24;630;333
112;24;630;333
113;24;630;333
114;24;630;333
115;24;630;333
116;24;630;333
125;24;1246;333
126;24;626;333
127;24;630;333
159;24;407;333
160;24;301;333
161;24;301;333
165;24;301;333
166;24;301;333
169;24;2488;333
169;24;12;333
171;24;2170;333
173;24;407;333
5;25;308;333
8;25;308;333
10;25;308;333
12;25;301;333
19;25;1272;333
25;25;1783;333
26;25;2170;333
27;25;273;333
35;25;338;333
37;25;586;333
38;25;586;333
40;25;422;333
50;25;1266;333
52;25;422;333
54;25;14;333
56;25;14;333
101;25;338;333
107;25;1783;333
109;25;1807;333
110;25;629;333
111;25;626;333
112;25;622;333
113;25;629;333
114;25;630;333
115;25;630;333
116;25;630;333
122;25;914;333
122;25;12;333
124;25;914;333
125;25;627;333
126;25;630;333
127;25;630;333
160;25;1782;333
166;25;273;333
171;25;2170;333
2;26;308;333
7;26;1265;333
10;26;274;333
15;26;273;333
20;26;1245;333
27;26;1265;333
27;26;1783;333
37;26;338;333
40;26;1783;333
41;26;300;333
44;26;420;333
52;26;1782;333
55;26;1782;333
113;26;627;333
114;26;630;333
115;26;630;333
116;26;630;333
124;26;1273;333
125;26;626;333
126;26;630;333
127;26;630;333
162;26;338;333
169;26;1783;333
0;27;1804;333
1;27;1783;333
3;27;308;333
6;27;274;333
14;27;1273;333
16;27;308;333
22;27;1272;333
25;27;1817;333
27;27;1272;333
38;27;273;333
39;27;592;333
102;27;301;333
103;27;301;333
104;27;422;333
107;27;301;333
108;27;301;333
113;27;623;333
114;27;630;333
115;27;630;333
116;27;630;333
118;27;914;333
124;27;1246;333
125;27;914;333
126;27;629;333
127;27;630;333
169;27;586;333
170;27;274;333
173;27;338;333
5;28;1782;333
6;28;273;333
7;28;308;333
11;28;308;333
12;28;308;333
20;28;1804;333
25;28;273;333
38;28;1783;333
39;28;542;333
53;28;1807;333
54;28;273;333
54;28;1809;333
55;28;274;333
102;28;301;333
108;28;301;333
111;28;914;333
111;28;12;333
112;28;629;333
113;28;628;333
114;28;287;333
115;28;630;333
127;28;630;333
1;29;308;333
16;29;1783;333
18;29;273;333
21;29;1783;333
42;29;586;333
43;29;422;333
51;29;586;333
54;29;1783;333
57;29;627;333
100;29;338;333
104;29;2805;333
106;29;2805;333
114;29;597;333
115;29;597;333
122;29;914;333
122;29;12;333
126;29;630;333
127;29;630;333
1;30;308;333
9;30;274;333
19;30;273;333
40;30;1809;333
46;30;421;333
53;30;14;333
55;30;627;333
57;30;623;333
58;30;630;333
59;30;630;333
60;30;630;333
61;30;630;333
62;30;630;333
63;30;630;333
64;30;630;333
65;30;630;333
66;30;630;333
67;30;630;333
68;30;630;333
69;30;630;333
70;30;630;333
71;30;630;333
72;30;630;333
73;30;630;333
74;30;630;333
114;30;598;333
115;30;598;333
126;30;630;333
127;30;630;333
0;31;1783;333
2;31;308;333
15;31;274;333
19;31;1251;333
21;31;1783;333
41;31;338;333
51;31;405;333
55;31;629;333
56;31;630;333
57;31;630;333
58;31;630;333
59;31;630;333
60;31;630;333
61;31;630;333
62;31;630;333
63;31;630;333
64;31;630;333
65;31;630;333
66;31;630;333
67;31;630;333
68;31;630;333
69;31;630;333
70;31;630;333
71;31;630;333
72;31;630;333
73;31;630;333
74;31;630;333
101;31;274;333
104;31;2805;333
106;31;2805;333
113;31;627;333
114;31;287;333
115;31;630;333
116;31;630;333
117;31;630;333
122;31;630;333
123;31;630;333
124;31;630;333
125;31;630;333
126;31;630;333
127;31;630;333
3;32;308;333
11;32;1804;333
42;32;14;333
52;32;627;333
55;32;629;333
56;32;630;333
57;32;630;333
58;32;630;333
59;32;630;333
60;32;630;333
61;32;630;333
62;32;630;333
63;32;630;333
64;32;630;333
65;32;630;333
66;32;630;333
67;32;630;333
68;32;630;333
69;32;630;333
70;32;630;333
71;32;630;333
72;32;630;333
73;32;630;333
74;32;630;333
102;32;301;333
108;32;301;333
111;32;506;333
113;32;623;333
114;32;630;333
115;32;630;333
116;32;630;333
117;32;630;333
118;32;630;333
119;32;630;333
120;32;630;333
121;32;630;333
122;32;630;333
123;32;630;333
124;32;630;333
125;32;630;333
126;32;630;333
127;32;630;333
0;33;274;333
5;33;1804;333
42;33;1809;333
50;33;627;333
52;33;629;333
53;33;630;333
54;33;630;333
55;33;630;333
56;33;630;333
57;33;630;333
58;33;630;333
59;33;630;333
60;33;630;333
61;33;630;333
62;33;630;333
63;33;630;333
64;33;630;333
65;33;630;333
66;33;630;333
67;33;630;333
68;33;630;333
69;33;630;333
70;33;630;333
71;33;630;333
72;33;630;333
73;33;630;333
74;33;630;333
102;33;301;333
103;33;301;333
104;33;422;333
107;33;301;333
108;33;301;333
110;33;52;333
111;33;2763;333
113;33;629;333
114;33;630;333
115;33;630;333
116;33;630;333
117;33;630;333
118;33;630;333
119;33;630;333
120;33;630;333
121;33;630;333
122;33;630;333
123;33;630;333
124;33;630;333
125;33;630;333
126;33;630;333
127;33;630;333
7;34;1782;333
9;34;274;333
11;34;1783;333
49;34;627;333
50;34;629;333
51;34;630;333
52;34;630;333
53;34;630;333
54;34;630;333
55;34;630;333
56;34;630;333
57;34;630;333
58;34;630;333
59;34;630;333
60;34;630;333
61;34;630;333
62;34;630;333
63;34;630;333
64;34;630;333
65;34;630;333
66;34;630;333
67;34;630;333
68;34;630;333
69;34;630;333
70;34;630;333
71;34;630;333
72;34;630;333
73;34;630;333
74;34;630;333
107;34;273;333
110;34;1783;333
111;34;421;333
114;34;626;333
115;34;628;333
116;34;622;333
117;34;622;333
118;34;626;333
119;34;629;333
120;34;627;333
122;34;622;333
123;34;629;333
124;34;622;333
125;34;629;333
126;34;629;333
127;34;629;333
128;34;628;333
2;35;1782;333
5;35;273;333
28;35;627;333
49;35;623;333
50;35;630;333
51;35;630;333
52;35;630;333
53;35;630;333
54;35;630;333
55;35;630;333
56;35;630;333
57;35;630;333
58;35;630;333
59;35;630;333
60;35;630;333
61;35;630;333
62;35;630;333
63;35;630;333
64;35;630;333
65;35;630;333
66;35;630;333
67;35;630;333
68;35;630;333
69;35;630;333
70;35;630;333
71;35;630;333
72;35;630;333
73;35;630;333
74;35;630;333
103;35;338;333
112;35;338;333
117;35;626;333
118;35;626;333
120;35;623;333
126;35;629;333
1;36;273;333
3;36;1265;333
4;36;1783;333
28;36;623;333
29;36;630;333
30;36;630;333
49;36;627;333
50;36;629;333
51;36;630;333
52;36;630;333
53;36;630;333
54;36;630;333
55;36;630;333
56;36;630;333
57;36;630;333
58;36;630;333
59;36;630;333
60;36;630;333
61;36;630;333
62;36;630;333
63;36;630;333
64;36;630;333
65;36;630;333
66;36;630;333
67;36;630;333
68;36;630;333
69;36;630;333
70;36;630;333
71;36;630;333
72;36;630;333
73;36;630;333
74;36;630;333
120;36;629;333
121;36;628;333
2;37;274;333
28;37;623;333
29;37;630;333
30;37;630;333
31;37;627;333
40;37;405;333
48;37;627;333
49;37;629;333
50;37;630;333
51;37;630;333
52;37;630;333
53;37;630;333
54;37;630;333
55;37;630;333
56;37;630;333
57;37;630;333
58;37;630;333
59;37;630;333
60;37;630;333
61;37;630;333
62;37;630;333
63;37;630;333
64;37;630;333
65;37;630;333
66;37;630;333
67;37;630;333
68;37;630;333
69;37;630;333
70;37;630;333
71;37;630;333
72;37;630;333
73;37;630;333
74;37;630;333
1;38;274;333
27;38;627;333
28;38;623;333
29;38;630;333
30;38;630;333
31;38;630;333
32;38;628;333
40;38;586;333
47;38;586;333
48;38;623;333
49;38;630;333
50;38;630;333
51;38;630;333
52;38;630;333
53;38;630;333
54;38;630;333
55;38;630;333
56;38;630;333
57;38;630;333
58;38;630;333
59;38;630;333
60;38;630;333
61;38;630;333
62;38;630;333
63;38;630;333
64;38;630;333
65;38;630;333
66;38;630;333
67;38;630;333
68;38;630;333
69;38;630;333
70;38;630;333
71;38;630;333
72;38;630;333
73;38;630;333
74;38;630;333
27;39;629;333
28;39;630;333
29;39;630;333
30;39;630;333
31;39;630;333
32;39;630;333
33;39;630;333
34;39;630;333
48;39;623;333
49;39;630;333
50;39;630;333
51;39;630;333
52;39;630;333
53;39;630;333
54;39;630;333
55;39;630;333
56;39;630;333
57;39;630;333
58;39;630;333
59;39;630;333
60;39;630;333
61;39;630;333
62;39;630;333
63;39;630;333
64;39;630;333
65;39;630;333
66;39;630;333
67;39;630;333
68;39;630;333
69;39;630;333
70;39;630;333
71;39;630;333
72;39;630;333
73;39;630;333
74;39;630;333
27;40;490;333
28;40;629;333
29;40;630;333
30;40;630;333
31;40;630;333
32;40;630;333
33;40;630;333
34;40;630;333
35;40;630;333
36;40;630;333
47;40;627;333
48;40;629;333
49;40;630;333
50;40;630;333
51;40;630;333
52;40;630;333
53;40;630;333
54;40;630;333
55;40;630;333
56;40;630;333
57;40;630;333
58;40;630;333
59;40;630;333
60;40;630;333
61;40;630;333
62;40;630;333
63;40;630;333
64;40;630;333
65;40;630;333
66;40;630;333
67;40;630;333
68;40;630;333
69;40;630;333
70;40;630;333
71;40;630;333
72;40;630;333
73;40;630;333
74;40;630;333
27;41;343;333
29;41;626;333
30;41;622;333
31;41;630;333
32;41;630;333
33;41;630;333
34;41;630;333
35;41;630;333
36;41;630;333
38;41;273;333
42;41;1782;333
44;41;627;333
47;41;623;333
48;41;630;333
49;41;630;333
50;41;630;333
51;41;630;333
52;41;630;333
53;41;630;333
54;41;630;333
55;41;630;333
56;41;630;333
57;41;630;333
58;41;630;333
59;41;630;333
60;41;630;333
61;41;630;333
62;41;630;333
63;41;630;333
64;41;630;333
65;41;630;333
66;41;630;333
67;41;630;333
68;41;630;333
69;41;630;333
70;41;630;333
71;41;630;333
72;41;630;333
73;41;630;333
74;41;630;333
27;42;343;333
31;42;629;333
32;42;622;333
33;42;629;333
34;42;630;333
35;42;630;333
36;42;630;333
44;42;629;333
45;42;628;333
47;42;623;333
48;42;630;333
49;42;630;333
50;42;630;333
51;42;630;333
52;42;630;333
53;42;630;333
54;42;630;333
55;42;630;333
56;42;630;333
57;42;630;333
58;42;630;333
59;42;630;333
60;42;630;333
61;42;630;333
62;42;630;333
63;42;630;333
64;42;630;333
65;42;630;333
66;42;630;333
67;42;630;333
68;42;630;333
69;42;630;333
70;42;630;333
71;42;630;333
72;42;630;333
73;42;630;333
74;42;630;333
27;43;343;333
31;43;412;333
34;43;629;333
35;43;630;333
36;43;629;333
37;43;628;333
39;43;1783;333
44;43;308;333
45;43;1817;333
47;43;623;333
48;43;630;333
49;43;630;333
50;43;630;333
51;43;630;333
52;43;630;333
53;43;630;333
54;43;630;333
55;43;630;333
56;43;630;333
57;43;630;333
58;43;630;333
59;43;630;333
60;43;630;333
61;43;630;333
62;43;630;333
63;43;630;333
64;43;630;333
65;43;630;333
66;43;630;333
67;43;630;333
68;43;630;333
69;43;630;333
70;43;630;333
71;43;630;333
72;43;630;333
73;43;630;333
74;43;630;333
27;44;343;333
34;44;492;333
35;44;622;333
36;44;628;333
46;44;308;333
47;44;626;333
48;44;630;333
49;44;630;333
50;44;630;333
51;44;630;333
52;44;630;333
53;44;630;333
54;44;630;333
55;44;630;333
56;44;630;333
57;44;630;333
58;44;630;333
59;44;630;333
60;44;630;333
61;44;630;333
62;44;630;333
63;44;630;333
64;44;630;333
65;44;630;333
66;44;630;333
67;44;630;333
68;44;630;333
69;44;630;333
70;44;630;333
71;44;630;333
72;44;630;333
73;44;630;333
74;44;630;333
27;45;343;333
34;45;492;333
44;45;680;333
45;45;633;333
46;45;633;333
46;45;210;333
47;45;633;333
48;45;629;333
49;45;622;333
50;45;630;333
51;45;630;333
52;45;630;333
53;45;630;333
54;45;630;333
55;45;630;333
56;45;630;333
57;45;630;333
58;45;630;333
59;45;630;333
60;45;630;333
61;45;630;333
62;45;630;333
63;45;630;333
64;45;630;333
65;45;630;333
66;45;630;333
67;45;630;333
68;45;630;333
69;45;630;333
70;45;630;333
71;45;630;333
72;45;630;333
73;45;630;333
74;45;630;333
27;46;343;333
34;46;492;333
34;46;410;333
44;46;634;333
47;46;513;333
48;46;2836;333
49;46;75;333
50;46;623;333
51;46;630;333
52;46;630;333
53;46;630;333
54;46;630;333
55;46;630;333
56;46;630;333
57;46;630;333
58;46;630;333
59;46;630;333
60;46;630;333
61;46;630;333
62;46;630;333
63;46;630;333
64;46;630;333
65;46;630;333
66;46;630;333
67;46;630;333
68;46;630;333
69;46;630;333
70;46;630;333
71;46;630;333
72;46;630;333
73;46;630;333
74;46;630;333
27;47;343;333
34;47;492;333
42;47;914;333
42;47;12;333
43;47;273;333
44;47;634;333
46;47;220;333
49;47;51;333
50;47;629;333
51;47;630;333
52;47;630;333
53;47;630;333
54;47;630;333
55;47;630;333
56;47;630;333
57;47;630;333
58;47;630;333
59;47;630;333
60;47;630;333
61;47;630;333
62;47;630;333
63;47;630;333
64;47;630;333
65;47;630;333
66;47;630;333
67;47;630;333
68;47;630;333
69;47;630;333
70;47;630;333
71;47;630;333
72;47;630;333
73;47;630;333
74;47;630;333
27;48;343;333
34;48;492;333
36;48;273;333
43;48;1783;333
44;48;634;333
49;48;172;333
50;48;627;333
51;48;630;333
52;48;630;333
53;48;630;333
54;48;630;333
55;48;630;333
56;48;630;333
57;48;630;333
58;48;630;333
59;48;630;333
60;48;630;333
61;48;630;333
62;48;630;333
63;48;630;333
64;48;630;333
65;48;630;333
66;48;630;333
67;48;630;333
68;48;630;333
69;48;630;333
70;48;630;333
71;48;630;333
72;48;630;333
73;48;630;333
74;48;630;333
27;49;343;333
29;49;407;333
34;49;492;333
41;49;2863;333
44;49;634;333
49;49;2906;333
50;49;623;333
51;49;630;333
52;49;630;333
53;49;630;333
54;49;630;333
55;49;630;333
56;49;630;333
57;49;630;333
58;49;630;333
59;49;630;333
60;49;630;333
61;49;630;333
62;49;630;333
63;49;630;333
64;49;630;333
65;49;630;333
66;49;630;333
67;49;630;333
68;49;630;333
69;49;630;333
70;49;630;333
71;49;630;333
72;49;630;333
73;49;630;333
74;49;630;333
27;50;343;333
34;50;492;333
34;50;408;333
44;50;666;333
49;50;172;333
50;50;629;333
51;50;630;333
52;50;630;333
53;50;630;333
54;50;630;333
55;50;630;333
56;50;630;333
57;50;630;333
58;50;630;333
59;50;630;333
60;50;630;333
61;50;630;333
62;50;630;333
63;50;630;333
64;50;630;333
65;50;630;333
66;50;630;333
67;50;630;333
68;50;630;333
69;50;630;333
70;50;630;333
71;50;630;333
72;50;630;333
73;50;630;333
74;50;630;333
27;51;344;333
28;51;341;333
29;51;341;333
30;51;341;333
31;51;341;333
32;51;341;333
33;51;341;333
34;51;491;333
36;51;1782;333
44;51;662;333
50;51;514;333
51;51;623;333
52;51;630;333
53;51;630;333
54;51;630;333
55;51;630;333
56;51;630;333
57;51;630;333
58;51;630;333
59;51;630;333
60;51;630;333
61;51;630;333
62;51;630;333
63;51;630;333
64;51;630;333
65;51;630;333
66;51;630;333
67;51;630;333
68;51;630;333
69;51;630;333
70;51;630;333
71;51;630;333
72;51;630;333
73;51;630;333
74;51;630;333
171;51;14;333
44;52;634;333
47;52;524;333
47;52;186;333
47;52;2658;333
49;52;914;333
49;52;12;333
51;52;623;333
52;52;630;333
53;52;630;333
54;52;630;333
55;52;630;333
56;52;630;333
57;52;630;333
58;52;630;333
59;52;630;333
60;52;630;333
61;52;630;333
62;52;630;333
63;52;630;333
64;52;630;333
65;52;630;333
66;52;630;333
67;52;630;333
68;52;630;333
69;52;630;333
70;52;630;333
71;52;630;333
72;52;630;333
73;52;630;333
74;52;630;333
169;52;338;333
171;52;14;333
172;52;421;333
173;52;14;333
175;52;14;333
40;53;1257;333
42;53;914;333
42;53;12;333
44;53;634;333
50;53;220;333
50;53;917;333
51;53;623;333
52;53;630;333
53;53;630;333
54;53;630;333
55;53;630;333
56;53;630;333
57;53;630;333
58;53;630;333
59;53;630;333
60;53;630;333
61;53;630;333
62;53;630;333
63;53;630;333
64;53;630;333
65;53;630;333
66;53;630;333
67;53;630;333
68;53;630;333
69;53;630;333
70;53;630;333
71;53;630;333
72;53;630;333
73;53;630;333
74;53;630;333
171;53;1782;333
173;53;273;333
176;53;14;333
32;54;1817;333
43;54;1783;333
44;54;634;333
45;54;220;333
49;54;513;333
50;54;627;333
51;54;623;333
52;54;630;333
53;54;630;333
54;54;630;333
55;54;630;333
56;54;630;333
57;54;630;333
58;54;630;333
59;54;630;333
60;54;630;333
61;54;630;333
62;54;630;333
63;54;622;333
64;54;629;333
65;54;622;333
66;54;629;333
67;54;622;333
68;54;630;333
69;54;622;333
70;54;622;333
71;54;622;333
72;54;630;333
73;54;630;333
74;54;630;333
166;54;301;333
167;54;301;333
168;54;301;333
169;54;301;333
172;54;14;333
174;54;1783;333
176;54;273;333
30;55;308;333
31;55;1782;333
32;55;308;333
34;55;1783;333
44;55;682;333
45;55;632;333
46;55;690;333
47;55;513;333
49;55;627;333
50;55;629;333
51;55;630;333
52;55;630;333
53;55;630;333
54;55;630;333
55;55;630;333
56;55;630;333
57;55;630;333
58;55;630;333
59;55;630;333
60;55;630;333
61;55;630;333
65;55;412;333
68;55;629;333
69;55;628;333
72;55;629;333
73;55;630;333
74;55;630;333
160;55;1783;333
163;55;338;333
165;55;273;333
166;55;724;333
168;55;407;333
169;55;301;333
174;55;14;333
175;55;14;333
176;55;1782;333
177;55;14;333
46;56;634;333
47;56;513;333
48;56;627;333
50;56;630;333
51;56;630;333
52;56;630;333
53;56;630;333
54;56;630;333
55;56;630;333
56;56;630;333
57;56;630;333
58;56;630;333
59;56;630;333
60;56;630;333
61;56;630;333
66;56;3101;333
69;56;413;333
72;56;410;333
73;56;623;333
74;56;630;333
165;56;407;333
169;56;301;333
172;56;14;333
177;56;14;333
29;57;1783;333
31;57;308;333
42;57;1783;333
43;57;308;333
46;57;682;333
47;57;627;333
48;57;629;333
49;57;630;333
50;57;630;333
51;57;630;333
52;57;630;333
53;57;630;333
54;57;630;333
55;57;630;333
56;57;630;333
57;57;630;333
58;57;630;333
59;57;630;333
60;57;630;333
61;57;630;333
68;57;3101;333
69;57;3101;333
73;57;629;333
74;57;630;333
159;57;301;333
160;57;301;333
163;57;420;333
164;57;301;333
165;57;301;333
168;57;725;333
169;57;301;333
172;57;1783;333
174;57;14;333
176;57;14;333
32;58;420;333
43;58;1817;333
47;58;623;333
48;58;630;333
49;58;630;333
50;58;630;333
51;58;630;333
52;58;630;333
53;58;630;333
54;58;630;333
55;58;630;333
56;58;630;333
57;58;630;333
58;58;630;333
59;58;630;333
60;58;630;333
61;58;630;333
68;58;2937;333
70;58;407;333
73;58;623;333
74;58;630;333
159;58;301;333
165;58;301;333
174;58;14;333
175;58;273;333
38;59;1782;333
42;59;308;333
43;59;1782;333
44;59;308;333
47;59;629;333
48;59;630;333
49;59;630;333
50;59;630;333
51;59;630;333
52;59;630;333
53;59;630;333
54;59;630;333
55;59;630;333
56;59;630;333
57;59;630;333
58;59;630;333
59;59;630;333
60;59;630;333
61;59;630;333
73;59;630;333
74;59;630;333
157;59;1782;333
161;59;2805;333
163;59;2805;333
168;59;1783;333
172;59;14;333
173;59;421;333
176;59;14;333
28;60;308;333
29;60;1817;333
43;60;273;333
47;60;627;333
48;60;630;333
49;60;630;333
50;60;630;333
51;60;630;333
52;60;630;333
53;60;630;333
54;60;630;333
55;60;630;333
56;60;630;333
57;60;630;333
58;60;630;333
59;60;630;333
60;60;630;333
61;60;630;333
62;60;630;333
63;60;630;333
64;60;630;333
65;60;3100;333
66;60;3099;333
67;60;3098;333
68;60;3097;333
69;60;627;333
70;60;630;333
71;60;630;333
72;60;630;333
73;60;630;333
74;60;630;333
109;60;1809;333
115;60;300;333
158;60;273;333
172;60;273;333
173;60;14;333
175;60;1782;333
177;60;338;333
28;61;1782;333
29;61;308;333
30;61;308;333
42;61;1783;333
47;61;623;333
48;61;630;333
49;61;630;333
50;61;630;333
51;61;630;333
52;61;630;333
53;61;630;333
54;61;630;333
55;61;630;333
56;61;630;333
57;61;630;333
58;61;630;333
59;61;630;333
60;61;629;333
61;61;629;333
62;61;630;333
63;61;622;333
64;61;622;333
68;61;2038;333
69;61;623;333
70;61;630;333
71;61;630;333
72;61;630;333
73;61;630;333
74;61;630;333
113;61;405;333
114;61;274;333
161;61;2805;333
163;61;2805;333
165;61;420;333
169;61;36;333
169;61;2786;333
31;62;308;333
41;62;420;333
47;62;623;333
48;62;630;333
49;62;630;333
50;62;630;333
51;62;630;333
52;62;630;333
53;62;630;333
54;62;630;333
55;62;630;333
56;62;630;333
57;62;630;333
58;62;630;333
60;62;411;333
61;62;292;333
62;62;628;333
63;62;412;333
69;62;626;333
70;62;622;333
71;62;622;333
72;62;630;333
73;62;630;333
74;62;630;333
106;62;1783;333
107;62;300;333
115;62;30;333
115;62;263;333
116;62;30;333
116;62;276;333
117;62;30;333
118;62;242;333
157;62;338;333
159;62;301;333
160;62;420;333
165;62;301;333
169;62;1362;333
174;62;338;333
28;63;1783;333
29;63;308;333
44;63;308;333
45;63;1782;333
47;63;626;333
48;63;630;333
49;63;630;333
50;63;630;333
51;63;630;333
52;63;630;333
53;63;630;333
54;63;630;333
55;63;630;333
56;63;630;333
57;63;630;333
69;63;411;333
70;63;2905;333
72;63;629;333
73;63;630;333
74;63;630;333
101;63;300;333
103;63;301;333
104;63;301;333
108;63;301;333
109;63;301;333
110;63;420;333
113;63;320;333
113;63;45;333
114;63;320;333
114;63;284;333
117;63;270;333
118;63;31;333
118;63;1862;333
159;63;301;333
160;63;301;333
164;63;301;333
165;63;301;333
167;63;214;333
168;63;1862;333
171;63;338;333
31;64;274;333
41;64;308;333
44;64;273;333
45;64;1817;333
47;64;629;333
48;64;630;333
49;64;630;333
50;64;630;333
51;64;630;333
52;64;630;333
53;64;630;333
54;64;630;333
55;64;630;333
56;64;630;333
57;64;630;333
72;64;408;333
73;64;630;333
74;64;630;333
101;64;1782;333
103;64;301;333
104;64;420;333
109;64;301;333
110;64;1782;333
113;64;320;333
113;64;285;333
114;64;320;333
114;64;197;333
117;64;214;333
118;64;31;333
27;65;1272;333
28;65;1817;333
29;65;273;333
31;65;308;333
33;65;420;333
48;65;629;333
49;65;630;333
50;65;630;333
51;65;630;333
52;65;630;333
53;65;630;333
54;65;630;333
55;65;630;333
56;65;630;333
57;65;630;333
73;65;626;333
74;65;630;333
103;65;1791;333
105;65;2805;333
107;65;2805;333
118;65;31;333
31;66;1783;333
35;66;308;333
44;66;1783;333
46;66;308;333
49;66;629;333
50;66;630;333
51;66;630;333
52;66;630;333
53;66;630;333
54;66;630;333
55;66;630;333
56;66;630;333
57;66;630;333
62;66;627;333
63;66;630;333
64;66;630;333
65;66;630;333
74;66;630;333
103;66;1791;333
117;66;270;333
118;66;31;333
118;66;1862;333
45;67;420;333
50;67;629;333
51;67;630;333
52;67;630;333
53;67;630;333
54;67;630;333
55;67;630;333
56;67;630;333
60;67;35;333
62;67;626;333
63;67;630;333
64;67;630;333
65;67;630;333
66;67;630;333
67;67;630;333
74;67;630;333
74;67;630;333
103;67;1791;333
105;67;2805;333
107;67;2805;333
111;67;273;333
113;67;1783;333
115;67;262;333
117;67;214;333
118;67;31;333
118;67;261;333
118;67;275;333
32;68;308;333
37;68;1266;333
51;68;623;333
52;68;630;333
53;68;630;333
54;68;630;333
55;68;630;333
56;68;630;333
62;68;75;333
63;68;623;333
64;68;630;333
65;68;630;333
66;68;630;333
67;68;630;333
74;68;630;333
103;68;301;333
104;68;420;333
109;68;301;333
114;68;405;333
119;68;273;333
30;69;1266;333
50;69;625;333
51;69;630;333
52;69;630;333
53;69;630;333
54;69;630;333
55;69;630;333
56;69;630;333
62;69;2908;333
62;69;1862;333
63;69;629;333
64;69;630;333
65;69;630;333
65;69;630;333
65;69;630;333
66;69;630;333
67;69;630;333
68;69;630;333
69;69;630;333
73;69;630;333
74;69;630;333
102;69;273;333
103;69;301;333
104;69;301;333
108;69;301;333
109;69;301;333
116;69;1782;333
29;70;273;333
32;70;1783;333
40;70;1782;333
51;70;630;333
52;70;630;333
53;70;622;333
53;70;630;333
54;70;626;333
54;70;630;333
55;70;630;333
56;70;630;333
63;70;629;333
64;70;630;333
64;70;630;333
64;70;630;333
64;70;630;333
64;70;630;333
64;70;630;333
65;70;630;333
65;70;630;333
65;70;630;333
66;70;630;333
67;70;626;333
68;70;626;333
69;70;629;333
70;70;630;333
71;70;599;333
72;70;596;333
73;70;630;333
74;70;630;333
107;70;1783;333
110;70;274;333
37;71;1783;333
44;71;1246;333
51;71;629;333
52;71;630;333
53;71;630;333
54;71;630;333
55;71;629;333
56;71;630;333
63;71;630;333
64;71;630;333
65;71;630;333
65;71;630;333
65;71;630;333
70;71;417;333
73;71;629;333
74;71;628;333
29;72;273;333
33;72;914;333
52;72;629;333
53;72;622;333
54;72;622;333
55;72;626;333
56;72;629;333
57;72;630;333
58;72;630;333
59;72;630;333
60;72;630;333
61;72;630;333
62;72;630;333
63;72;630;333
27;73;1782;333
42;73;338;333
57;73;629;333
58;73;630;333
59;73;630;333
60;73;630;333
61;73;630;333
62;73;630;333
63;73;630;333
64;73;628;333
38;74;915;333
39;74;614;333
40;74;915;333
54;74;1783;333
57;74;629;333
58;74;630;333
59;74;630;333
60;74;630;333
61;74;630;333
62;74;630;333
63;74;628;333
31;75;1782;333
33;75;1817;333
38;75;915;333
39;75;616;333
40;75;915;333
42;75;914;333
42;75;12;333
47;75;1791;333
48;75;1791;333
49;75;1791;333
56;75;629;333
57;75;630;333
58;75;630;333
59;75;630;333
60;75;630;333
61;75;630;333
62;75;628;333
38;76;915;333
39;76;617;333
40;76;915;333
44;76;1782;333
45;76;914;333
51;76;273;333
57;76;629;333
58;76;629;333
59;76;630;333
60;76;630;333
66;76;1783;333
33;77;308;333
52;77;387;333
59;77;629;333
60;77;628;333
31;78;308;333
33;78;274;333
35;78;1272;333
55;78;338;333
58;78;1807;333
60;78;1813;333
69;78;1812;333
32;79;2169;333
36;79;1783;333
46;79;1782;333
47;79;308;333
51;79;387;333
60;79;1245;333
31;80;273;333
39;80;1265;333
50;80;407;333
51;80;387;333
53;80;1783;333
58;80;585;333
59;80;1246;333
60;80;1812;333
74;80;1783;333
42;81;1783;333
43;81;308;333
45;81;273;333
54;81;595;333
56;81;542;333
59;81;1247;333
31;82;301;333
38;82;301;333
40;82;273;333
42;82;308;333
43;82;274;333
44;82;420;333
46;82;274;333
59;82;1812;333
66;82;1783;333
68;82;1272;333
29;83;1782;333
31;83;301;333
38;83;301;333
51;83;274;333
54;83;338;333
57;83;415;333
58;83;627;333
59;83;626;333
69;83;1254;333
31;84;301;333
38;84;301;333
43;84;1783;333
46;84;422;333
47;84;560;333
56;84;1782;333
58;84;629;333
59;84;628;333
31;85;301;333
38;85;301;333
41;85;1782;333
44;85;308;333
47;85;125;333
59;85;627;333
31;86;301;333
38;86;301;333
45;86;274;333
52;86;338;333
59;86;629;333
68;86;203;333
69;86;420;333
29;87;1783;333
31;87;301;333
38;87;301;333
48;87;1782;333
59;87;627;333
31;88;301;333
32;88;301;333
33;88;301;333
34;88;301;333
35;88;301;333
36;88;301;333
37;88;301;333
38;88;301;333
46;88;273;333
51;88;407;333
54;88;338;333
58;88;1276;333
59;88;629;333
60;88;628;333
69;88;1813;333
46;89;273;333
53;89;232;333
55;89;338;333
58;89;1254;333
62;89;1812;333
47;90;420;333
34;91;1809;333
37;91;586;333
38;91;274;333
57;91;1807;333
63;91;420;333
71;91;1783;333
36;92;273;333
47;92;308;333
53;92;338;333
58;92;422;333
67;92;592;333
44;93;308;333
45;93;308;333
50;93;274;333
54;93;1782;333
56;93;273;333
61;93;1783;333
43;94;1783;333
46;94;1782;333
57;94;1807;333
67;94;542;333
68;94;1782;333
125;94;338;333
168;94;1782;333
169;94;1808;333
53;95;420;333
54;95;338;333
68;95;203;333
169;95;421;333
172;95;421;333
43;96;308;333
49;96;2169;333
50;96;2169;333
56;96;1783;333
60;96;273;333
67;96;914;333
166;96;301;333
167;96;301;333
168;96;301;333
169;96;301;333
170;96;301;333
171;96;301;333
172;96;301;333
173;96;301;333
174;96;301;333
42;97;1782;333
43;97;420;333
53;97;1783;333
60;97;420;333
61;97;1808;333
164;97;273;333
166;97;301;333
174;97;301;333
42;98;1817;333
48;98;2170;333
50;98;2488;333
52;98;2170;333
61;98;1782;333
107;98;14;333
111;98;241;333
112;98;30;333
112;98;292;333
113;98;30;333
113;98;275;333
114;98;30;333
114;98;1862;333
115;98;30;333
116;98;30;333
117;98;30;333
118;98;30;333
118;98;178;333
119;98;30;333
119;98;170;333
120;98;242;333
125;98;14;333
159;98;338;333
162;98;1783;333
164;98;1808;333
166;98;301;333
174;98;301;333
42;99;422;333
111;99;263;333
114;99;2041;333
115;99;103;333
119;99;171;333
120;99;31;333
123;99;300;333
126;99;1782;333
165;99;421;333
166;99;301;333
168;99;313;333
172;99;313;333
174;99;301;333
40;100;308;333
68;100;1783;333
103;100;338;333
105;100;14;333
108;100;2207;333
109;100;220;333
115;100;214;333
119;100;1862;333
120;100;31;333
124;100;1783;333
126;100;300;333
166;100;301;333
173;100;515;333
174;100;301;333
40;101;308;333
42;101;14;333
43;101;14;333
50;101;1782;333
105;101;1782;333
107;101;420;333
111;101;1862;333
118;101;213;333
119;101;169;333
120;101;31;333
159;101;301;333
160;101;301;333
161;101;420;333
164;101;301;333
165;101;301;333
166;101;301;333
38;102;308;333
54;102;14;333
55;102;14;333
111;102;262;333
115;102;262;333
115;102;261;333
119;102;1862;333
120;102;31;333
120;102;261;333
120;102;276;333
158;102;273;333
159;102;301;333
165;102;301;333
166;102;274;333
171;102;422;333
172;102;338;333
38;103;1783;333
40;103;14;333
41;103;273;333
43;103;14;333
47;103;422;333
52;103;14;333
101;103;338;333
111;103;274;333
115;103;273;333
121;103;301;333
122;103;301;333
123;103;301;333
124;103;301;333
125;103;301;333
126;103;301;333
127;103;301;333
127;103;301;333
161;103;2805;333
163;103;2805;333
171;103;274;333
41;104;14;333
55;104;14;333
105;104;273;333
117;104;1782;333
121;104;422;333
125;104;422;333
127;104;301;333
129;104;338;333
171;104;1783;333
38;105;308;333
41;105;421;333
43;105;14;333
53;105;14;333
54;105;273;333
116;105;420;333
123;105;1783;333
125;105;1782;333
127;105;301;333
161;105;2805;333
163;105;2805;333
165;105;420;333
168;105;1782;333
171;105;518;333
173;105;273;333
39;106;308;333
42;106;273;333
47;106;14;333
49;106;14;333
51;106;1783;333
51;106;405;333
56;106;308;333
104;106;274;333
105;106;14;333
110;106;1782;333
111;106;301;333
112;106;301;333
116;106;301;333
117;106;301;333
127;106;301;333
159;106;301;333
160;106;420;333
165;106;301;333
173;106;586;333
40;107;274;333
43;107;274;333
45;107;421;333
48;107;273;333
55;107;1782;333
56;107;308;333
111;107;301;333
117;107;301;333
127;107;301;333
130;107;300;333
159;107;301;333
160;107;301;333
164;107;301;333
165;107;301;333
171;107;522;333
171;107;164;333
173;107;405;333
43;108;14;333
51;108;308;333
53;108;308;333
55;108;421;333
104;108;2170;333
106;108;2488;333
106;108;12;333
113;108;2805;333
115;108;2805;333
125;108;1783;333
127;108;301;333
129;108;273;333
159;108;274;333
171;108;513;333
173;108;1807;333
41;109;1782;333
45;109;308;333
50;109;274;333
54;109;274;333
104;109;2170;333
123;109;273;333
126;109;422;333
127;109;301;333
164;109;1783;333
170;109;220;333
45;110;1783;333
46;110;308;333
47;110;308;333
50;110;1817;333
105;110;2169;333
106;110;2169;333
113;110;2805;333
115;110;2805;333
127;110;301;333
129;110;1782;333
166;110;422;333
168;110;524;333
168;110;2055;333
172;110;1783;333
173;110;338;333
51;111;1783;333
108;111;273;333
111;111;301;333
112;111;420;333
116;111;420;333
117;111;301;333
121;111;301;333
122;111;301;333
123;111;301;333
124;111;301;333
125;111;301;333
126;111;301;333
127;111;301;333
127;111;301;333
129;111;14;333
171;111;405;333
45;112;274;333
104;112;1783;333
105;112;300;333
111;112;301;333
112;112;301;333
113;112;1791;333
114;112;1791;333
115;112;1791;333
116;112;301;333
117;112;301;333
120;112;1782;333
122;112;422;333
165;112;338;333
125;113;338;333
168;113;338;333
78;140;586;333
78;141;1783;333
73;142;274;333
74;142;422;333
78;142;422;333
79;142;338;333
73;143;586;333
78;143;273;333
79;143;1807;333
73;144;338;333
75;144;614;333
80;144;274;333
75;145;616;333
75;146;616;333
75;147;617;333
77;148;338;333
62;149;338;333
69;149;338;333
74;150;405;333
76;150;1782;333
77;150;1807;333
61;151;301;333
62;151;301;333
63;151;1791;333
64;151;1791;333
65;151;1791;333
66;151;301;333
67;151;301;333
68;151;422;333
69;151;273;333
70;151;586;333
71;151;274;333
77;151;405;333
168;151;14;333
170;151;14;333
180;151;338;333
61;152;301;333
62;152;420;333
67;152;301;333
68;152;320;333
68;152;72;333
69;152;320;333
69;152;73;333
70;152;320;333
70;152;2459;333
75;152;320;333
75;152;73;333
77;152;274;333
78;152;1808;333
168;152;273;333
174;152;338;333
177;152;249;333
178;152;249;333
179;152;1791;333
180;152;1791;333
181;152;1791;333
182;152;1791;333
183;152;1791;333
184;152;420;333
185;152;249;333
59;153;338;333
61;153;1791;333
63;153;2805;333
65;153;2805;333
67;153;405;333
75;153;320;333
75;153;1862;333
114;153;627;333
165;153;301;333
166;153;301;333
167;153;422;333
170;153;301;333
171;153;301;333
177;153;249;333
178;153;420;333
61;154;1791;333
75;154;320;333
75;154;355;333
114;154;629;333
115;154;622;333
116;154;628;333
165;154;301;333
171;154;301;333
173;154;1783;333
177;154;1782;333
61;155;1791;333
63;155;2805;333
65;155;2805;333
71;155;1782;333
76;155;1807;333
123;155;14;333
167;155;2805;333
169;155;2805;333
185;155;300;333
60;156;1782;333
61;156;301;333
62;156;420;333
67;156;301;333
75;156;405;333
76;156;1783;333
119;156;627;333
124;156;300;333
125;156;300;333
175;156;273;333
61;157;301;333
62;157;301;333
63;157;1791;333
64;157;1791;333
65;157;1791;333
66;157;301;333
67;157;301;333
70;157;338;333
71;157;338;333
109;157;300;333
114;157;627;333
119;157;629;333
120;157;628;333
161;157;338;333
167;157;2805;333
169;157;2805;333
171;157;422;333
181;157;422;333
181;157;2862;333
185;157;300;333
67;158;1783;333
75;158;614;333
107;158;300;333
109;158;1782;333
114;158;629;333
115;158;630;333
125;158;274;333
162;158;14;333
165;158;301;333
171;158;301;333
177;158;421;333
185;158;274;333
65;159;273;333
73;159;338;333
75;159;616;333
107;159;407;333
110;159;300;333
114;159;409;333
115;159;629;333
116;159;628;333
119;159;506;333
121;159;513;333
123;159;2836;333
125;159;14;333
161;159;300;333
162;159;421;333
165;159;301;333
166;159;301;333
167;159;422;333
170;159;301;333
171;159;301;333
175;159;1782;333
73;160;338;333
75;160;617;333
105;160;301;333
106;160;301;333
107;160;274;333
110;160;301;333
111;160;301;333
115;160;2905;333
170;160;273;333
186;160;338;333
74;161;1783;333
77;161;1791;333
78;161;1791;333
105;161;301;333
111;161;301;333
116;161;213;333
117;161;522;333
117;161;1862;333
125;161;1783;333
161;161;300;333
76;162;421;333
104;162;1783;333
107;162;2805;333
109;162;2805;333
114;162;3084;333
121;162;914;333
121;162;12;333
123;162;172;333
164;162;308;333
72;163;338;333
76;163;1782;333
160;163;421;333
165;163;274;333
169;163;405;333
173;163;273;333
174;163;405;333
185;163;14;333
66;164;1808;333
67;164;274;333
107;164;2805;333
109;164;2805;333
113;164;3082;333
116;164;1782;333
121;164;172;333
163;164;1782;333
183;164;14;333
184;164;420;333
65;165;1782;333
69;165;621;333
70;165;620;333
71;165;620;333
72;165;618;333
105;165;301;333
106;165;407;333
111;165;301;333
112;165;422;333
116;165;585;333
163;165;421;333
171;165;250;333
174;165;1783;333
177;165;420;333
182;165;273;333
66;166;421;333
69;166;621;333
70;166;620;333
71;166;620;333
72;166;618;333
75;166;274;333
76;166;1809;333
105;166;301;333
106;166;301;333
110;166;301;333
111;166;301;333
112;166;274;333
123;166;14;333
160;166;338;333
164;166;308;333
170;166;405;333
177;166;308;333
116;167;582;333
120;167;1783;333
121;167;300;333
165;167;1783;333
177;167;274;333
180;167;338;333
66;168;273;333
67;168;421;333
68;168;1783;333
76;168;338;333
171;168;338;333
67;169;1807;333
162;169;338;333
164;169;421;333
178;169;338;333
110;170;301;333
111;170;301;333
112;170;301;333
116;170;301;333
110;171;301;333
111;171;513;333
116;171;301;333
108;172;301;333
109;172;301;333
110;172;301;333
116;172;301;333
118;172;273;333
107;173;1782;333
108;173;301;333
112;173;914;333
112;173;12;333
116;173;301;333
108;174;301;333
110;174;172;333
114;174;2836;333
116;174;301;333
108;175;301;333
116;175;301;333
108;176;301;333
109;176;301;333
110;176;301;333
111;176;301;333
112;176;301;333
113;176;301;333
114;176;301;333
115;176;301;333
116;176;301;333
110;177;273;333
112;177;1783;333
