113;17;627;333
119;17;627;333
121;17;629;333
122;17;630;333
123;17;630;333
124;17;630;333
113;18;623;333
114;18;630;333
118;18;1254;333
119;18;629;333
121;18;623;333
122;18;630;333
123;18;630;333
124;18;630;333
125;18;630;333
112;19;1278;333
113;19;629;333
114;19;630;333
121;19;629;333
122;19;628;333
123;19;630;333
124;19;630;333
125;19;630;333
126;19;630;333
127;19;630;333
111;20;233;333
114;20;629;333
115;20;628;333
123;20;623;333
124;20;630;333
125;20;630;333
126;20;630;333
127;20;630;333
123;21;629;333
124;21;629;333
125;21;630;333
126;21;630;333
127;21;630;333
119;22;627;333
125;22;626;333
126;22;630;333
127;22;630;333
111;23;627;333
113;23;629;333
114;23;630;333
115;23;630;333
119;23;623;333
123;23;1247;333
126;23;629;333
127;23;628;333
111;24;629;333
112;24;628;333
113;24;629;333
114;24;630;333
115;24;630;333
119;24;629;333
120;24;628;333
123;24;1254;333
124;24;1251;333
114;25;629;333
115;25;629;333
116;25;628;333
126;25;627;333
115;26;915;333
126;26;629;333
127;26;628;333
116;27;1276;333
127;28;1257;333
117;29;630;333
118;29;630;333
120;29;627;333
122;29;630;333
123;29;630;333
58;30;627;333
59;30;348;333
59;30;342;333
60;30;474;333
61;30;474;333
62;30;474;333
62;30;292;333
63;30;474;333
63;30;315;333
64;30;474;333
65;30;474;333
66;30;474;333
66;30;342;333
67;30;474;333
68;30;474;333
69;30;474;333
70;30;474;333
71;30;474;333
72;30;474;333
73;30;474;333
74;30;345;333
114;30;623;333
115;30;630;333
116;30;630;333
117;30;630;333
118;30;630;333
120;30;629;333
121;30;630;333
122;30;630;333
123;30;630;333
56;31;627;333
57;31;627;333
58;31;629;333
59;31;342;333
60;31;220;333
62;31;513;333
64;31;339;333
66;31;342;333
68;31;2805;333
70;31;2805;333
72;31;2805;333
74;31;921;333
114;31;629;333
115;31;630;333
116;31;630;333
117;31;630;333
118;31;629;333
119;31;628;333
120;31;629;333
121;31;622;333
123;31;623;333
126;31;627;333
56;32;629;333
59;32;918;333
65;32;75;333
66;32;342;333
68;32;3084;333
70;32;3084;333
73;32;2805;333
74;32;921;333
115;32;629;333
116;32;622;333
117;32;629;333
118;32;628;333
121;32;1278;333
123;32;629;333
124;32;628;333
126;32;629;333
127;32;628;333
55;33;627;333
59;33;342;333
66;33;342;333
74;33;921;333
51;34;627;333
52;34;629;333
53;34;629;333
54;34;629;333
55;34;629;333
57;34;1804;333
59;34;474;333
59;34;342;333
60;34;474;333
61;34;474;333
62;34;486;333
63;34;474;333
64;34;474;333
64;34;210;333
65;34;474;333
65;34;1862;333
66;34;471;333
67;34;276;333
69;34;2805;333
72;34;3081;333
73;34;2805;333
74;34;921;333
51;35;629;333
59;35;918;333
65;35;272;333
66;35;2915;333
67;35;272;333
68;35;3084;333
70;35;2805;333
74;35;921;333
29;36;627;333
51;36;627;333
59;36;342;333
60;36;1862;333
72;36;3081;333
73;36;2805;333
74;36;921;333
29;37;629;333
30;37;628;333
51;37;629;333
59;37;342;333
74;37;921;333
31;38;627;333
51;38;627;333
54;38;1782;333
57;38;1783;333
59;38;918;333
73;38;550;333
74;38;921;333
30;39;627;333
31;39;629;333
50;39;629;333
51;39;629;333
56;39;2169;333
59;39;342;333
60;39;1862;333
73;39;275;333
74;39;921;333
31;40;630;333
35;40;627;333
49;40;629;333
59;40;342;333
64;40;2876;333
66;40;2878;333
68;40;2069;333
73;40;2069;333
74;40;921;333
31;41;629;333
32;41;622;333
35;41;629;333
36;41;622;333
48;41;627;333
55;41;2170;333
59;41;918;333
60;41;1862;333
64;41;2876;333
65;41;2879;333
65;41;1862;333
66;41;2878;333
74;41;921;333
48;42;629;333
55;42;2170;333
59;42;342;333
64;42;2876;333
66;42;2878;333
68;42;2069;333
73;42;2069;333
74;42;921;333
48;43;627;333
59;43;342;333
64;43;2876;333
65;43;2879;333
65;43;1862;333
66;43;2878;333
74;43;921;333
48;44;623;333
49;44;630;333
59;44;918;333
68;44;2069;333
73;44;2069;333
74;44;921;333
44;45;677;333
45;45;672;333
46;45;672;333
47;45;672;333
48;45;623;333
49;45;630;333
50;45;630;333
59;45;342;333
60;45;1862;333
74;45;921;333
44;46;674;333
48;46;623;333
49;46;630;333
50;46;630;333
51;46;630;333
57;46;576;333
59;46;342;333
64;46;2876;333
66;46;2878;333
68;46;2069;333
73;46;2069;333
74;46;921;333
44;47;674;333
47;47;627;333
48;47;630;333
49;47;630;333
50;47;630;333
51;47;630;333
59;47;918;333
64;47;2876;333
65;47;2879;333
65;47;1862;333
66;47;2878;333
74;47;921;333
44;48;674;333
47;48;623;333
48;48;630;333
49;48;630;333
50;48;630;333
51;48;630;333
56;48;584;333
59;48;342;333
60;48;1862;333
64;48;2876;333
66;48;2878;333
68;48;2069;333
72;48;218;333
74;48;921;333
74;48;348;333
44;49;674;333
47;49;629;333
48;49;630;333
49;49;630;333
50;49;630;333
51;49;630;333
59;49;342;333
64;49;2876;333
65;49;2879;333
65;49;1862;333
66;49;2878;333
71;49;217;333
73;49;269;333
74;49;921;333
74;49;342;333
44;50;674;333
48;50;623;333
49;50;630;333
50;50;630;333
51;50;630;333
52;50;630;333
59;50;918;333
64;50;472;333
65;50;340;333
66;50;340;333
67;50;340;333
68;50;340;333
69;50;493;333
70;50;340;333
71;50;340;333
72;50;493;333
73;50;340;333
74;50;346;333
74;50;342;333
44;51;674;333
48;51;629;333
49;51;630;333
50;51;628;333
51;51;628;333
52;51;629;333
59;51;342;333
64;51;921;333
67;51;3075;333
71;51;3075;333
74;51;629;333
44;52;674;333
49;52;623;333
59;52;342;333
60;52;1862;333
64;52;921;333
68;52;595;333
70;52;587;333
73;52;627;333
74;52;627;333
44;53;674;333
49;53;630;333
53;53;630;333
54;53;630;333
55;53;630;333
56;53;630;333
57;53;630;333
58;53;630;333
59;53;342;333
64;53;921;333
70;53;1783;333
73;53;623;333
74;53;630;333
44;54;674;333
48;54;627;333
49;54;630;333
53;54;630;333
54;54;630;333
55;54;630;333
56;54;630;333
57;54;630;333
58;54;630;333
59;54;347;333
60;54;493;333
61;54;903;333
62;54;905;333
63;54;493;333
64;54;346;333
70;54;1804;333
72;54;409;333
73;54;626;333
74;54;622;333
44;55;678;333
45;55;673;333
47;55;627;333
48;55;630;333
49;55;630;333
50;55;630;333
51;55;630;333
52;55;630;333
53;55;630;333
54;55;622;333
55;55;629;333
56;55;629;333
57;55;622;333
58;55;628;333
66;55;507;333
67;55;513;333
73;55;627;333
46;56;674;333
47;56;629;333
48;56;630;333
49;56;630;333
50;56;630;333
51;56;630;333
52;56;630;333
53;56;630;333
59;56;1782;333
63;56;914;333
63;56;12;333
67;56;220;333
72;56;629;333
73;56;629;333
46;57;678;333
47;57;673;333
48;57;629;333
49;57;630;333
50;57;630;333
51;57;628;333
52;57;626;333
53;57;622;333
54;57;407;333
73;57;627;333
49;58;629;333
50;58;622;333
54;58;1804;333
55;58;1783;333
72;58;629;333
73;58;628;333
49;59;674;333
73;59;626;333
74;59;627;333
49;60;674;333
53;60;2170;333
74;60;629;333
49;61;674;333
53;61;2170;333
74;61;1245;333
49;62;674;333
68;62;1782;333
69;62;407;333
74;62;1246;333
115;62;504;333
115;62;501;333
116;62;432;333
117;62;432;333
118;62;432;333
118;62;433;333
49;63;678;333
61;63;1783;333
68;63;407;333
69;63;1809;333
73;63;627;333
74;63;626;333
115;63;501;333
118;63;433;333
50;64;629;333
51;64;628;333
70;64;407;333
73;64;626;333
74;64;628;333
115;64;501;333
118;64;433;333
51;65;627;333
54;65;233;333
62;65;627;333
63;65;626;333
64;65;626;333
72;65;627;333
73;65;630;333
115;65;501;333
118;65;433;333
51;66;629;333
54;66;1782;333
61;66;410;333
62;66;623;333
63;66;630;333
64;66;626;333
72;66;629;333
73;66;630;333
115;66;501;333
118;66;433;333
51;67;629;333
60;67;2832;333
62;67;629;333
63;67;622;333
64;67;628;333
73;67;629;333
115;67;503;333
116;67;500;333
117;67;500;333
118;67;502;333
118;67;500;333
52;68;627;333
73;68;627;333
52;69;629;333
62;69;1783;333
65;69;629;333
66;69;628;333
67;69;629;333
68;69;622;333
69;69;622;333
70;69;628;333
73;69;629;333
74;69;628;333
52;70;629;333
53;70;628;333
54;70;678;333
55;70;673;333
56;70;673;333
64;70;629;333
65;70;628;333
71;70;629;333
72;70;628;333
57;71;678;333
64;71;629;333
58;72;674;333
62;72;629;333
63;72;628;333
58;73;678;333
61;73;629;333
62;73;628;333
59;74;678;333
60;74;673;333
61;74;629;333
111;98;504;333
111;98;501;333
111;99;501;333
111;100;501;333
111;101;501;333
111;102;503;333
112;102;500;333
112;102;500;333
113;102;500;333
114;102;500;333
115;102;500;333
116;102;500;333
117;102;500;333
118;102;500;333
119;102;500;333
120;102;502;333
120;102;500;333
