73;0;287;333
74;0;287;333
75;0;287;333
76;0;287;333
77;0;287;333
78;0;287;333
79;0;287;333
80;0;287;333
81;0;287;333
82;0;287;333
83;0;287;333
84;0;622;333
85;0;628;333
90;0;623;333
91;0;287;333
92;0;287;333
73;1;287;333
74;1;287;333
75;1;287;333
76;1;287;333
77;1;287;333
78;1;287;333
79;1;287;333
80;1;287;333
81;1;287;333
82;1;287;333
83;1;287;333
84;1;628;333
90;1;623;333
91;1;287;333
92;1;287;333
73;2;287;333
74;2;287;333
75;2;287;333
76;2;287;333
77;2;287;333
78;2;287;333
79;2;287;333
80;2;287;333
81;2;287;333
82;2;287;333
83;2;622;333
84;2;628;333
90;2;623;333
91;2;287;333
92;2;287;333
73;3;287;333
74;3;287;333
75;3;287;333
76;3;287;333
77;3;287;333
78;3;287;333
79;3;287;333
80;3;287;333
81;3;287;333
82;3;622;333
83;3;628;333
90;3;623;333
91;3;287;333
92;3;287;333
72;4;287;333
73;4;287;333
74;4;287;333
75;4;287;333
76;4;287;333
77;4;287;333
78;4;287;333
79;4;287;333
80;4;622;333
81;4;622;333
82;4;628;333
89;4;627;333
90;4;623;333
91;4;287;333
92;4;287;333
71;5;287;333
72;5;287;333
73;5;287;333
74;5;287;333
75;5;287;333
76;5;287;333
77;5;287;333
78;5;622;333
79;5;622;333
80;5;628;333
89;5;623;333
90;5;287;333
91;5;287;333
92;5;287;333
70;6;287;333
71;6;287;333
72;6;287;333
73;6;287;333
74;6;287;333
75;6;287;333
76;6;287;333
77;6;287;333
78;6;628;333
88;6;627;333
89;6;623;333
90;6;287;333
91;6;287;333
92;6;287;333
68;7;287;333
69;7;287;333
70;7;287;333
71;7;287;333
72;7;287;333
73;7;287;333
74;7;287;333
75;7;287;333
76;7;287;333
77;7;622;333
78;7;628;333
87;7;627;333
88;7;623;333
89;7;287;333
90;7;287;333
91;7;287;333
92;7;287;333
67;8;287;333
68;8;287;333
69;8;287;333
70;8;287;333
71;8;287;333
72;8;287;333
73;8;287;333
74;8;622;333
75;8;622;333
76;8;622;333
77;8;628;333
87;8;623;333
88;8;287;333
89;8;287;333
90;8;287;333
91;8;287;333
92;8;287;333
66;9;287;333
67;9;287;333
68;9;287;333
69;9;287;333
70;9;287;333
71;9;287;333
72;9;287;333
73;9;622;333
74;9;628;333
77;9;1245;333
87;9;623;333
88;9;287;333
89;9;287;333
90;9;287;333
91;9;287;333
92;9;287;333
65;10;287;333
66;10;287;333
67;10;287;333
68;10;287;333
69;10;287;333
70;10;287;333
71;10;287;333
72;10;622;333
73;10;628;333
86;10;627;333
87;10;623;333
88;10;287;333
89;10;287;333
90;10;287;333
91;10;287;333
92;10;287;333
64;11;287;333
65;11;287;333
66;11;287;333
67;11;287;333
68;11;287;333
69;11;287;333
70;11;287;333
71;11;287;333
72;11;628;333
74;11;1265;333
75;11;914;333
85;11;627;333
86;11;623;333
87;11;287;333
88;11;287;333
89;11;287;333
90;11;287;333
91;11;287;333
63;12;287;333
64;12;287;333
65;12;287;333
66;12;287;333
67;12;287;333
68;12;287;333
69;12;287;333
70;12;287;333
71;12;622;333
72;12;628;333
85;12;623;333
86;12;287;333
87;12;287;333
88;12;287;333
89;12;287;333
90;12;287;333
91;12;287;333
43;13;287;333
44;13;287;333
45;13;287;333
46;13;287;333
47;13;287;333
48;13;287;333
49;13;287;333
50;13;287;333
51;13;287;333
52;13;287;333
53;13;287;333
54;13;287;333
55;13;287;333
56;13;287;333
57;13;287;333
58;13;287;333
59;13;287;333
60;13;287;333
61;13;287;333
62;13;287;333
63;13;287;333
64;13;287;333
65;13;287;333
66;13;287;333
67;13;287;333
68;13;287;333
69;13;622;333
70;13;622;333
71;13;628;333
85;13;623;333
86;13;287;333
87;13;287;333
88;13;287;333
89;13;287;333
90;13;287;333
91;13;287;333
41;14;287;333
42;14;287;333
43;14;287;333
44;14;597;333
47;14;629;333
48;14;622;333
49;14;628;333
51;14;596;333
52;14;287;333
53;14;287;333
54;14;287;333
55;14;287;333
56;14;287;333
57;14;287;333
58;14;287;333
59;14;287;333
60;14;287;333
61;14;287;333
62;14;287;333
63;14;287;333
64;14;287;333
65;14;287;333
66;14;287;333
67;14;287;333
68;14;287;333
69;14;628;333
84;14;627;333
85;14;623;333
86;14;287;333
87;14;287;333
88;14;287;333
89;14;287;333
90;14;287;333
91;14;287;333
39;15;287;333
40;15;287;333
41;15;287;333
42;15;597;333
42;15;1245;333
43;15;597;333
52;15;597;333
53;15;287;333
54;15;287;333
55;15;287;333
56;15;287;333
57;15;287;333
58;15;287;333
59;15;287;333
60;15;287;333
61;15;287;333
62;15;287;333
63;15;287;333
64;15;287;333
65;15;287;333
66;15;287;333
67;15;622;333
68;15;622;333
69;15;628;333
72;15;914;333
73;15;626;333
84;15;623;333
85;15;287;333
86;15;287;333
87;15;287;333
88;15;287;333
89;15;287;333
90;15;287;333
91;15;287;333
33;16;287;333
34;16;287;333
35;16;287;333
36;16;287;333
37;16;287;333
38;16;287;333
39;16;287;333
40;16;1254;333
41;16;914;333
52;16;1251;333
53;16;287;333
54;16;287;333
55;16;287;333
56;16;287;333
57;16;287;333
58;16;287;333
59;16;287;333
60;16;287;333
61;16;287;333
62;16;287;333
63;16;287;333
64;16;287;333
65;16;287;333
66;16;287;333
67;16;628;333
68;16;915;333
71;16;1265;333
84;16;623;333
85;16;287;333
86;16;287;333
87;16;287;333
88;16;287;333
89;16;287;333
90;16;287;333
91;16;287;333
31;17;287;333
32;17;287;333
33;17;287;333
34;17;287;333
35;17;287;333
36;17;622;333
37;17;2805;333
38;17;232;333
39;17;915;333
40;17;232;333
41;17;915;333
46;17;627;333
47;17;1245;333
48;17;1246;333
53;17;287;333
54;17;287;333
55;17;287;333
56;17;287;333
57;17;287;333
58;17;287;333
59;17;287;333
60;17;287;333
61;17;287;333
62;17;287;333
63;17;287;333
64;17;287;333
65;17;287;333
66;17;622;333
67;17;628;333
82;17;627;333
83;17;627;333
84;17;623;333
85;17;287;333
86;17;287;333
87;17;287;333
88;17;287;333
89;17;287;333
90;17;287;333
91;17;287;333
29;18;287;333
30;18;287;333
31;18;287;333
32;18;287;333
33;18;287;333
34;18;287;333
35;18;622;333
36;18;628;333
37;18;232;333
38;18;914;333
39;18;1254;333
40;18;914;333
46;18;623;333
47;18;287;333
48;18;915;333
52;18;627;333
53;18;287;333
54;18;287;333
55;18;287;333
56;18;287;333
57;18;287;333
58;18;287;333
59;18;287;333
60;18;287;333
61;18;287;333
62;18;287;333
63;18;287;333
64;18;287;333
65;18;622;333
66;18;628;333
82;18;623;333
83;18;287;333
84;18;287;333
85;18;287;333
86;18;287;333
87;18;287;333
88;18;287;333
89;18;287;333
90;18;287;333
91;18;287;333
29;19;287;333
30;19;287;333
31;19;287;333
32;19;287;333
33;19;287;333
34;19;622;333
35;19;628;333
36;19;232;333
37;19;2805;333
38;19;1254;333
39;19;914;333
40;19;232;333
46;19;629;333
47;19;622;333
48;19;628;333
49;19;35;333
51;19;914;333
52;19;623;333
53;19;287;333
54;19;287;333
55;19;287;333
56;19;287;333
57;19;287;333
58;19;287;333
59;19;287;333
60;19;287;333
61;19;287;333
62;19;287;333
63;19;287;333
64;19;622;333
65;19;628;333
81;19;627;333
82;19;623;333
83;19;287;333
84;19;287;333
85;19;287;333
86;19;287;333
87;19;287;333
88;19;287;333
89;19;287;333
90;19;287;333
91;19;287;333
29;20;287;333
30;20;287;333
31;20;287;333
32;20;287;333
33;20;287;333
34;20;626;333
35;20;629;333
36;20;628;333
46;20;1251;333
48;20;1246;333
52;20;629;333
53;20;287;333
54;20;287;333
55;20;287;333
56;20;287;333
57;20;287;333
58;20;287;333
59;20;287;333
60;20;287;333
61;20;287;333
62;20;287;333
63;20;622;333
64;20;628;333
78;20;627;333
79;20;627;333
80;20;627;333
81;20;623;333
82;20;287;333
83;20;287;333
84;20;287;333
85;20;287;333
86;20;287;333
87;20;287;333
88;20;287;333
89;20;287;333
90;20;287;333
91;20;287;333
26;21;287;333
27;21;287;333
28;21;287;333
29;21;287;333
30;21;287;333
31;21;287;333
32;21;287;333
33;21;287;333
34;21;626;333
35;21;626;333
52;21;596;333
53;21;287;333
54;21;287;333
55;21;287;333
56;21;287;333
57;21;287;333
58;21;287;333
59;21;287;333
60;21;287;333
61;21;287;333
62;21;622;333
63;21;628;333
64;21;1245;333
78;21;623;333
79;21;287;333
80;21;287;333
81;21;287;333
82;21;287;333
83;21;287;333
84;21;287;333
85;21;287;333
86;21;287;333
87;21;287;333
88;21;287;333
89;21;287;333
90;21;287;333
91;21;287;333
25;22;287;333
26;22;287;333
27;22;287;333
28;22;287;333
29;22;287;333
30;22;287;333
31;22;287;333
32;22;287;333
33;22;287;333
53;22;287;333
54;22;287;333
55;22;287;333
56;22;287;333
57;22;287;333
58;22;287;333
59;22;287;333
60;22;287;333
61;22;287;333
62;22;628;333
65;22;1266;333
76;22;627;333
77;22;627;333
78;22;623;333
79;22;287;333
80;22;287;333
81;22;287;333
82;22;287;333
83;22;287;333
84;22;287;333
85;22;287;333
86;22;287;333
87;22;287;333
88;22;287;333
89;22;287;333
90;22;287;333
91;22;287;333
25;23;287;333
26;23;287;333
27;23;287;333
28;23;287;333
29;23;287;333
30;23;287;333
31;23;287;333
32;23;287;333
33;23;287;333
53;23;287;333
54;23;287;333
55;23;287;333
56;23;287;333
57;23;287;333
58;23;287;333
59;23;287;333
60;23;622;333
61;23;622;333
62;23;628;333
65;23;1254;333
76;23;623;333
77;23;287;333
78;23;287;333
79;23;287;333
80;23;287;333
81;23;287;333
82;23;287;333
83;23;287;333
84;23;287;333
85;23;287;333
86;23;287;333
87;23;287;333
88;23;287;333
89;23;287;333
90;23;287;333
91;23;287;333
25;24;287;333
26;24;287;333
27;24;287;333
28;24;287;333
29;24;287;333
30;24;287;333
31;24;287;333
32;24;287;333
33;24;287;333
53;24;287;333
54;24;287;333
55;24;287;333
56;24;287;333
57;24;287;333
58;24;287;333
59;24;287;333
60;24;628;333
61;24;1254;333
76;24;623;333
77;24;287;333
78;24;287;333
79;24;287;333
80;24;287;333
81;24;287;333
82;24;287;333
83;24;287;333
84;24;287;333
85;24;287;333
86;24;287;333
87;24;287;333
88;24;287;333
89;24;287;333
90;24;287;333
91;24;287;333
24;25;287;333
25;25;287;333
26;25;287;333
27;25;287;333
28;25;287;333
29;25;287;333
30;25;287;333
31;25;287;333
32;25;287;333
33;25;287;333
53;25;287;333
54;25;287;333
55;25;287;333
56;25;287;333
57;25;287;333
58;25;287;333
59;25;287;333
60;25;628;333
76;25;623;333
77;25;287;333
78;25;287;333
79;25;287;333
80;25;287;333
81;25;287;333
82;25;287;333
83;25;287;333
84;25;287;333
85;25;287;333
86;25;287;333
87;25;287;333
88;25;287;333
89;25;287;333
90;25;287;333
91;25;287;333
24;26;287;333
25;26;287;333
26;26;287;333
27;26;287;333
28;26;287;333
29;26;287;333
30;26;287;333
31;26;287;333
32;26;287;333
53;26;287;333
54;26;287;333
55;26;287;333
56;26;287;333
57;26;287;333
58;26;287;333
59;26;287;333
60;26;628;333
63;26;627;333
64;26;626;333
75;26;627;333
76;26;623;333
77;26;287;333
78;26;287;333
79;26;287;333
80;26;287;333
81;26;287;333
82;26;287;333
83;26;287;333
84;26;287;333
85;26;287;333
86;26;287;333
87;26;287;333
88;26;287;333
89;26;287;333
90;26;287;333
91;26;287;333
24;27;287;333
25;27;287;333
26;27;287;333
27;27;287;333
28;27;287;333
29;27;287;333
30;27;287;333
31;27;287;333
32;27;287;333
53;27;287;333
54;27;287;333
55;27;287;333
56;27;287;333
57;27;287;333
58;27;287;333
59;27;622;333
60;27;628;333
62;27;627;333
63;27;629;333
64;27;628;333
75;27;623;333
76;27;287;333
77;27;287;333
78;27;287;333
79;27;287;333
80;27;287;333
81;27;287;333
82;27;287;333
83;27;287;333
84;27;287;333
85;27;287;333
86;27;287;333
87;27;287;333
88;27;287;333
89;27;287;333
90;27;287;333
91;27;287;333
24;28;287;333
25;28;287;333
26;28;287;333
27;28;287;333
28;28;287;333
29;28;287;333
30;28;287;333
31;28;287;333
32;28;287;333
53;28;287;333
54;28;287;333
55;28;287;333
56;28;287;333
57;28;287;333
58;28;287;333
59;28;628;333
62;28;629;333
63;28;628;333
74;28;627;333
75;28;623;333
76;28;287;333
77;28;287;333
78;28;287;333
79;28;287;333
80;28;287;333
81;28;287;333
82;28;287;333
83;28;287;333
84;28;287;333
85;28;287;333
86;28;287;333
87;28;287;333
88;28;287;333
89;28;287;333
90;28;287;333
91;28;287;333
24;29;287;333
25;29;287;333
26;29;287;333
27;29;287;333
28;29;287;333
29;29;287;333
30;29;287;333
31;29;287;333
32;29;287;333
53;29;287;333
54;29;287;333
55;29;287;333
56;29;287;333
57;29;287;333
58;29;287;333
59;29;628;333
62;29;1272;333
63;29;915;333
74;29;623;333
75;29;287;333
76;29;287;333
77;29;287;333
78;29;287;333
79;29;287;333
80;29;287;333
81;29;287;333
82;29;287;333
83;29;287;333
84;29;287;333
85;29;287;333
86;29;287;333
87;29;287;333
88;29;287;333
89;29;287;333
90;29;287;333
91;29;287;333
23;30;287;333
24;30;287;333
25;30;287;333
26;30;287;333
27;30;287;333
28;30;287;333
29;30;287;333
30;30;287;333
31;30;287;333
32;30;287;333
53;30;287;333
54;30;287;333
55;30;287;333
56;30;287;333
57;30;287;333
58;30;287;333
59;30;628;333
63;30;914;333
74;30;623;333
75;30;287;333
76;30;287;333
77;30;287;333
78;30;287;333
79;30;287;333
80;30;287;333
81;30;287;333
82;30;287;333
83;30;287;333
84;30;287;333
85;30;287;333
86;30;287;333
87;30;287;333
88;30;287;333
89;30;287;333
90;30;287;333
91;30;287;333
23;31;287;333
24;31;287;333
24;31;287;333
25;31;287;333
26;31;287;333
27;31;287;333
28;31;287;333
29;31;287;333
30;31;287;333
31;31;287;333
32;31;287;333
33;31;287;333
53;31;287;333
54;31;287;333
55;31;287;333
56;31;287;333
57;31;287;333
58;31;287;333
59;31;628;333
73;31;627;333
74;31;623;333
75;31;287;333
76;31;287;333
77;31;287;333
78;31;287;333
79;31;287;333
80;31;287;333
81;31;287;333
82;31;287;333
83;31;287;333
84;31;287;333
85;31;287;333
86;31;287;333
87;31;287;333
88;31;287;333
89;31;287;333
90;31;287;333
91;31;287;333
23;32;680;333
23;32;690;333
24;32;613;333
25;32;633;333
25;32;320;333
25;32;2853;333
26;32;613;333
27;32;633;333
27;32;320;333
27;32;2853;333
28;32;613;333
29;32;633;333
30;32;613;333
31;32;633;333
32;32;613;333
33;32;287;333
34;32;287;333
35;32;287;333
36;32;287;333
37;32;287;333
38;32;287;333
39;32;287;333
40;32;287;333
41;32;287;333
42;32;287;333
43;32;287;333
44;32;287;333
45;32;287;333
46;32;287;333
47;32;287;333
48;32;287;333
49;32;287;333
50;32;287;333
51;32;287;333
52;32;287;333
53;32;287;333
54;32;287;333
55;32;287;333
56;32;287;333
57;32;287;333
58;32;287;333
59;32;628;333
73;32;623;333
74;32;287;333
75;32;287;333
76;32;287;333
77;32;287;333
78;32;287;333
79;32;287;333
80;32;287;333
81;32;287;333
82;32;287;333
83;32;287;333
84;32;287;333
85;32;287;333
86;32;287;333
87;32;287;333
88;32;287;333
89;32;287;333
90;32;287;333
91;32;287;333
92;32;287;333
93;32;287;333
23;33;634;333
25;33;320;333
25;33;1061;333
26;33;320;333
26;33;2937;333
27;33;320;333
29;33;267;333
31;33;267;333
32;33;613;333
33;33;680;333
34;33;633;333
35;33;633;333
36;33;613;333
37;33;633;333
38;33;613;333
39;33;633;333
39;33;1360;333
40;33;613;333
41;33;633;333
42;33;613;333
43;33;633;333
44;33;681;333
45;33;287;333
46;33;287;333
47;33;287;333
48;33;287;333
49;33;287;333
50;33;287;333
51;33;287;333
52;33;287;333
53;33;287;333
54;33;287;333
55;33;287;333
56;33;287;333
57;33;287;333
58;33;287;333
59;33;628;333
61;33;1272;333
73;33;623;333
74;33;287;333
75;33;287;333
76;33;287;333
77;33;287;333
78;33;287;333
79;33;287;333
80;33;287;333
81;33;287;333
82;33;287;333
83;33;287;333
84;33;287;333
85;33;287;333
86;33;287;333
87;33;287;333
88;33;287;333
89;33;287;333
90;33;287;333
91;33;287;333
92;33;287;333
93;33;287;333
94;33;287;333
23;34;634;333
29;34;3108;333
31;34;36;333
31;34;2496;333
32;34;613;333
33;34;634;333
35;34;212;333
36;34;36;333
37;34;212;333
38;34;2805;333
40;34;689;333
40;34;395;333
44;34;635;333
45;34;287;333
46;34;287;333
47;34;287;333
48;34;287;333
49;34;287;333
50;34;287;333
51;34;287;333
52;34;287;333
53;34;287;333
54;34;287;333
55;34;287;333
56;34;287;333
57;34;287;333
58;34;622;333
59;34;628;333
73;34;623;333
74;34;287;333
75;34;287;333
76;34;287;333
77;34;287;333
78;34;287;333
79;34;287;333
80;34;287;333
81;34;287;333
82;34;287;333
83;34;287;333
84;34;287;333
85;34;287;333
86;34;287;333
87;34;287;333
88;34;287;333
89;34;287;333
90;34;287;333
91;34;287;333
92;34;287;333
93;34;287;333
94;34;287;333
23;35;634;333
32;35;2906;333
32;35;395;333
33;35;634;333
40;35;689;333
44;35;635;333
45;35;287;333
46;35;287;333
47;35;287;333
48;35;287;333
49;35;287;333
50;35;287;333
51;35;287;333
52;35;287;333
53;35;287;333
54;35;287;333
55;35;287;333
56;35;287;333
57;35;287;333
58;35;628;333
72;35;627;333
73;35;623;333
74;35;287;333
75;35;287;333
76;35;287;333
77;35;287;333
78;35;287;333
79;35;287;333
80;35;287;333
81;35;287;333
82;35;287;333
83;35;287;333
84;35;287;333
85;35;287;333
86;35;622;333
87;35;1266;333
87;35;622;333
88;35;422;333
88;35;622;333
89;35;630;333
90;35;287;333
91;35;287;333
92;35;287;333
93;35;287;333
94;35;287;333
95;35;287;333
23;36;634;333
26;36;2877;333
33;36;646;333
40;36;689;333
44;36;635;333
44;36;2863;333
45;36;287;333
46;36;287;333
47;36;287;333
48;36;287;333
49;36;287;333
50;36;287;333
51;36;287;333
52;36;287;333
53;36;287;333
54;36;287;333
55;36;287;333
56;36;287;333
57;36;287;333
58;36;628;333
60;36;627;333
61;36;626;333
72;36;623;333
73;36;287;333
74;36;287;333
75;36;287;333
76;36;287;333
77;36;287;333
78;36;287;333
79;36;287;333
80;36;287;333
81;36;287;333
82;36;622;333
83;36;422;333
83;36;622;333
84;36;622;333
85;36;622;333
86;36;422;333
86;36;628;333
89;36;629;333
90;36;422;333
90;36;622;333
91;36;622;333
92;36;422;333
92;36;630;333
93;36;287;333
94;36;287;333
95;36;287;333
23;37;634;333
25;37;2876;333
26;37;2885;333
27;37;2878;333
33;37;650;333
40;37;689;333
44;37;635;333
45;37;287;333
46;37;287;333
47;37;287;333
48;37;287;333
49;37;287;333
50;37;287;333
51;37;287;333
52;37;287;333
53;37;287;333
54;37;287;333
55;37;287;333
56;37;287;333
57;37;622;333
58;37;628;333
60;37;629;333
61;37;628;333
72;37;623;333
73;37;287;333
74;37;287;333
75;37;287;333
76;37;287;333
77;37;287;333
78;37;287;333
79;37;287;333
80;37;287;333
81;37;622;333
84;37;422;333
84;37;628;333
92;37;623;333
93;37;287;333
94;37;287;333
95;37;287;333
0;38;287;333
1;38;287;333
2;38;287;333
3;38;287;333
23;38;634;333
26;38;2875;333
32;38;2906;333
32;38;395;333
33;38;634;333
40;38;689;333
44;38;635;333
45;38;287;333
46;38;287;333
47;38;287;333
48;38;287;333
49;38;287;333
50;38;287;333
51;38;287;333
52;38;287;333
53;38;287;333
54;38;287;333
55;38;287;333
56;38;287;333
57;38;628;333
72;38;623;333
73;38;287;333
74;38;287;333
75;38;287;333
76;38;287;333
77;38;287;333
78;38;287;333
79;38;622;333
80;38;622;333
83;38;615;333
83;38;422;333
83;38;422;333
83;38;422;333
83;38;422;333
83;38;2805;333
84;38;615;333
85;38;615;333
86;38;615;333
87;38;615;333
88;38;615;333
89;38;615;333
89;38;422;333
89;38;422;333
89;38;2805;333
92;38;422;333
92;38;623;333
93;38;287;333
94;38;287;333
95;38;287;333
0;39;287;333
1;39;622;333
2;39;630;333
3;39;287;333
4;39;287;333
5;39;287;333
23;39;634;333
31;39;36;333
31;39;2038;333
32;39;613;333
33;39;634;333
38;39;2805;333
40;39;689;333
40;39;395;333
44;39;635;333
45;39;287;333
46;39;287;333
47;39;287;333
48;39;287;333
49;39;287;333
50;39;287;333
51;39;287;333
52;39;287;333
53;39;287;333
54;39;287;333
55;39;287;333
56;39;287;333
57;39;628;333
64;39;626;333
71;39;627;333
72;39;623;333
73;39;287;333
74;39;287;333
75;39;287;333
76;39;622;333
77;39;622;333
78;39;622;333
83;39;616;333
84;39;615;333
85;39;615;333
86;39;615;333
87;39;615;333
88;39;615;333
89;39;616;333
92;39;623;333
93;39;287;333
94;39;287;333
95;39;287;333
0;40;287;333
1;40;626;333
2;40;629;333
3;40;622;333
4;40;630;333
5;40;287;333
23;40;634;333
24;40;395;333
31;40;267;333
32;40;613;333
33;40;682;333
34;40;632;333
35;40;632;333
36;40;613;333
37;40;632;333
38;40;613;333
39;40;632;333
40;40;613;333
41;40;632;333
42;40;613;333
43;40;632;333
44;40;683;333
45;40;287;333
46;40;287;333
47;40;287;333
48;40;287;333
49;40;287;333
50;40;287;333
51;40;287;333
52;40;287;333
53;40;287;333
54;40;287;333
55;40;287;333
56;40;287;333
57;40;628;333
71;40;627;333
72;40;287;333
73;40;287;333
74;40;287;333
75;40;287;333
77;40;1246;333
78;40;1266;333
79;40;422;333
79;40;422;333
79;40;1254;333
82;40;621;333
83;40;615;333
84;40;615;333
88;40;615;333
89;40;615;333
92;40;1266;333
92;40;422;333
92;40;629;333
93;40;630;333
94;40;287;333
95;40;287;333
0;41;287;333
4;41;623;333
5;41;287;333
6;41;287;333
23;41;691;333
23;41;682;333
24;41;632;333
25;41;636;333
26;41;613;333
27;41;636;333
28;41;652;333
29;41;656;333
30;41;636;333
31;41;680;333
32;41;613;333
33;41;287;333
34;41;287;333
35;41;287;333
36;41;287;333
37;41;287;333
38;41;287;333
39;41;287;333
40;41;287;333
41;41;287;333
42;41;287;333
43;41;287;333
44;41;287;333
45;41;287;333
46;41;287;333
47;41;287;333
48;41;287;333
49;41;287;333
50;41;287;333
51;41;287;333
52;41;287;333
53;41;287;333
54;41;287;333
55;41;287;333
56;41;622;333
57;41;628;333
58;41;626;333
70;41;627;333
71;41;623;333
72;41;287;333
73;41;287;333
74;41;287;333
75;41;622;333
78;41;1245;333
82;41;621;333
83;41;616;333
84;41;615;333
86;41;467;333
88;41;615;333
89;41;615;333
91;41;422;333
91;41;422;333
91;41;1246;333
93;41;623;333
94;41;287;333
95;41;287;333
0;42;287;333
4;42;629;333
5;42;630;333
6;42;287;333
7;42;287;333
8;42;287;333
9;42;287;333
10;42;287;333
11;42;287;333
12;42;287;333
13;42;287;333
14;42;287;333
15;42;287;333
16;42;287;333
17;42;287;333
18;42;287;333
19;42;287;333
20;42;287;333
21;42;691;333
22;42;632;333
23;42;683;333
25;42;320;333
25;42;2783;333
26;42;2905;333
26;42;320;333
26;42;2284;333
27;42;395;333
30;42;36;333
30;42;334;333
31;42;682;333
32;42;613;333
33;42;287;333
34;42;287;333
34;42;287;333
35;42;287;333
36;42;287;333
37;42;287;333
38;42;287;333
39;42;287;333
40;42;287;333
41;42;287;333
42;42;287;333
43;42;287;333
44;42;287;333
45;42;287;333
46;42;287;333
47;42;287;333
48;42;287;333
48;42;287;333
49;42;287;333
50;42;613;333
51;42;613;333
53;42;626;333
54;42;613;333
55;42;613;333
56;42;1246;333
57;42;629;333
58;42;628;333
70;42;623;333
71;42;287;333
72;42;287;333
73;42;287;333
74;42;622;333
82;42;621;333
83;42;615;333
84;42;615;333
88;42;615;333
89;42;616;333
93;42;623;333
94;42;287;333
95;42;287;333
0;43;287;333
5;43;623;333
6;43;287;333
7;43;287;333
8;43;287;333
9;43;287;333
10;43;287;333
11;43;287;333
12;43;287;333
13;43;287;333
14;43;287;333
15;43;287;333
16;43;287;333
17;43;287;333
18;43;287;333
19;43;287;333
20;43;287;333
21;43;680;333
22;43;635;333
22;43;513;333
31;43;395;333
32;43;613;333
33;43;613;333
34;43;633;333
35;43;633;333
36;43;633;333
37;43;613;333
38;43;633;333
38;43;694;333
39;43;633;333
39;43;395;333
40;43;633;333
40;43;692;333
41;43;613;333
42;43;633;333
42;43;692;333
43;43;633;333
43;43;395;333
44;43;633;333
44;43;694;333
45;43;613;333
46;43;633;333
47;43;633;333
48;43;634;333
57;43;1272;333
70;43;623;333
71;43;287;333
72;43;287;333
73;43;622;333
83;43;616;333
84;43;615;333
85;43;615;333
86;43;615;333
87;43;615;333
88;43;615;333
89;43;615;333
91;43;1266;333
92;43;623;333
93;43;287;333
94;43;287;333
95;43;287;333
0;44;287;333
5;44;627;333
6;44;287;333
7;44;287;333
8;44;287;333
9;44;287;333
10;44;287;333
11;44;599;333
12;44;287;333
13;44;287;333
14;44;287;333
15;44;287;333
16;44;287;333
17;44;287;333
18;44;680;333
19;44;613;333
20;44;633;333
20;44;220;333
20;44;2856;333
21;44;688;333
21;44;524;333
22;44;635;333
32;44;667;333
48;44;654;333;data=1050
54;44;1265;333
59;44;1246;333
70;44;629;333
71;44;622;333
72;44;622;333
73;44;915;333
83;44;615;333
83;44;422;333
83;44;422;333
83;44;422;333
83;44;2805;333
84;44;615;333
85;44;615;333
86;44;615;333
87;44;615;333
88;44;615;333
89;44;615;333
89;44;422;333
89;44;422;333
89;44;422;333
89;44;2805;333
92;44;623;333
93;44;287;333
94;44;287;333
0;45;287;333
5;45;629;333
6;45;622;333
7;45;597;333
8;45;597;333
8;45;417;333
9;45;597;333
10;45;597;333
10;45;411;333
11;45;287;333
12;45;287;333
12;45;597;333
13;45;287;333
14;45;287;333
15;45;287;333
16;45;287;333
17;45;287;333
18;45;634;333
19;45;524;333
22;45;639;333
26;45;613;333
27;45;395;333
32;45;671;333
48;45;658;333;data=1050
59;45;1272;333
60;45;915;333
62;45;1245;333
63;45;613;333
69;45;613;333
79;45;3107;333
82;45;422;333
82;45;422;333
82;45;422;333
82;45;915;333
89;45;422;333
89;45;627;333
90;45;623;333
91;45;287;333
92;45;287;333
93;45;287;333
94;45;287;333
0;46;287;333
5;46;1245;333
7;46;1246;333
11;46;597;333
11;46;417;333
12;46;597;333
13;46;597;333
13;46;411;333
14;46;630;333
15;46;287;333
16;46;287;333
17;46;680;333
18;46;688;333
22;46;655;333;data=1050
26;46;2905;333
32;46;635;333
32;46;395;333
45;46;319;333
47;46;691;333
47;46;2856;333
48;46;634;333
52;46;914;333
63;46;606;333
64;46;603;333
65;46;603;333
66;46;603;333
67;46;603;333
68;46;603;333
69;46;601;333
85;46;422;333
85;46;422;333
85;46;422;333
85;46;1245;333
90;46;623;333
91;46;287;333
92;46;287;333
93;46;287;333
0;47;287;333
10;47;1251;333
12;47;1245;333
15;47;411;333
16;47;597;333
17;47;646;333
22;47;659;333;data=1050
31;47;320;333
31;47;2400;333
32;47;613;333
34;47;691;333
35;47;632;333
36;47;632;333
37;47;632;333
38;47;632;333
39;47;632;333
40;47;690;333
47;47;635;333
48;47;287;333
49;47;287;333
55;47;1246;333
56;47;627;333
57;47;626;333
63;47;606;333
64;47;603;333
65;47;603;333
66;47;603;333
67;47;603;333
68;47;603;333
69;47;601;333
88;47;623;333
89;47;287;333
90;47;287;333
91;47;287;333
92;47;287;333
93;47;287;333
0;48;287;333
8;48;1782;333
9;48;1790;333
10;48;1783;333
16;48;598;333
17;48;650;333
22;48;635;333
22;48;2052;333
23;48;212;333
24;48;212;333
31;48;267;333
32;48;613;333
33;48;632;333
34;48;683;333
35;48;287;333
36;48;287;333
37;48;287;333
38;48;287;333
39;48;287;333
40;48;682;333
41;48;690;333
47;48;635;333
48;48;287;333
56;48;629;333
57;48;628;333
58;48;1246;333
60;48;1266;333
62;48;626;333
63;48;613;333
69;48;613;333
70;48;287;333
71;48;626;333
72;48;626;333
86;48;623;333
87;48;623;333
88;48;287;333
89;48;287;333
90;48;287;333
91;48;287;333
92;48;287;333
0;49;287;333
8;49;1783;333
9;49;1783;333
10;49;1783;333
11;49;1783;333
12;49;1782;333
13;49;1783;333
16;49;287;333
17;49;634;333
22;49;639;333
22;49;395;333
23;49;320;333
23;49;2854;333
24;49;320;333
31;49;320;333
31;49;2739;333
32;49;613;333
33;49;287;333
34;49;287;333
35;49;287;333
36;49;287;333
37;49;287;333
38;49;287;333
39;49;287;333
40;49;287;333
41;49;682;333
42;49;632;333
43;49;613;333
44;49;632;333
45;49;613;333
46;49;632;333
47;49;683;333
48;49;287;333
70;49;630;333
71;49;287;333
72;49;626;333
77;49;1265;333
79;49;1266;333
84;49;623;333
85;49;287;333
86;49;287;333
87;49;287;333
88;49;287;333
89;49;287;333
90;49;287;333
91;49;287;333
0;50;287;333
7;50;1782;333
8;50;1790;333
8;50;421;333
9;50;1782;333
10;50;1790;333
11;50;1783;333
12;50;1790;333
13;50;1783;333
15;50;414;333
16;50;287;333
17;50;682;333
18;50;632;333
19;50;690;333
22;50;635;333
22;50;2052;333
23;50;214;333
24;50;214;333
30;50;320;333
30;50;2552;333
31;50;691;333
31;50;395;333
32;50;613;333
33;50;287;333
34;50;287;333
35;50;287;333
36;50;287;333
37;50;287;333
38;50;287;333
39;50;287;333
40;50;287;333
41;50;287;333
42;50;287;333
43;50;287;333
44;50;287;333
45;50;287;333
46;50;287;333
47;50;287;333
48;50;287;333
49;50;622;333
53;50;626;333
70;50;629;333
71;50;630;333
72;50;287;333
73;50;626;333
81;50;627;333
82;50;623;333
83;50;287;333
84;50;287;333
85;50;287;333
86;50;287;333
87;50;287;333
88;50;287;333
89;50;287;333
90;50;287;333
91;50;287;333
0;51;287;333
8;51;1783;333
9;51;1783;333
10;51;1782;333
11;51;1783;333
12;51;1782;333
13;51;1783;333
15;51;629;333
16;51;287;333
17;51;287;333
18;51;287;333
19;51;682;333
20;51;632;333
21;51;632;333
22;51;683;333
30;51;320;333
30;51;2551;333
31;51;680;333
32;51;287;333
33;51;287;333
34;51;287;333
35;51;287;333
36;51;287;333
37;51;287;333
38;51;287;333
39;51;287;333
40;51;287;333
41;51;287;333
42;51;287;333
43;51;287;333
44;51;287;333
45;51;287;333
46;51;287;333
47;51;287;333
48;51;622;333
49;51;628;333
53;51;1246;333
71;51;629;333
72;51;622;333
73;51;628;333
82;51;623;333
83;51;287;333
84;51;287;333
85;51;287;333
86;51;287;333
87;51;287;333
88;51;287;333
89;51;287;333
90;51;287;333
91;51;287;333
0;52;287;333
10;52;1783;333
11;52;1790;333
11;52;421;333
12;52;1783;333
13;52;1783;333
15;52;1790;333
15;52;410;333
16;52;629;333
17;52;630;333
18;52;287;333
19;52;287;333
20;52;634;333
21;52;266;333
23;52;266;333
24;52;320;333
24;52;206;333
30;52;320;333
30;52;2554;333
31;52;682;333
32;52;287;333
33;52;287;333
34;52;287;333
35;52;287;333
36;52;287;333
37;52;287;333
38;52;287;333
39;52;287;333
40;52;287;333
41;52;287;333
42;52;287;333
43;52;287;333
44;52;287;333
45;52;287;333
46;52;287;333
47;52;287;333
48;52;628;333
49;52;914;333
72;52;1245;333
78;52;627;333
79;52;623;333
80;52;287;333
81;52;287;333
82;52;287;333
83;52;287;333
84;52;287;333
85;52;287;333
86;52;287;333
87;52;287;333
88;52;287;333
89;52;287;333
90;52;287;333
91;52;287;333
0;53;287;333
9;53;1783;333
10;53;1783;333
11;53;1783;333
12;53;1783;333
13;53;1783;333
16;53;1246;333
16;53;410;333
17;53;629;333
18;53;630;333
19;53;287;333
19;53;287;333
20;53;634;333
30;53;320;333
30;53;2553;333
31;53;689;333
31;53;266;333
32;53;613;333
33;53;287;333
34;53;287;333
35;53;287;333
36;53;287;333
37;53;287;333
38;53;287;333
39;53;287;333
40;53;287;333
41;53;287;333
42;53;287;333
43;53;287;333
44;53;287;333
45;53;287;333
46;53;287;333
47;53;287;333
48;53;628;333
49;53;914;333
50;53;914;333
72;53;1272;333
77;53;627;333
78;53;623;333
79;53;287;333
80;53;287;333
81;53;287;333
82;53;287;333
83;53;287;333
84;53;287;333
85;53;287;333
86;53;287;333
87;53;287;333
88;53;287;333
89;53;287;333
90;53;287;333
91;53;287;333
0;54;287;333
9;54;1790;333
9;54;421;333
10;54;1782;333
11;54;1790;333
12;54;1782;333
13;54;1790;333
15;54;1783;333
17;54;414;333
18;54;623;333
19;54;287;333
20;54;634;333
21;54;266;333
23;54;266;333
24;54;320;333
24;54;2671;333
25;54;395;333
32;54;635;333
32;54;395;333
33;54;287;333
34;54;287;333
35;54;287;333
36;54;287;333
37;54;287;333
38;54;287;333
39;54;287;333
40;54;287;333
41;54;287;333
42;54;287;333
43;54;287;333
44;54;287;333
45;54;287;333
46;54;287;333
47;54;287;333
48;54;628;333
49;54;626;333
50;54;914;333
51;54;914;333
76;54;627;333
77;54;623;333
78;54;287;333
79;54;287;333
80;54;287;333
81;54;287;333
82;54;287;333
83;54;287;333
84;54;287;333
85;54;287;333
86;54;287;333
87;54;287;333
88;54;287;333
89;54;287;333
90;54;287;333
91;54;287;333
0;55;287;333
6;55;1245;333
9;55;1783;333
10;55;1783;333
11;55;1783;333
12;55;1783;333
13;55;1782;333
14;55;1782;333
15;55;1783;333
18;55;596;333
19;55;287;333
20;55;634;333
30;55;320;333
30;55;2694;333
31;55;266;333
32;55;613;333
33;55;287;333
34;55;287;333
35;55;287;333
36;55;287;333
37;55;287;333
38;55;287;333
39;55;287;333
40;55;287;333
41;55;287;333
42;55;287;333
43;55;287;333
44;55;287;333
45;55;287;333
46;55;287;333
47;55;287;333
48;55;287;333
49;55;287;333
50;55;626;333
51;55;626;333
52;55;914;333
53;55;914;333
76;55;1265;333
77;55;629;333
78;55;630;333
79;55;287;333
80;55;287;333
81;55;287;333
82;55;287;333
83;55;287;333
84;55;287;333
85;55;287;333
86;55;287;333
87;55;287;333
88;55;287;333
89;55;287;333
90;55;287;333
91;55;287;333
0;56;287;333
10;56;1783;333
10;56;421;333
11;56;1783;333
12;56;1782;333
13;56;1783;333
14;56;1783;333
15;56;1783;333
17;56;1251;333
18;56;623;333
19;56;287;333
20;56;634;333
21;56;266;333
23;56;266;333
24;56;320;333
24;56;2704;333
32;56;635;333
32;56;395;333
33;56;287;333
34;56;287;333
35;56;287;333
36;56;287;333
37;56;287;333
38;56;287;333
39;56;287;333
40;56;287;333
41;56;287;333
42;56;287;333
43;56;287;333
44;56;287;333
45;56;287;333
46;56;287;333
47;56;287;333
48;56;287;333
49;56;287;333
50;56;287;333
51;56;287;333
52;56;914;333
54;56;1265;333
69;56;626;333
77;56;1245;333
78;56;629;333
79;56;630;333
80;56;287;333
81;56;287;333
82;56;287;333
83;56;287;333
84;56;287;333
85;56;287;333
86;56;287;333
87;56;287;333
88;56;287;333
89;56;287;333
90;56;287;333
91;56;287;333
0;57;287;333
10;57;1246;333
12;57;1790;333
13;57;1782;333
14;57;1790;333
15;57;1790;333
18;57;596;333
19;57;287;333
20;57;613;333
21;57;632;333
22;57;632;333
23;57;690;333
30;57;320;333
30;57;2360;333
31;57;266;333
32;57;613;333
33;57;287;333
34;57;287;333
35;57;287;333
36;57;287;333
37;57;287;333
38;57;287;333
39;57;287;333
40;57;287;333
41;57;287;333
42;57;287;333
43;57;287;333
44;57;287;333
45;57;287;333
46;57;287;333
47;57;287;333
48;57;287;333
49;57;287;333
50;57;622;333
51;57;622;333
52;57;628;333
79;57;623;333
80;57;287;333
81;57;287;333
82;57;287;333
83;57;287;333
84;57;287;333
85;57;287;333
86;57;287;333
87;57;287;333
88;57;287;333
89;57;287;333
90;57;287;333
91;57;287;333
0;58;287;333
12;58;1783;333
13;58;1783;333
14;58;1782;333
14;58;421;333
16;58;1783;333
17;58;1783;333
18;58;1783;333
18;58;410;333
19;58;630;333
20;58;287;333
21;58;287;333
22;58;287;333
23;58;682;333
24;58;690;333
32;58;635;333
32;58;395;333
33;58;287;333
34;58;287;333
35;58;287;333
36;58;287;333
37;58;287;333
38;58;287;333
39;58;287;333
40;58;287;333
41;58;287;333
42;58;287;333
43;58;287;333
44;58;287;333
45;58;287;333
46;58;287;333
47;58;287;333
48;58;287;333
49;58;622;333
50;58;628;333
79;58;623;333
80;58;287;333
81;58;287;333
82;58;287;333
83;58;287;333
84;58;287;333
85;58;287;333
86;58;287;333
87;58;287;333
88;58;287;333
89;58;287;333
90;58;287;333
91;58;287;333
0;59;287;333
12;59;1790;333
13;59;1782;333
14;59;1790;333
15;59;1783;333
16;59;1790;333
17;59;1782;333
18;59;1790;333
19;59;629;333
20;59;597;333
21;59;287;333
22;59;287;333
23;59;287;333
24;59;682;333
25;59;680;333
26;59;633;333
26;59;513;333
27;59;637;333
27;59;513;333
28;59;653;333
29;59;657;333
30;59;637;333
30;59;1360;333
31;59;633;333
31;59;103;333
32;59;633;333
32;59;401;333
33;59;681;333
33;59;220;333
34;59;287;333
35;59;287;333
36;59;287;333
37;59;287;333
38;59;287;333
39;59;287;333
40;59;287;333
41;59;287;333
42;59;287;333
43;59;287;333
44;59;287;333
45;59;287;333
46;59;287;333
47;59;287;333
48;59;622;333
49;59;628;333
79;59;623;333
80;59;287;333
81;59;287;333
82;59;287;333
83;59;287;333
84;59;287;333
85;59;287;333
86;59;287;333
87;59;287;333
88;59;287;333
89;59;287;333
90;59;287;333
91;59;287;333
0;60;287;333
12;60;1783;333
13;60;1783;333
14;60;1782;333
15;60;1790;333
16;60;1783;333
17;60;1783;333
19;60;623;333
20;60;287;333
21;60;287;333
22;60;287;333
23;60;287;333
24;60;287;333
25;60;634;333
26;60;2207;333
27;60;220;333
27;60;393;333
31;60;214;333
33;60;635;333
33;60;169;333
34;60;287;333
35;60;287;333
36;60;287;333
37;60;287;333
38;60;287;333
39;60;287;333
40;60;287;333
41;60;287;333
42;60;287;333
43;60;287;333
44;60;287;333
45;60;287;333
46;60;287;333
47;60;287;333
48;60;628;333
49;60;914;333
51;60;915;333
69;60;626;333
74;60;626;333
79;60;623;333
80;60;287;333
0;61;287;333
15;61;1783;333
15;61;421;333
16;61;1783;333
17;61;1782;333
18;61;414;333
19;61;623;333
20;61;287;333
21;61;287;333
22;61;287;333
23;61;287;333
24;61;287;333
25;61;634;333
33;61;635;333
33;61;513;333
34;61;287;333
35;61;287;333
36;61;287;333
37;61;287;333
38;61;287;333
39;61;287;333
40;61;287;333
41;61;287;333
42;61;287;333
43;61;287;333
44;61;287;333
45;61;287;333
46;61;287;333
47;61;622;333
48;61;628;333
49;61;915;333
50;61;1272;333
69;61;627;333
70;61;626;333
71;61;626;333
79;61;623;333
80;61;287;333
0;62;287;333
5;62;627;333
6;62;626;333
13;62;914;333
15;62;1783;333
16;62;1790;333
16;62;421;333
17;62;1783;333
19;62;596;333
20;62;287;333
21;62;287;333
22;62;287;333
23;62;287;333
24;62;287;333
25;62;634;333
33;62;635;333
34;62;287;333
35;62;287;333
36;62;287;333
37;62;287;333
38;62;287;333
39;62;287;333
40;62;287;333
41;62;287;333
42;62;287;333
43;62;287;333
44;62;287;333
45;62;287;333
46;62;622;333
47;62;628;333
67;62;627;333
68;62;627;333
69;62;623;333
70;62;287;333
71;62;626;333
77;62;627;333
78;62;627;333
79;62;623;333
80;62;287;333
0;63;287;333
6;63;628;333
16;63;1783;333
18;63;623;333
19;63;287;333
20;63;287;333
21;63;287;333
22;63;287;333
23;63;287;333
24;63;287;333
25;63;634;333
27;63;212;333
28;63;212;333
33;63;635;333
33;63;725;333
34;63;287;333
35;63;287;333
36;63;287;333
37;63;287;333
38;63;287;333
39;63;287;333
40;63;287;333
41;63;287;333
42;63;287;333
43;63;287;333
44;63;287;333
45;63;287;333
46;63;628;333
63;63;627;333
64;63;627;333
65;63;627;333
66;63;627;333
67;63;623;333
68;63;287;333
69;63;287;333
70;63;287;333
71;63;626;333
72;63;627;333
73;63;627;333
74;63;627;333
75;63;627;333
76;63;627;333
77;63;623;333
78;63;287;333
79;63;287;333
80;63;287;333
0;64;287;333
11;64;1246;333
18;64;596;333
19;64;287;333
20;64;287;333
21;64;287;333
22;64;287;333
23;64;287;333
24;64;287;333
25;64;634;333
26;64;213;333
27;64;320;333
28;64;320;333
29;64;215;333
33;64;635;333
33;64;395;333
34;64;287;333
35;64;287;333
36;64;287;333
37;64;287;333
38;64;287;333
39;64;287;333
40;64;287;333
41;64;287;333
42;64;287;333
43;64;287;333
44;64;287;333
45;64;287;333
46;64;628;333
59;64;627;333
60;64;627;333
61;64;627;333
62;64;627;333
63;64;623;333
64;64;287;333
65;64;287;333
66;64;287;333
67;64;287;333
68;64;287;333
69;64;287;333
70;64;287;333
71;64;287;333
72;64;287;333
73;64;287;333
74;64;287;333
75;64;287;333
76;64;287;333
77;64;287;333
78;64;287;333
79;64;287;333
80;64;287;333
0;65;287;333
18;65;623;333
19;65;287;333
20;65;287;333
21;65;287;333
22;65;287;333
23;65;287;333
24;65;287;333
25;65;634;333
26;65;213;333
27;65;320;333
27;65;2853;333
28;65;320;333
29;65;215;333
32;65;515;333
33;65;635;333
33;65;627;333
34;65;287;333
35;65;287;333
36;65;287;333
37;65;287;333
38;65;287;333
39;65;287;333
40;65;287;333
41;65;287;333
42;65;287;333
43;65;287;333
44;65;287;333
45;65;287;333
46;65;628;333
58;65;627;333
59;65;623;333
60;65;287;333
61;65;287;333
62;65;287;333
63;65;287;333
64;65;287;333
65;65;287;333
66;65;287;333
67;65;287;333
68;65;287;333
69;65;287;333
70;65;287;333
71;65;287;333
72;65;287;333
73;65;287;333
74;65;287;333
75;65;287;333
76;65;287;333
77;65;287;333
78;65;287;333
79;65;287;333
80;65;287;333
0;66;287;333
17;66;410;333
18;66;287;333
19;66;287;333
20;66;287;333
21;66;287;333
22;66;287;333
23;66;287;333
24;66;287;333
25;66;634;333
27;66;214;333
28;66;214;333
32;66;321;333;data=32
33;66;635;333
33;66;623;333
34;66;287;333
35;66;287;333
36;66;287;333
37;66;287;333
38;66;287;333
39;66;287;333
40;66;287;333
41;66;287;333
42;66;287;333
43;66;287;333
44;66;287;333
45;66;622;333
46;66;628;333
58;66;623;333
59;66;287;333
60;66;287;333
61;66;287;333
62;66;287;333
63;66;287;333
64;66;287;333
65;66;287;333
66;66;287;333
67;66;287;333
68;66;287;333
69;66;287;333
70;66;287;333
71;66;287;333
72;66;287;333
73;66;287;333
74;66;287;333
75;66;287;333
76;66;287;333
77;66;287;333
78;66;287;333
79;66;287;333
80;66;287;333
0;67;287;333
14;67;1245;333
16;67;596;333
17;67;287;333
18;67;287;333
19;67;287;333
20;67;287;333
21;67;287;333
22;67;287;333
23;67;287;333
24;67;287;333
25;67;634;333
32;67;517;333
33;67;635;333
33;67;629;333
34;67;287;333
35;67;287;333
36;67;287;333
37;67;287;333
38;67;287;333
39;67;287;333
40;67;287;333
41;67;287;333
42;67;287;333
43;67;287;333
44;67;287;333
45;67;628;333
58;67;623;333
59;67;287;333
60;67;287;333
61;67;287;333
62;67;287;333
63;67;287;333
64;67;287;333
65;67;287;333
66;67;287;333
67;67;287;333
68;67;287;333
69;67;287;333
70;67;287;333
71;67;287;333
72;67;287;333
73;67;287;333
74;67;287;333
75;67;287;333
76;67;287;333
77;67;287;333
78;67;287;333
79;67;287;333
80;67;287;333
0;68;287;333
16;68;623;333
17;68;287;333
18;68;287;333
19;68;287;333
20;68;287;333
21;68;287;333
22;68;287;333
23;68;287;333
24;68;287;333
25;68;634;333
26;68;513;333
27;68;250;333
32;68;213;333
33;68;635;333
33;68;171;333
34;68;287;333
35;68;287;333
36;68;287;333
37;68;287;333
38;68;287;333
39;68;287;333
40;68;287;333
41;68;287;333
42;68;287;333
43;68;287;333
44;68;622;333
45;68;628;333
57;68;627;333
58;68;623;333
59;68;287;333
60;68;287;333
61;68;287;333
62;68;287;333
63;68;287;333
64;68;287;333
65;68;287;333
66;68;287;333
67;68;287;333
68;68;287;333
69;68;287;333
70;68;287;333
71;68;287;333
72;68;287;333
73;68;287;333
74;68;287;333
75;68;287;333
76;68;287;333
77;68;287;333
78;68;287;333
79;68;287;333
80;68;287;333
0;69;287;333
16;69;596;333
16;69;1265;333
17;69;287;333
18;69;287;333
19;69;287;333
20;69;287;333
21;69;287;333
22;69;287;333
23;69;287;333
24;69;287;333
25;69;634;333
26;69;513;333
27;69;513;333
33;69;635;333
33;69;220;333
33;69;393;333
34;69;287;333
35;69;287;333
36;69;287;333
37;69;287;333
38;69;287;333
39;69;287;333
40;69;287;333
41;69;287;333
42;69;287;333
43;69;622;333
44;69;628;333
57;69;623;333
58;69;287;333
59;69;287;333
60;69;287;333
61;69;287;333
62;69;287;333
63;69;287;333
64;69;287;333
65;69;287;333
66;69;287;333
67;69;287;333
68;69;287;333
69;69;287;333
70;69;287;333
71;69;287;333
72;69;287;333
73;69;287;333
74;69;287;333
75;69;287;333
76;69;287;333
77;69;287;333
78;69;287;333
79;69;287;333
80;69;287;333
0;70;287;333
9;70;627;333
10;70;626;333
16;70;623;333
17;70;287;333
18;70;287;333
19;70;287;333
20;70;287;333
21;70;287;333
22;70;287;333
23;70;287;333
24;70;287;333
25;70;682;333
26;70;632;333
27;70;632;333
27;70;513;333
28;70;636;333
29;70;652;333;data=1050
30;70;656;333;data=1050
31;70;632;333
32;70;632;333
32;70;524;333
33;70;683;333
34;70;287;333
35;70;287;333
36;70;287;333
37;70;287;333
38;70;287;333
39;70;287;333
40;70;287;333
41;70;287;333
42;70;622;333
43;70;628;333
53;70;627;333
54;70;627;333
55;70;627;333
56;70;627;333
57;70;623;333
58;70;287;333
59;70;287;333
60;70;287;333
61;70;287;333
62;70;287;333
63;70;287;333
64;70;287;333
65;70;287;333
66;70;287;333
67;70;287;333
68;70;287;333
69;70;287;333
70;70;287;333
71;70;287;333
72;70;287;333
73;70;287;333
74;70;287;333
75;70;287;333
76;70;287;333
77;70;287;333
78;70;287;333
79;70;287;333
80;70;287;333
0;71;287;333
1;71;626;333
9;71;629;333
10;71;628;333
16;71;623;333
17;71;287;333
18;71;287;333
19;71;287;333
20;71;287;333
21;71;287;333
22;71;287;333
23;71;287;333
24;71;287;333
25;71;287;333
26;71;287;333
31;71;623;333
32;71;287;333
33;71;287;333
34;71;287;333
35;71;287;333
36;71;287;333
37;71;287;333
38;71;287;333
39;71;287;333
40;71;287;333
41;71;622;333
42;71;628;333
53;71;623;333
54;71;287;333
55;71;287;333
56;71;287;333
57;71;287;333
58;71;287;333
59;71;287;333
60;71;287;333
61;71;287;333
62;71;287;333
63;71;287;333
64;71;287;333
0;72;287;333
1;72;626;333
2;72;626;333
3;72;626;333
16;72;623;333
17;72;287;333
18;72;287;333
19;72;287;333
20;72;287;333
21;72;287;333
22;72;287;333
23;72;287;333
24;72;287;333
25;72;287;333
26;72;613;333
30;72;2906;333
31;72;613;333
32;72;622;333
33;72;622;333
34;72;630;333
35;72;287;333
36;72;287;333
37;72;287;333
38;72;287;333
39;72;287;333
40;72;622;333
41;72;628;333
53;72;623;333
54;72;287;333
55;72;287;333
56;72;287;333
57;72;287;333
58;72;287;333
59;72;287;333
60;72;287;333
61;72;287;333
62;72;287;333
63;72;287;333
64;72;287;333
0;73;287;333
1;73;287;333
2;73;287;333
3;73;626;333
16;73;596;333
17;73;287;333
18;73;287;333
19;73;287;333
20;73;287;333
21;73;287;333
22;73;622;333
23;73;622;333
24;73;622;333
25;73;628;333
26;73;401;333
31;73;401;333
32;73;1266;333
33;73;627;333
34;73;623;333
35;73;287;333
36;73;287;333
37;73;622;333
38;73;622;333
39;73;622;333
40;73;628;333
51;73;627;333
52;73;627;333
53;73;623;333
54;73;287;333
55;73;287;333
56;73;287;333
57;73;287;333
58;73;287;333
59;73;287;333
60;73;287;333
61;73;287;333
62;73;287;333
63;73;287;333
64;73;287;333
0;74;287;333
1;74;287;333
2;74;287;333
3;74;626;333
16;74;623;333
17;74;287;333
18;74;287;333
19;74;287;333
20;74;287;333
21;74;287;333
21;74;287;333
22;74;613;333
32;74;914;333
33;74;623;333
34;74;287;333
35;74;287;333
36;74;622;333
37;74;628;333
51;74;623;333
52;74;287;333
53;74;287;333
54;74;287;333
55;74;287;333
56;74;287;333
57;74;287;333
58;74;287;333
59;74;287;333
60;74;287;333
61;74;287;333
62;74;287;333
63;74;287;333
64;74;287;333
0;75;287;333
1;75;287;333
2;75;287;333
3;75;626;333
4;75;626;333
16;75;623;333
17;75;287;333
18;75;287;333
19;75;287;333
20;75;287;333
21;75;622;333
23;75;172;333
25;75;172;333
32;75;627;333
33;75;623;333
34;75;287;333
35;75;622;333
36;75;628;333
51;75;623;333
52;75;287;333
53;75;287;333
54;75;287;333
55;75;287;333
56;75;287;333
57;75;287;333
58;75;287;333
59;75;287;333
60;75;287;333
61;75;287;333
62;75;287;333
63;75;287;333
64;75;287;333
0;76;287;333
1;76;287;333
2;76;287;333
3;76;287;333
4;76;626;333
11;76;627;333
12;76;627;333
13;76;627;333
14;76;627;333
15;76;627;333
16;76;623;333
17;76;287;333
18;76;622;333
19;76;622;333
20;76;622;333
21;76;628;333
32;76;629;333
33;76;628;333
34;76;622;333
35;76;628;333
49;76;627;333
50;76;627;333
51;76;623;333
52;76;287;333
53;76;287;333
54;76;287;333
55;76;287;333
56;76;287;333
57;76;287;333
58;76;287;333
59;76;287;333
60;76;287;333
61;76;287;333
62;76;287;333
63;76;287;333
64;76;287;333
0;77;287;333
1;77;287;333
2;77;287;333
3;77;287;333
4;77;626;333
11;77;623;333
12;77;287;333
13;77;287;333
14;77;287;333
15;77;287;333
16;77;287;333
17;77;287;333
18;77;628;333
27;77;2837;333
28;77;613;333
31;77;313;333
32;77;613;333
33;77;628;333
49;77;623;333
50;77;287;333
51;77;287;333
52;77;287;333
53;77;287;333
54;77;287;333
55;77;287;333
56;77;287;333
57;77;287;333
58;77;287;333
59;77;287;333
60;77;287;333
0;78;287;333
1;78;287;333
2;78;287;333
3;78;287;333
4;78;627;333
5;78;627;333
6;78;627;333
7;78;627;333
8;78;627;333
9;78;627;333
10;78;627;333
11;78;623;333
12;78;287;333
13;78;287;333
14;78;287;333
15;78;287;333
16;78;287;333
17;78;622;333
18;78;628;333
19;78;915;333
32;78;613;333
48;78;627;333
49;78;623;333
50;78;287;333
51;78;287;333
52;78;287;333
53;78;287;333
54;78;287;333
55;78;287;333
56;78;287;333
57;78;287;333
0;79;287;333
1;79;287;333
2;79;287;333
3;79;287;333
4;79;287;333
5;79;287;333
6;79;287;333
7;79;287;333
8;79;287;333
9;79;287;333
10;79;287;333
11;79;287;333
12;79;287;333
13;79;287;333
14;79;287;333
15;79;287;333
16;79;287;333
17;79;628;333
48;79;623;333
49;79;287;333
50;79;287;333
51;79;287;333
52;79;287;333
53;79;287;333
54;79;287;333
55;79;287;333
56;79;287;333
57;79;287;333
0;80;287;333
1;80;287;333
2;80;287;333
3;80;287;333
4;80;287;333
5;80;287;333
6;80;287;333
7;80;287;333
8;80;287;333
9;80;287;333
10;80;287;333
11;80;287;333
12;80;287;333
13;80;287;333
14;80;287;333
15;80;287;333
16;80;622;333
17;80;628;333
22;80;1266;333
25;80;626;333
46;80;627;333
47;80;627;333
48;80;623;333
49;80;287;333
50;80;287;333
51;80;287;333
52;80;287;333
53;80;287;333
54;80;287;333
55;80;287;333
56;80;287;333
57;80;287;333
0;81;287;333
1;81;287;333
2;81;287;333
3;81;287;333
4;81;287;333
5;81;287;333
6;81;287;333
7;81;287;333
8;81;287;333
9;81;287;333
10;81;287;333
11;81;287;333
12;81;287;333
13;81;287;333
14;81;287;333
15;81;287;333
16;81;628;333
18;81;1265;333
22;81;613;333
46;81;623;333
47;81;287;333
48;81;287;333
49;81;287;333
50;81;287;333
51;81;287;333
52;81;287;333
53;81;287;333
54;81;287;333
55;81;287;333
56;81;287;333
57;81;287;333
0;82;287;333
1;82;287;333
2;82;287;333
3;82;287;333
4;82;287;333
5;82;287;333
6;82;287;333
7;82;287;333
8;82;287;333
9;82;287;333
10;82;287;333
11;82;287;333
12;82;287;333
13;82;287;333
14;82;287;333
15;82;287;333
16;82;628;333
18;82;1246;333
21;82;914;333
22;82;613;333
46;82;623;333
47;82;287;333
48;82;287;333
49;82;287;333
50;82;287;333
51;82;287;333
52;82;287;333
53;82;287;333
54;82;287;333
55;82;287;333
56;82;287;333
57;82;287;333
0;83;287;333
1;83;287;333
2;83;287;333
3;83;287;333
4;83;287;333
5;83;287;333
6;83;287;333
7;83;287;333
8;83;287;333
9;83;287;333
10;83;287;333
11;83;287;333
12;83;287;333
13;83;287;333
14;83;287;333
15;83;622;333
16;83;628;333
18;83;627;333
19;83;626;333
43;83;627;333
44;83;627;333
45;83;627;333
46;83;623;333
47;83;287;333
48;83;287;333
49;83;287;333
50;83;287;333
51;83;287;333
52;83;287;333
53;83;287;333
0;84;287;333
1;84;287;333
2;84;287;333
3;84;287;333
4;84;287;333
5;84;287;333
6;84;287;333
7;84;287;333
8;84;287;333
9;84;287;333
10;84;287;333
11;84;287;333
12;84;287;333
13;84;287;333
14;84;287;333
15;84;628;333
18;84;629;333
19;84;628;333
43;84;623;333
44;84;287;333
45;84;287;333
46;84;287;333
47;84;287;333
48;84;287;333
49;84;287;333
50;84;287;333
51;84;287;333
52;84;287;333
53;84;287;333
0;85;287;333
1;85;287;333
2;85;287;333
3;85;287;333
4;85;287;333
5;85;287;333
6;85;287;333
7;85;287;333
8;85;287;333
9;85;287;333
10;85;287;333
11;85;287;333
12;85;622;333
13;85;622;333
14;85;622;333
15;85;628;333
18;85;915;333
43;85;623;333
44;85;287;333
45;85;287;333
46;85;287;333
47;85;287;333
48;85;287;333
49;85;287;333
50;85;287;333
51;85;287;333
52;85;287;333
53;85;287;333
0;86;287;333
1;86;287;333
2;86;287;333
3;86;287;333
4;86;287;333
5;86;287;333
6;86;287;333
7;86;287;333
8;86;287;333
9;86;287;333
10;86;287;333
11;86;287;333
12;86;628;333
13;86;627;333
14;86;626;333
40;86;627;333
41;86;627;333
42;86;627;333
43;86;623;333
44;86;287;333
45;86;287;333
46;86;287;333
47;86;287;333
48;86;287;333
49;86;287;333
50;86;287;333
51;86;287;333
52;86;287;333
53;86;287;333
0;87;287;333
1;87;287;333
2;87;287;333
3;87;287;333
4;87;287;333
5;87;287;333
6;87;287;333
7;87;287;333
8;87;287;333
9;87;287;333
10;87;287;333
11;87;287;333
12;87;628;333
13;87;629;333
14;87;628;333
15;87;1254;333
16;87;1266;333
34;87;626;333
40;87;623;333
41;87;287;333
42;87;287;333
43;87;287;333
44;87;287;333
45;87;287;333
46;87;287;333
47;87;287;333
48;87;287;333
49;87;287;333
50;87;287;333
51;87;287;333
52;87;287;333
53;87;287;333
0;88;287;333
1;88;287;333
2;88;287;333
3;88;287;333
4;88;287;333
5;88;287;333
6;88;287;333
7;88;287;333
8;88;287;333
9;88;287;333
10;88;622;333
11;88;622;333
12;88;628;333
31;88;627;333
32;88;626;333
40;88;623;333
41;88;287;333
42;88;287;333
43;88;287;333
44;88;287;333
45;88;287;333
46;88;287;333
47;88;287;333
48;88;287;333
49;88;287;333
50;88;287;333
51;88;287;333
52;88;287;333
53;88;287;333
0;89;287;333
1;89;287;333
2;89;287;333
3;89;287;333
4;89;287;333
5;89;287;333
6;89;287;333
7;89;287;333
8;89;287;333
9;89;287;333
10;89;628;333
31;89;629;333
32;89;628;333
36;89;1246;333
37;89;626;333
38;89;627;333
39;89;627;333
40;89;623;333
41;89;287;333
42;89;287;333
43;89;287;333
44;89;287;333
45;89;287;333
46;89;287;333
47;89;287;333
48;89;287;333
49;89;287;333
0;90;287;333
1;90;287;333
2;90;287;333
3;90;287;333
4;90;287;333
5;90;287;333
6;90;622;333
7;90;622;333
8;90;622;333
9;90;622;333
10;90;628;333
27;90;627;333
28;90;626;333
33;90;1254;333
35;90;1265;333
38;90;623;333
39;90;287;333
40;90;287;333
41;90;287;333
42;90;287;333
43;90;287;333
44;90;287;333
45;90;287;333
46;90;287;333
47;90;287;333
48;90;287;333
49;90;287;333
0;91;287;333
1;91;287;333
2;91;622;333
3;91;622;333
4;91;622;333
5;91;622;333
6;91;628;333
27;91;629;333
28;91;628;333
29;91;1246;333
31;91;1272;333
36;91;627;333
37;91;627;333
38;91;623;333
39;91;287;333
40;91;287;333
41;91;287;333
42;91;287;333
43;91;287;333
44;91;287;333
45;91;287;333
46;91;287;333
47;91;287;333
48;91;287;333
49;91;287;333
0;92;287;333
1;92;622;333
2;92;628;333
31;92;1266;333
34;92;627;333
35;92;627;333
36;92;623;333
37;92;287;333
38;92;287;333
39;92;287;333
40;92;287;333
41;92;287;333
42;92;287;333
43;92;287;333
44;92;287;333
45;92;287;333
46;92;287;333
47;92;287;333
48;92;287;333
49;92;287;333
0;93;622;333
1;93;628;333
25;93;914;333
32;93;627;333
33;93;627;333
34;93;623;333
35;93;287;333
36;93;287;333
37;93;287;333
38;93;287;333
39;93;287;333
40;93;287;333
41;93;287;333
42;93;287;333
43;93;287;333
44;93;287;333
45;93;287;333
0;94;628;333
15;94;626;333
16;94;914;333
23;94;1272;333
25;94;1254;333
32;94;623;333
33;94;287;333
34;94;287;333
35;94;287;333
36;94;287;333
37;94;287;333
38;94;287;333
39;94;287;333
40;94;287;333
41;94;287;333
42;94;287;333
43;94;287;333
44;94;287;333
45;94;287;333
18;95;1265;333
31;95;627;333
32;95;623;333
33;95;287;333
34;95;287;333
35;95;287;333
36;95;287;333
37;95;287;333
38;95;287;333
39;95;287;333
40;95;287;333
41;95;287;333
42;95;287;333
43;95;287;333
44;95;287;333
45;95;287;333
11;96;627;333
12;96;626;333
13;96;627;333
14;96;626;333
16;96;1265;333
24;96;627;333
25;96;627;333
26;96;627;333
27;96;627;333
28;96;627;333
29;96;627;333
30;96;627;333
31;96;623;333
32;96;287;333
33;96;287;333
34;96;287;333
35;96;287;333
36;96;287;333
37;96;287;333
38;96;287;333
39;96;287;333
40;96;287;333
41;96;287;333
42;96;287;333
43;96;287;333
44;96;287;333
45;96;287;333
11;97;629;333
12;97;628;333
13;97;629;333
14;97;628;333
15;97;626;333
16;97;627;333
17;97;627;333
18;97;627;333
19;97;627;333
20;97;627;333
21;97;627;333
22;97;627;333
23;97;627;333
24;97;623;333
25;97;287;333
26;97;287;333
27;97;287;333
28;97;287;333
29;97;287;333
30;97;287;333
31;97;287;333
32;97;287;333
33;97;287;333
34;97;287;333
35;97;287;333
36;97;287;333
37;97;287;333
38;97;287;333
39;97;287;333
40;97;287;333
41;97;287;333
42;97;287;333
43;97;287;333
44;97;287;333
45;97;287;333
8;98;627;333
9;98;627;333
10;98;627;333
11;98;627;333
12;98;627;333
13;98;627;333
14;98;627;333
15;98;627;333
16;98;623;333
17;98;287;333
18;98;287;333
19;98;287;333
20;98;287;333
21;98;287;333
22;98;287;333
23;98;287;333
24;98;287;333
25;98;287;333
26;98;287;333
27;98;287;333
28;98;287;333
29;98;287;333
30;98;287;333
31;98;287;333
32;98;287;333
33;98;287;333
34;98;287;333
35;98;287;333
36;98;287;333
37;98;287;333
38;98;287;333
39;98;287;333
40;98;287;333
41;98;287;333
42;98;287;333
43;98;287;333
44;98;287;333
45;98;287;333
8;99;623;333
9;99;287;333
10;99;287;333
11;99;287;333
12;99;287;333
13;99;287;333
14;99;287;333
15;99;287;333
16;99;287;333
17;99;287;333
18;99;287;333
19;99;287;333
20;99;287;333
21;99;287;333
22;99;287;333
23;99;287;333
24;99;287;333
25;99;287;333
26;99;287;333
27;99;287;333
28;99;287;333
29;99;287;333
30;99;287;333
31;99;287;333
32;99;287;333
33;99;287;333
34;99;287;333
35;99;287;333
36;99;287;333
37;99;287;333
38;99;287;333
39;99;287;333
40;99;287;333
41;99;287;333
42;99;287;333
43;99;287;333
44;99;287;333
45;99;287;333
