73;0;0;287;0
74;0;0;287;0
75;0;0;287;0
76;0;0;287;0
77;0;0;287;0
78;0;0;287;0
79;0;0;287;0
80;0;0;287;0
81;0;0;287;0
82;0;0;287;0
83;0;0;287;0
84;0;0;287;0
85;0;0;287;0
86;0;0;622;0
89;0;0;623;0
90;0;0;287;0
91;0;0;287;0
92;0;0;287;0
73;1;0;287;0
74;1;0;287;0
75;1;0;287;0
76;1;0;287;0
77;1;0;287;0
78;1;0;287;0
79;1;0;287;0
80;1;0;287;0
81;1;0;287;0
82;1;0;287;0
83;1;0;287;0
84;1;0;287;0
85;1;0;622;0
86;1;0;628;0
89;1;0;623;0
90;1;0;287;0
91;1;0;287;0
92;1;0;287;0
73;2;0;287;0
74;2;0;287;0
75;2;0;287;0
76;2;0;287;0
77;2;0;287;0
78;2;0;287;0
79;2;0;287;0
80;2;0;287;0
81;2;0;287;0
82;2;0;287;0
83;2;0;287;0
84;2;0;287;0
85;2;0;628;0
89;2;0;623;0
90;2;0;287;0
91;2;0;287;0
92;2;0;287;0
73;3;0;287;0
74;3;0;287;0
75;3;0;287;0
76;3;0;287;0
77;3;0;287;0
78;3;0;287;0
79;3;0;287;0
80;3;0;287;0
81;3;0;287;0
82;3;0;287;0
83;3;0;287;0
84;3;0;622;0
85;3;0;628;0
88;3;0;627;0
89;3;0;623;0
90;3;0;287;0
91;3;0;287;0
92;3;0;287;0
72;4;0;287;0
73;4;0;287;0
74;4;0;287;0
75;4;0;287;0
76;4;0;287;0
77;4;0;287;0
78;4;0;287;0
79;4;0;287;0
80;4;0;287;0
81;4;0;287;0
82;4;0;287;0
83;4;0;622;0
84;4;0;628;0
88;4;0;623;0
89;4;0;287;0
90;4;0;287;0
91;4;0;287;0
92;4;0;287;0
70;5;0;287;0
71;5;0;287;0
72;5;0;287;0
73;5;0;287;0
74;5;0;287;0
75;5;0;287;0
76;5;0;287;0
77;5;0;287;0
78;5;0;287;0
79;5;0;287;0
80;5;0;287;0
81;5;0;622;0
82;5;0;622;0
83;5;0;628;0
88;5;0;623;0
89;5;0;287;0
90;5;0;287;0
91;5;0;287;0
92;5;0;287;0
69;6;0;287;0
70;6;0;287;0
71;6;0;287;0
72;6;0;287;0
73;6;0;287;0
74;6;0;287;0
75;6;0;287;0
76;6;0;287;0
77;6;0;287;0
78;6;0;287;0
79;6;0;622;0
80;6;0;622;0
81;6;0;628;0
87;6;0;627;0
88;6;0;287;0
89;6;0;287;0
90;6;0;287;0
91;6;0;287;0
92;6;0;287;0
68;7;0;287;0
69;7;0;287;0
70;7;0;287;0
71;7;0;287;0
72;7;0;287;0
73;7;0;287;0
74;7;0;287;0
75;7;0;287;0
76;7;0;287;0
77;7;0;287;0
78;7;0;287;0
79;7;0;628;0
86;7;0;627;0
87;7;0;287;0
88;7;0;287;0
89;7;0;287;0
90;7;0;287;0
91;7;0;287;0
92;7;0;287;0
67;8;0;287;0
68;8;0;287;0
69;8;0;287;0
70;8;0;287;0
71;8;0;287;0
72;8;0;287;0
73;8;0;287;0
74;8;0;287;0
75;8;0;287;0
76;8;0;287;0
77;8;0;287;0
78;8;0;622;0
79;8;0;628;0
86;8;0;623;0
87;8;0;287;0
88;8;0;287;0
89;8;0;287;0
90;8;0;287;0
91;8;0;287;0
92;8;0;287;0
66;9;0;287;0
67;9;0;287;0
68;9;0;287;0
69;9;0;287;0
70;9;0;287;0
71;9;0;287;0
72;9;0;287;0
73;9;0;287;0
74;9;0;287;0
75;9;0;287;0
76;9;0;287;0
77;9;0;287;0
78;9;0;628;0
84;9;0;627;0
85;9;0;627;0
86;9;0;627;0
87;9;0;287;0
88;9;0;287;0
89;9;0;287;0
90;9;0;287;0
91;9;0;287;0
92;9;0;287;0
65;10;0;287;0
66;10;0;287;0
67;10;0;287;0
68;10;0;287;0
69;10;0;287;0
70;10;0;287;0
71;10;0;287;0
72;10;0;287;0
73;10;0;287;0
74;10;0;287;0
75;10;0;287;0
76;10;0;622;0
77;10;0;622;0
78;10;0;628;0
84;10;0;623;0
86;10;0;287;0
87;10;0;287;0
88;10;0;287;0
89;10;0;287;0
90;10;0;287;0
91;10;0;287;0
92;10;0;287;0
64;11;0;287;0
65;11;0;287;0
66;11;0;287;0
67;11;0;287;0
68;11;0;287;0
69;11;0;287;0
70;11;0;287;0
71;11;0;287;0
72;11;0;287;0
73;11;0;287;0
74;11;0;287;0
75;11;0;287;0
76;11;0;628;0
84;11;0;623;0
85;11;0;287;0
86;11;0;287;0
87;11;0;287;0
88;11;0;287;0
89;11;0;287;0
90;11;0;287;0
91;11;0;287;0
92;11;0;287;0
63;12;0;287;0
64;12;0;287;0
65;12;0;287;0
66;12;0;287;0
67;12;0;287;0
68;12;0;287;0
69;12;0;287;0
70;12;0;287;0
71;12;0;287;0
72;12;0;287;0
73;12;0;287;0
74;12;0;622;0
75;12;0;622;0
76;12;0;628;0
77;12;0;914;0
84;12;0;623;0
85;12;0;287;0
86;12;0;287;0
87;12;0;287;0
88;12;0;287;0
89;12;0;287;0
90;12;0;287;0
91;12;0;287;0
92;12;0;287;0
43;13;0;287;0
44;13;0;287;0
45;13;0;287;0
46;13;0;287;0
47;13;0;287;0
48;13;0;287;0
49;13;0;287;0
50;13;0;287;0
51;13;0;287;0
52;13;0;287;0
53;13;0;287;0
54;13;0;287;0
55;13;0;287;0
56;13;0;287;0
57;13;0;287;0
58;13;0;287;0
59;13;0;287;0
60;13;0;287;0
61;13;0;287;0
62;13;0;287;0
63;13;0;287;0
64;13;0;287;0
65;13;0;287;0
66;13;0;287;0
67;13;0;287;0
68;13;0;287;0
69;13;0;287;0
70;13;0;287;0
71;13;0;287;0
72;13;0;287;0
73;13;0;287;0
74;13;0;628;0
77;13;0;1272;0
82;13;0;915;0
83;13;0;627;0
84;13;0;623;0
85;13;0;287;0
86;13;0;287;0
87;13;0;287;0
88;13;0;287;0
89;13;0;287;0
90;13;0;287;0
91;13;0;287;0
92;13;0;287;0
41;14;0;287;0
42;14;0;287;0
43;14;0;287;0
44;14;0;287;0
45;14;0;287;0
46;14;0;287;0
47;14;0;287;0
48;14;0;287;0
49;14;0;287;0
50;14;0;287;0
51;14;0;287;0
52;14;0;287;0
53;14;0;287;0
54;14;0;287;0
55;14;0;287;0
56;14;0;287;0
57;14;0;287;0
58;14;0;287;0
59;14;0;287;0
60;14;0;287;0
61;14;0;287;0
62;14;0;287;0
63;14;0;287;0
64;14;0;287;0
65;14;0;287;0
66;14;0;287;0
67;14;0;287;0
68;14;0;287;0
69;14;0;287;0
70;14;0;287;0
71;14;0;287;0
72;14;0;287;0
73;14;0;287;0
74;14;0;628;0
83;14;0;623;0
84;14;0;287;0
85;14;0;287;0
86;14;0;287;0
87;14;0;287;0
88;14;0;287;0
89;14;0;287;0
90;14;0;287;0
91;14;0;287;0
92;14;0;287;0
39;15;0;287;0
40;15;0;287;0
41;15;0;287;0
42;15;0;287;0
43;15;0;287;0
44;15;0;287;0
45;15;0;287;0
46;15;0;287;0
47;15;0;287;0
48;15;0;287;0
49;15;0;287;0
50;15;0;287;0
51;15;0;287;0
52;15;0;287;0
53;15;0;287;0
54;15;0;287;0
55;15;0;287;0
56;15;0;287;0
57;15;0;287;0
58;15;0;287;0
59;15;0;287;0
60;15;0;287;0
61;15;0;287;0
62;15;0;287;0
63;15;0;287;0
64;15;0;287;0
65;15;0;287;0
66;15;0;287;0
67;15;0;287;0
68;15;0;287;0
69;15;0;287;0
70;15;0;287;0
71;15;0;287;0
72;15;0;287;0
73;15;0;287;0
74;15;0;628;0
76;15;0;915;0
83;15;0;623;0
84;15;0;287;0
85;15;0;287;0
86;15;0;287;0
87;15;0;287;0
88;15;0;287;0
89;15;0;287;0
90;15;0;287;0
91;15;0;287;0
92;15;0;287;0
33;16;0;287;0
34;16;0;287;0
35;16;0;287;0
36;16;0;287;0
37;16;0;287;0
38;16;0;287;0
39;16;0;287;0
40;16;0;287;0
41;16;0;287;0
42;16;0;287;0
43;16;0;287;0
44;16;0;287;0
45;16;0;287;0
46;16;0;287;0
47;16;0;287;0
48;16;0;287;0
49;16;0;287;0
50;16;0;287;0
51;16;0;287;0
52;16;0;287;0
53;16;0;287;0
54;16;0;287;0
55;16;0;287;0
56;16;0;287;0
57;16;0;287;0
58;16;0;287;0
59;16;0;287;0
60;16;0;287;0
61;16;0;287;0
62;16;0;287;0
63;16;0;287;0
64;16;0;287;0
65;16;0;287;0
66;16;0;287;0
67;16;0;287;0
68;16;0;287;0
69;16;0;287;0
70;16;0;287;0
71;16;0;287;0
72;16;0;622;0
73;16;0;622;0
74;16;0;628;0
81;16;0;627;0
82;16;0;627;0
83;16;0;623;0
84;16;0;287;0
85;16;0;287;0
86;16;0;287;0
87;16;0;287;0
88;16;0;287;0
89;16;0;287;0
90;16;0;287;0
91;16;0;287;0
92;16;0;287;0
31;17;0;287;0
32;17;0;287;0
33;17;0;287;0
34;17;0;287;0
35;17;0;287;0
36;17;0;287;0
37;17;0;287;0
38;17;0;287;0
39;17;0;287;0
40;17;0;287;0
41;17;0;287;0
42;17;0;287;0
43;17;0;287;0
44;17;0;287;0
45;17;0;287;0
46;17;0;287;0
47;17;0;287;0
48;17;0;287;0
49;17;0;287;0
50;17;0;287;0
51;17;0;287;0
52;17;0;287;0
53;17;0;287;0
54;17;0;287;0
55;17;0;287;0
56;17;0;287;0
57;17;0;287;0
58;17;0;287;0
59;17;0;287;0
60;17;0;287;0
61;17;0;287;0
62;17;0;287;0
63;17;0;287;0
64;17;0;287;0
65;17;0;287;0
66;17;0;287;0
67;17;0;287;0
68;17;0;287;0
69;17;0;287;0
70;17;0;622;0
71;17;0;622;0
72;17;0;628;0
73;17;0;914;0
81;17;0;623;0
82;17;0;287;0
83;17;0;287;0
84;17;0;287;0
85;17;0;287;0
86;17;0;287;0
87;17;0;287;0
88;17;0;287;0
89;17;0;287;0
90;17;0;287;0
91;17;0;287;0
92;17;0;287;0
29;18;0;287;0
30;18;0;287;0
31;18;0;287;0
32;18;0;287;0
33;18;0;287;0
34;18;0;287;0
35;18;0;287;0
36;18;0;287;0
37;18;0;287;0
38;18;0;287;0
39;18;0;287;0
40;18;0;287;0
41;18;0;287;0
42;18;0;287;0
43;18;0;287;0
44;18;0;287;0
45;18;0;287;0
46;18;0;287;0
47;18;0;287;0
48;18;0;287;0
49;18;0;287;0
50;18;0;287;0
51;18;0;287;0
52;18;0;287;0
53;18;0;287;0
54;18;0;287;0
55;18;0;287;0
56;18;0;287;0
57;18;0;287;0
58;18;0;287;0
59;18;0;287;0
60;18;0;287;0
61;18;0;287;0
62;18;0;287;0
63;18;0;287;0
64;18;0;287;0
65;18;0;287;0
66;18;0;287;0
67;18;0;287;0
68;18;0;287;0
69;18;0;622;0
70;18;0;628;0
80;18;0;627;0
81;18;0;623;0
82;18;0;287;0
83;18;0;287;0
84;18;0;287;0
85;18;0;287;0
86;18;0;287;0
87;18;0;287;0
88;18;0;287;0
89;18;0;287;0
90;18;0;287;0
91;18;0;287;0
92;18;0;287;0
28;19;0;287;0
29;19;0;287;0
30;19;0;287;0
31;19;0;287;0
32;19;0;287;0
33;19;0;287;0
34;19;0;287;0
35;19;0;287;0
36;19;0;287;0
37;19;0;287;0
38;19;0;287;0
39;19;0;287;0
40;19;0;287;0
41;19;0;287;0
42;19;0;287;0
43;19;0;287;0
44;19;0;287;0
45;19;0;287;0
46;19;0;287;0
47;19;0;287;0
48;19;0;287;0
49;19;0;287;0
50;19;0;287;0
51;19;0;287;0
52;19;0;287;0
53;19;0;287;0
54;19;0;287;0
55;19;0;287;0
56;19;0;287;0
57;19;0;287;0
58;19;0;287;0
59;19;0;287;0
60;19;0;287;0
61;19;0;287;0
62;19;0;287;0
63;19;0;287;0
64;19;0;287;0
65;19;0;287;0
66;19;0;287;0
67;19;0;287;0
68;19;0;622;0
69;19;0;628;0
70;19;0;1245;0
77;19;0;627;0
78;19;0;627;0
79;19;0;627;0
80;19;0;623;0
81;19;0;287;0
82;19;0;287;0
83;19;0;287;0
84;19;0;287;0
85;19;0;287;0
86;19;0;287;0
87;19;0;287;0
88;19;0;287;0
89;19;0;287;0
90;19;0;287;0
91;19;0;287;0
92;19;0;287;0
27;20;0;287;0
28;20;0;287;0
29;20;0;287;0
30;20;0;287;0
31;20;0;287;0
32;20;0;287;0
33;20;0;287;0
34;20;0;287;0
35;20;0;287;0
36;20;0;287;0
37;20;0;287;0
38;20;0;287;0
39;20;0;287;0
40;20;0;287;0
41;20;0;287;0
42;20;0;287;0
43;20;0;287;0
44;20;0;287;0
45;20;0;287;0
46;20;0;287;0
47;20;0;287;0
48;20;0;287;0
49;20;0;287;0
50;20;0;287;0
51;20;0;287;0
52;20;0;287;0
53;20;0;287;0
54;20;0;287;0
55;20;0;287;0
56;20;0;287;0
57;20;0;287;0
58;20;0;287;0
59;20;0;287;0
60;20;0;287;0
61;20;0;287;0
62;20;0;287;0
63;20;0;287;0
64;20;0;287;0
65;20;0;287;0
66;20;0;287;0
67;20;0;622;0
68;20;0;628;0
71;20;0;1246;0
77;20;0;623;0
78;20;0;287;0
79;20;0;287;0
80;20;0;287;0
81;20;0;287;0
82;20;0;287;0
83;20;0;287;0
84;20;0;287;0
85;20;0;287;0
86;20;0;287;0
87;20;0;287;0
88;20;0;287;0
89;20;0;287;0
90;20;0;287;0
91;20;0;287;0
92;20;0;287;0
26;21;0;287;0
27;21;0;287;0
28;21;0;287;0
29;21;0;287;0
30;21;0;287;0
31;21;0;287;0
32;21;0;287;0
33;21;0;287;0
34;21;0;287;0
35;21;0;287;0
36;21;0;287;0
41;21;0;287;0
42;21;0;287;0
43;21;0;287;0
44;21;0;287;0
45;21;0;287;0
46;21;0;287;0
47;21;0;287;0
48;21;0;287;0
49;21;0;287;0
50;21;0;287;0
51;21;0;287;0
52;21;0;287;0
53;21;0;287;0
54;21;0;287;0
55;21;0;287;0
56;21;0;287;0
57;21;0;287;0
58;21;0;287;0
59;21;0;287;0
60;21;0;287;0
61;21;0;287;0
62;21;0;287;0
63;21;0;287;0
64;21;0;287;0
65;21;0;287;0
66;21;0;622;0
67;21;0;628;0
69;21;0;1272;0
75;21;0;627;0
76;21;0;627;0
77;21;0;623;0
78;21;0;287;0
79;21;0;287;0
80;21;0;287;0
81;21;0;287;0
82;21;0;287;0
83;21;0;287;0
84;21;0;287;0
85;21;0;287;0
86;21;0;287;0
87;21;0;287;0
88;21;0;287;0
89;21;0;287;0
90;21;0;287;0
91;21;0;287;0
92;21;0;287;0
25;22;0;287;0
26;22;0;287;0
27;22;0;287;0
28;22;0;287;0
29;22;0;287;0
30;22;0;287;0
31;22;0;287;0
32;22;0;287;0
33;22;0;287;0
53;22;0;287;0
54;22;0;287;0
55;22;0;287;0
56;22;0;287;0
57;22;0;287;0
58;22;0;287;0
59;22;0;287;0
60;22;0;287;0
61;22;0;287;0
62;22;0;287;0
63;22;0;287;0
64;22;0;287;0
65;22;0;287;0
66;22;0;628;0
75;22;0;623;0
76;22;0;287;0
77;22;0;287;0
78;22;0;287;0
79;22;0;287;0
80;22;0;287;0
81;22;0;287;0
82;22;0;287;0
83;22;0;287;0
84;22;0;287;0
85;22;0;287;0
86;22;0;287;0
87;22;0;287;0
88;22;0;287;0
89;22;0;287;0
90;22;0;287;0
91;22;0;287;0
92;22;0;287;0
25;23;0;287;0
26;23;0;287;0
27;23;0;287;0
28;23;0;287;0
29;23;0;287;0
30;23;0;287;0
31;23;0;287;0
32;23;0;287;0
33;23;0;287;0
53;23;0;287;0
54;23;0;287;0
55;23;0;287;0
56;23;0;287;0
57;23;0;287;0
58;23;0;287;0
59;23;0;287;0
60;23;0;287;0
61;23;0;287;0
62;23;0;287;0
63;23;0;287;0
64;23;0;287;0
65;23;0;287;0
66;23;0;628;0
75;23;0;623;0
76;23;0;287;0
77;23;0;287;0
78;23;0;287;0
79;23;0;287;0
80;23;0;287;0
81;23;0;287;0
82;23;0;287;0
83;23;0;287;0
84;23;0;287;0
85;23;0;287;0
86;23;0;287;0
87;23;0;287;0
88;23;0;287;0
89;23;0;287;0
90;23;0;287;0
91;23;0;287;0
92;23;0;287;0
25;24;0;287;0
26;24;0;287;0
27;24;0;287;0
28;24;0;287;0
29;24;0;287;0
30;24;0;287;0
31;24;0;287;0
32;24;0;287;0
33;24;0;287;0
53;24;0;287;0
54;24;0;287;0
55;24;0;287;0
56;24;0;287;0
57;24;0;287;0
58;24;0;287;0
59;24;0;287;0
60;24;0;287;0
61;24;0;287;0
62;24;0;287;0
63;24;0;287;0
64;24;0;287;0
65;24;0;622;0
66;24;0;628;0
74;24;0;1272;0
75;24;0;623;0
76;24;0;287;0
77;24;0;287;0
78;24;0;287;0
79;24;0;287;0
80;24;0;287;0
81;24;0;287;0
82;24;0;287;0
83;24;0;287;0
84;24;0;287;0
85;24;0;287;0
85;24;0;287;0
86;24;0;287;0
87;24;0;287;0
88;24;0;287;0
89;24;0;287;0
90;24;0;287;0
91;24;0;287;0
24;25;0;287;0
25;25;0;287;0
26;25;0;287;0
27;25;0;287;0
28;25;0;287;0
29;25;0;287;0
30;25;0;287;0
31;25;0;287;0
32;25;0;287;0
33;25;0;287;0
53;25;0;287;0
54;25;0;287;0
55;25;0;287;0
56;25;0;287;0
57;25;0;287;0
58;25;0;287;0
59;25;0;287;0
60;25;0;287;0
61;25;0;287;0
62;25;0;287;0
63;25;0;287;0
64;25;0;287;0
65;25;0;628;0
74;25;0;627;0
75;25;0;623;0
76;25;0;287;0
77;25;0;287;0
78;25;0;287;0
79;25;0;287;0
80;25;0;287;0
81;25;0;287;0
82;25;0;287;0
83;25;0;287;0
84;25;0;287;0
85;25;0;287;0
85;25;0;287;0
86;25;0;287;0
87;25;0;287;0
88;25;0;287;0
89;25;0;287;0
90;25;0;287;0
91;25;0;287;0
24;26;0;287;0
25;26;0;287;0
26;26;0;287;0
27;26;0;287;0
28;26;0;287;0
29;26;0;287;0
30;26;0;287;0
31;26;0;287;0
32;26;0;287;0
53;26;0;287;0
54;26;0;287;0
55;26;0;287;0
56;26;0;287;0
57;26;0;287;0
58;26;0;287;0
59;26;0;287;0
60;26;0;287;0
61;26;0;287;0
62;26;0;287;0
63;26;0;287;0
64;26;0;287;0
65;26;0;628;0
67;26;0;1245;0
68;26;0;915;0
69;26;0;627;0
70;26;0;626;0
74;26;0;623;0
75;26;0;287;0
76;26;0;287;0
77;26;0;287;0
78;26;0;287;0
79;26;0;287;0
80;26;0;287;0
81;26;0;287;0
82;26;0;287;0
83;26;0;287;0
84;26;0;287;0
85;26;0;287;0
86;26;0;287;0
87;26;0;287;0
88;26;0;287;0
89;26;0;287;0
90;26;0;287;0
91;26;0;287;0
24;27;0;287;0
25;27;0;287;0
26;27;0;287;0
27;27;0;287;0
28;27;0;287;0
29;27;0;287;0
30;27;0;287;0
31;27;0;287;0
32;27;0;287;0
53;27;0;287;0
54;27;0;287;0
55;27;0;287;0
56;27;0;287;0
57;27;0;287;0
58;27;0;287;0
59;27;0;287;0
60;27;0;287;0
61;27;0;287;0
62;27;0;287;0
63;27;0;287;0
64;27;0;287;0
65;27;0;628;0
69;27;0;629;0
70;27;0;628;0
73;27;0;627;0
74;27;0;623;0
75;27;0;287;0
76;27;0;287;0
77;27;0;287;0
78;27;0;287;0
79;27;0;287;0
80;27;0;287;0
81;27;0;287;0
82;27;0;287;0
83;27;0;287;0
84;27;0;287;0
85;27;0;287;0
86;27;0;287;0
87;27;0;287;0
88;27;0;287;0
89;27;0;287;0
90;27;0;287;0
91;27;0;287;0
24;28;0;287;0
25;28;0;287;0
26;28;0;287;0
27;28;0;287;0
28;28;0;287;0
29;28;0;287;0
30;28;0;287;0
31;28;0;287;0
32;28;0;287;0
53;28;0;287;0
54;28;0;287;0
55;28;0;287;0
56;28;0;287;0
57;28;0;287;0
58;28;0;287;0
59;28;0;287;0
60;28;0;287;0
61;28;0;287;0
62;28;0;287;0
63;28;0;287;0
64;28;0;622;0
65;28;0;628;0
73;28;0;623;0
74;28;0;287;0
75;28;0;287;0
76;28;0;287;0
77;28;0;287;0
78;28;0;287;0
79;28;0;287;0
80;28;0;287;0
81;28;0;287;0
82;28;0;287;0
83;28;0;287;0
84;28;0;287;0
85;28;0;287;0
86;28;0;287;0
87;28;0;287;0
88;28;0;287;0
89;28;0;287;0
90;28;0;287;0
91;28;0;287;0
24;29;0;287;0
25;29;0;287;0
26;29;0;287;0
27;29;0;287;0
28;29;0;287;0
29;29;0;287;0
30;29;0;287;0
31;29;0;287;0
32;29;0;287;0
53;29;0;287;0
54;29;0;287;0
55;29;0;287;0
56;29;0;287;0
57;29;0;287;0
58;29;0;287;0
59;29;0;287;0
60;29;0;287;0
61;29;0;287;0
62;29;0;287;0
63;29;0;287;0
64;29;0;628;0
72;29;0;1246;0
73;29;0;623;0
74;29;0;287;0
75;29;0;287;0
76;29;0;287;0
77;29;0;287;0
78;29;0;287;0
79;29;0;287;0
80;29;0;287;0
81;29;0;287;0
82;29;0;287;0
83;29;0;287;0
84;29;0;287;0
85;29;0;287;0
86;29;0;287;0
87;29;0;287;0
88;29;0;287;0
89;29;0;287;0
90;29;0;287;0
91;29;0;287;0
23;30;0;287;0
24;30;0;287;0
25;30;0;287;0
26;30;0;287;0
27;30;0;287;0
28;30;0;287;0
29;30;0;287;0
30;30;0;287;0
31;30;0;287;0
32;30;0;287;0
53;30;0;287;0
54;30;0;287;0
55;30;0;287;0
56;30;0;287;0
57;30;0;287;0
58;30;0;287;0
59;30;0;287;0
60;30;0;287;0
61;30;0;287;0
62;30;0;287;0
63;30;0;287;0
64;30;0;628;0
72;30;0;627;0
73;30;0;623;0
74;30;0;287;0
75;30;0;287;0
76;30;0;287;0
77;30;0;287;0
78;30;0;287;0
79;30;0;287;0
80;30;0;287;0
81;30;0;287;0
82;30;0;287;0
83;30;0;287;0
84;30;0;287;0
85;30;0;287;0
86;30;0;287;0
87;30;0;287;0
88;30;0;287;0
89;30;0;287;0
90;30;0;287;0
91;30;0;287;0
23;31;0;287;0
24;31;0;287;0
25;31;0;287;0
26;31;0;287;0
27;31;0;287;0
28;31;0;287;0
29;31;0;287;0
30;31;0;287;0
31;31;0;287;0
32;31;0;287;0
33;31;0;287;0
53;31;0;287;0
54;31;0;287;0
55;31;0;287;0
56;31;0;287;0
57;31;0;287;0
58;31;0;287;0
58;31;0;1246;0
59;31;0;287;0
60;31;0;287;0
61;31;0;287;0
62;31;0;622;0
63;31;0;622;0
64;31;0;628;0
65;31;0;915;0
72;31;0;623;0
73;31;0;287;0
74;31;0;287;0
75;31;0;287;0
76;31;0;287;0
77;31;0;287;0
78;31;0;287;0
79;31;0;287;0
80;31;0;287;0
81;31;0;287;0
82;31;0;287;0
83;31;0;287;0
84;31;0;287;0
85;31;0;287;0
86;31;0;287;0
87;31;0;287;0
88;31;0;287;0
89;31;0;287;0
90;31;0;287;0
91;31;0;287;0
23;32;0;287;0
24;32;0;287;0
25;32;0;287;0
26;32;0;287;0
27;32;0;287;0
28;32;0;287;0
29;32;0;287;0
30;32;0;287;0
31;32;0;287;0
32;32;0;287;0
33;32;0;287;0
34;32;0;287;0
35;32;0;287;0
36;32;0;287;0
37;32;0;287;0
38;32;0;287;0
39;32;0;287;0
40;32;0;287;0
41;32;0;287;0
42;32;0;287;0
43;32;0;287;0
44;32;0;287;0
45;32;0;287;0
46;32;0;287;0
47;32;0;287;0
48;32;0;287;0
49;32;0;287;0
50;32;0;287;0
51;32;0;287;0
52;32;0;287;0
53;32;0;287;0
54;32;0;287;0
55;32;0;287;0
56;32;0;287;0
57;32;0;287;0
58;32;0;287;0
59;32;0;287;0
60;32;0;287;0
61;32;0;287;0
62;32;0;628;0
72;32;0;623;0
73;32;0;287;0
74;32;0;287;0
75;32;0;287;0
76;32;0;287;0
77;32;0;287;0
78;32;0;287;0
79;32;0;287;0
80;32;0;287;0
81;32;0;287;0
82;32;0;287;0
83;32;0;287;0
84;32;0;287;0
85;32;0;287;0
86;32;0;287;0
87;32;0;287;0
88;32;0;287;0
89;32;0;287;0
90;32;0;287;0
91;32;0;287;0
92;32;0;287;0
93;32;0;287;0
94;32;0;287;0
23;33;0;287;0
24;33;0;287;0
25;33;0;287;0
26;33;0;287;0
27;33;0;287;0
28;33;0;287;0
29;33;0;287;0
30;33;0;287;0
31;33;0;287;0
32;33;0;287;0
33;33;0;287;0
34;33;0;287;0
35;33;0;287;0
36;33;0;287;0
37;33;0;287;0
38;33;0;287;0
39;33;0;287;0
40;33;0;287;0
41;33;0;287;0
42;33;0;287;0
43;33;0;287;0
44;33;0;287;0
45;33;0;287;0
46;33;0;287;0
47;33;0;287;0
48;33;0;287;0
49;33;0;287;0
50;33;0;287;0
51;33;0;287;0
52;33;0;287;0
53;33;0;287;0
54;33;0;287;0
55;33;0;287;0
56;33;0;287;0
57;33;0;287;0
58;33;0;287;0
59;33;0;287;0
60;33;0;287;0
61;33;0;287;0
62;33;0;628;0
65;33;0;1272;0
72;33;0;623;0
73;33;0;287;0
74;33;0;287;0
75;33;0;287;0
76;33;0;287;0
77;33;0;287;0
78;33;0;287;0
79;33;0;287;0
80;33;0;287;0
81;33;0;287;0
82;33;0;287;0
83;33;0;287;0
84;33;0;287;0
85;33;0;287;0
86;33;0;287;0
87;33;0;287;0
88;33;0;287;0
89;33;0;287;0
90;33;0;287;0
91;33;0;287;0
92;33;0;287;0
93;33;0;287;0
94;33;0;287;0
23;34;0;287;0
24;34;0;287;0
25;34;0;287;0
26;34;0;287;0
27;34;0;287;0
28;34;0;287;0
29;34;0;287;0
30;34;0;287;0
31;34;0;287;0
32;34;0;287;0
33;34;0;287;0
34;34;0;287;0
35;34;0;287;0
36;34;0;287;0
37;34;0;287;0
38;34;0;287;0
39;34;0;287;0
40;34;0;287;0
41;34;0;287;0
42;34;0;287;0
43;34;0;287;0
44;34;0;287;0
45;34;0;287;0
46;34;0;287;0
47;34;0;287;0
48;34;0;287;0
49;34;0;287;0
50;34;0;287;0
51;34;0;287;0
52;34;0;287;0
53;34;0;287;0
54;34;0;287;0
55;34;0;287;0
56;34;0;287;0
57;34;0;287;0
58;34;0;287;0
59;34;0;287;0
60;34;0;287;0
61;34;0;287;0
62;34;0;628;0
71;34;0;627;0
72;34;0;623;0
73;34;0;287;0
74;34;0;287;0
75;34;0;287;0
76;34;0;287;0
77;34;0;287;0
78;34;0;287;0
79;34;0;287;0
80;34;0;287;0
81;34;0;287;0
82;34;0;287;0
83;34;0;287;0
84;34;0;287;0
85;34;0;287;0
86;34;0;287;0
87;34;0;287;0
88;34;0;287;0
89;34;0;287;0
90;34;0;287;0
91;34;0;287;0
92;34;0;287;0
93;34;0;287;0
94;34;0;287;0
23;35;0;287;0
24;35;0;287;0
25;35;0;287;0
26;35;0;287;0
27;35;0;287;0
28;35;0;287;0
29;35;0;287;0
30;35;0;287;0
31;35;0;287;0
32;35;0;287;0
33;35;0;287;0
34;35;0;287;0
35;35;0;287;0
36;35;0;287;0
37;35;0;287;0
38;35;0;287;0
39;35;0;287;0
40;35;0;287;0
41;35;0;287;0
42;35;0;287;0
43;35;0;287;0
44;35;0;287;0
45;35;0;287;0
46;35;0;287;0
47;35;0;287;0
48;35;0;287;0
49;35;0;287;0
50;35;0;287;0
51;35;0;287;0
52;35;0;287;0
53;35;0;287;0
54;35;0;287;0
55;35;0;287;0
56;35;0;287;0
57;35;0;287;0
58;35;0;287;0
59;35;0;287;0
60;35;0;287;0
61;35;0;287;0
62;35;0;628;0
70;35;0;1272;0
71;35;0;623;0
72;35;0;287;0
73;35;0;287;0
74;35;0;287;0
75;35;0;287;0
76;35;0;287;0
77;35;0;287;0
78;35;0;287;0
79;35;0;287;0
80;35;0;287;0
81;35;0;287;0
82;35;0;287;0
83;35;0;287;0
84;35;0;287;0
85;35;0;287;0
86;35;0;287;0
87;35;0;287;0
88;35;0;287;0
89;35;0;287;0
90;35;0;287;0
91;35;0;287;0
92;35;0;287;0
93;35;0;287;0
94;35;0;287;0
95;35;0;287;0
23;36;0;287;0
24;36;0;287;0
25;36;0;287;0
26;36;0;287;0
27;36;0;287;0
28;36;0;287;0
29;36;0;287;0
30;36;0;287;0
31;36;0;287;0
32;36;0;287;0
33;36;0;287;0
34;36;0;287;0
35;36;0;287;0
36;36;0;287;0
37;36;0;287;0
38;36;0;287;0
39;36;0;287;0
40;36;0;287;0
41;36;0;287;0
42;36;0;287;0
43;36;0;287;0
44;36;0;287;0
45;36;0;287;0
46;36;0;287;0
47;36;0;287;0
48;36;0;287;0
49;36;0;287;0
50;36;0;287;0
51;36;0;287;0
52;36;0;287;0
53;36;0;287;0
54;36;0;287;0
55;36;0;287;0
56;36;0;287;0
57;36;0;287;0
58;36;0;287;0
59;36;0;287;0
60;36;0;287;0
61;36;0;287;0
62;36;0;628;0
65;36;0;1245;0
70;36;0;915;0
71;36;0;623;0
72;36;0;287;0
73;36;0;287;0
74;36;0;287;0
75;36;0;287;0
76;36;0;287;0
77;36;0;287;0
78;36;0;287;0
79;36;0;287;0
80;36;0;287;0
81;36;0;287;0
82;36;0;287;0
83;36;0;287;0
84;36;0;287;0
85;36;0;287;0
86;36;0;287;0
87;36;0;287;0
88;36;0;287;0
89;36;0;287;0
90;36;0;287;0
91;36;0;287;0
92;36;0;287;0
93;36;0;287;0
94;36;0;287;0
95;36;0;287;0
23;37;0;287;0
24;37;0;287;0
25;37;0;287;0
26;37;0;287;0
27;37;0;287;0
28;37;0;287;0
29;37;0;287;0
30;37;0;287;0
31;37;0;287;0
32;37;0;287;0
33;37;0;287;0
34;37;0;287;0
35;37;0;287;0
36;37;0;287;0
37;37;0;287;0
38;37;0;287;0
39;37;0;287;0
40;37;0;287;0
41;37;0;287;0
42;37;0;287;0
43;37;0;287;0
44;37;0;287;0
45;37;0;287;0
46;37;0;287;0
47;37;0;287;0
48;37;0;287;0
49;37;0;287;0
50;37;0;287;0
51;37;0;287;0
52;37;0;287;0
53;37;0;287;0
54;37;0;287;0
55;37;0;287;0
56;37;0;287;0
57;37;0;287;0
58;37;0;287;0
59;37;0;287;0
60;37;0;287;0
61;37;0;287;0
62;37;0;628;0
70;37;0;914;0
71;37;0;623;0
72;37;0;287;0
73;37;0;287;0
74;37;0;613;0
75;37;0;287;0
76;37;0;287;0
77;37;0;287;0
78;37;0;287;0
79;37;0;287;0
80;37;0;287;0
81;37;0;287;0
82;37;0;287;0
83;37;0;287;0
84;37;0;287;0
85;37;0;287;0
86;37;0;287;0
87;37;0;287;0
88;37;0;287;0
89;37;0;287;0
90;37;0;287;0
91;37;0;287;0
92;37;0;287;0
93;37;0;287;0
94;37;0;287;0
95;37;0;287;0
0;38;0;287;0
1;38;0;287;0
2;38;0;287;0
3;38;0;287;0
23;38;0;287;0
24;38;0;287;0
25;38;0;287;0
26;38;0;287;0
27;38;0;287;0
28;38;0;287;0
29;38;0;287;0
30;38;0;287;0
31;38;0;287;0
32;38;0;287;0
33;38;0;287;0
34;38;0;287;0
35;38;0;287;0
36;38;0;287;0
37;38;0;287;0
38;38;0;287;0
39;38;0;287;0
40;38;0;287;0
41;38;0;287;0
42;38;0;287;0
43;38;0;287;0
44;38;0;287;0
45;38;0;287;0
46;38;0;287;0
47;38;0;287;0
48;38;0;287;0
49;38;0;287;0
50;38;0;287;0
51;38;0;287;0
52;38;0;287;0
53;38;0;287;0
54;38;0;287;0
55;38;0;287;0
56;38;0;287;0
57;38;0;287;0
58;38;0;287;0
59;38;0;287;0
60;38;0;287;0
61;38;0;622;0
62;38;0;628;0
63;38;0;627;0
64;38;0;626;0
65;38;0;626;0
70;38;0;627;0
71;38;0;623;0
72;38;0;287;0
73;38;0;287;0
74;38;0;287;0
75;38;0;287;0
76;38;0;287;0
77;38;0;287;0
78;38;0;287;0
79;38;0;287;0
80;38;0;287;0
81;38;0;287;0
82;38;0;287;0
83;38;0;287;0
84;38;0;287;0
85;38;0;287;0
86;38;0;287;0
87;38;0;287;0
88;38;0;287;0
89;38;0;287;0
90;38;0;287;0
91;38;0;287;0
92;38;0;287;0
93;38;0;287;0
94;38;0;287;0
95;38;0;287;0
0;39;0;287;0
1;39;0;287;0
2;39;0;287;0
3;39;0;287;0
4;39;0;287;0
5;39;0;287;0
23;39;0;287;0
24;39;0;287;0
25;39;0;287;0
26;39;0;287;0
27;39;0;287;0
28;39;0;287;0
29;39;0;287;0
30;39;0;287;0
31;39;0;287;0
32;39;0;287;0
33;39;0;287;0
34;39;0;287;0
35;39;0;287;0
36;39;0;287;0
37;39;0;287;0
38;39;0;287;0
39;39;0;287;0
40;39;0;287;0
41;39;0;287;0
42;39;0;287;0
43;39;0;287;0
44;39;0;287;0
45;39;0;287;0
46;39;0;287;0
47;39;0;287;0
48;39;0;287;0
49;39;0;287;0
50;39;0;287;0
51;39;0;287;0
52;39;0;287;0
53;39;0;287;0
54;39;0;287;0
55;39;0;287;0
56;39;0;287;0
57;39;0;287;0
58;39;0;287;0
59;39;0;287;0
60;39;0;622;0
61;39;0;628;0
63;39;0;623;0
64;39;0;287;0
65;39;0;626;0
70;39;0;623;0
71;39;0;287;0
72;39;0;287;0
73;39;0;287;0
74;39;0;287;0
75;39;0;287;0
76;39;0;287;0
77;39;0;287;0
78;39;0;287;0
79;39;0;287;0
80;39;0;287;0
81;39;0;287;0
82;39;0;287;0
83;39;0;287;0
84;39;0;287;0
85;39;0;287;0
86;39;0;287;0
87;39;0;287;0
88;39;0;287;0
89;39;0;287;0
90;39;0;287;0
91;39;0;287;0
92;39;0;287;0
93;39;0;287;0
94;39;0;287;0
95;39;0;287;0
0;40;0;287;0
1;40;0;622;0
2;40;0;287;0
3;40;0;287;0
4;40;0;287;0
5;40;0;287;0
6;40;0;287;0
7;40;0;287;0
8;40;0;287;0
9;40;0;287;0
10;40;0;287;0
11;40;0;287;0
12;40;0;287;0
13;40;0;287;0
14;40;0;287;0
15;40;0;287;0
16;40;0;287;0
17;40;0;287;0
18;40;0;287;0
19;40;0;287;0
20;40;0;287;0
21;40;0;287;0
22;40;0;287;0
23;40;0;287;0
24;40;0;287;0
25;40;0;287;0
26;40;0;287;0
27;40;0;287;0
28;40;0;287;0
29;40;0;287;0
30;40;0;287;0
31;40;0;287;0
32;40;0;287;0
33;40;0;287;0
34;40;0;287;0
35;40;0;287;0
36;40;0;287;0
37;40;0;287;0
38;40;0;287;0
39;40;0;287;0
40;40;0;287;0
41;40;0;287;0
42;40;0;287;0
43;40;0;287;0
44;40;0;287;0
45;40;0;287;0
46;40;0;287;0
47;40;0;287;0
48;40;0;287;0
49;40;0;287;0
50;40;0;287;0
51;40;0;287;0
52;40;0;287;0
53;40;0;287;0
54;40;0;287;0
55;40;0;287;0
56;40;0;287;0
57;40;0;287;0
58;40;0;287;0
59;40;0;287;0
60;40;0;628;0
63;40;0;629;0
64;40;0;622;0
65;40;0;628;0
70;40;0;623;0
71;40;0;287;0
72;40;0;287;0
73;40;0;287;0
74;40;0;287;0
75;40;0;287;0
76;40;0;287;0
77;40;0;287;0
78;40;0;287;0
79;40;0;287;0
80;40;0;287;0
81;40;0;287;0
82;40;0;287;0
83;40;0;287;0
84;40;0;287;0
85;40;0;287;0
86;40;0;287;0
87;40;0;287;0
88;40;0;287;0
89;40;0;287;0
90;40;0;287;0
91;40;0;287;0
92;40;0;287;0
93;40;0;287;0
94;40;0;287;0
95;40;0;287;0
0;41;0;287;0
1;41;0;629;0
2;41;0;622;0
3;41;0;630;0
4;41;0;287;0
5;41;0;287;0
6;41;0;287;0
7;41;0;287;0
8;41;0;287;0
9;41;0;287;0
10;41;0;287;0
11;41;0;287;0
12;41;0;287;0
13;41;0;287;0
14;41;0;287;0
15;41;0;287;0
16;41;0;287;0
17;41;0;287;0
18;41;0;287;0
19;41;0;287;0
20;41;0;287;0
21;41;0;287;0
22;41;0;287;0
23;41;0;287;0
24;41;0;287;0
25;41;0;287;0
26;41;0;287;0
27;41;0;287;0
28;41;0;287;0
29;41;0;287;0
30;41;0;287;0
31;41;0;287;0
32;41;0;287;0
33;41;0;287;0
34;41;0;287;0
35;41;0;287;0
36;41;0;287;0
37;41;0;287;0
38;41;0;287;0
39;41;0;287;0
40;41;0;287;0
41;41;0;287;0
42;41;0;287;0
43;41;0;287;0
44;41;0;287;0
45;41;0;287;0
46;41;0;287;0
47;41;0;287;0
48;41;0;287;0
49;41;0;287;0
50;41;0;287;0
51;41;0;287;0
52;41;0;287;0
53;41;0;287;0
54;41;0;287;0
55;41;0;287;0
56;41;0;287;0
57;41;0;287;0
58;41;0;287;0
59;41;0;287;0
60;41;0;628;0
69;41;0;627;0
70;41;0;287;0
71;41;0;287;0
72;41;0;287;0
73;41;0;287;0
74;41;0;613;0
75;41;0;287;0
76;41;0;287;0
77;41;0;287;0
78;41;0;287;0
79;41;0;287;0
80;41;0;287;0
81;41;0;287;0
82;41;0;287;0
83;41;0;287;0
84;41;0;287;0
85;41;0;287;0
86;41;0;287;0
87;41;0;287;0
88;41;0;287;0
89;41;0;287;0
90;41;0;287;0
91;41;0;287;0
92;41;0;287;0
93;41;0;287;0
94;41;0;287;0
95;41;0;287;0
0;42;0;287;0
1;42;0;626;0
3;42;0;623;0
4;42;0;287;0
5;42;0;287;0
6;42;0;287;0
7;42;0;287;0
8;42;0;287;0
9;42;0;287;0
10;42;0;287;0
11;42;0;287;0
12;42;0;287;0
13;42;0;287;0
14;42;0;287;0
15;42;0;287;0
16;42;0;287;0
17;42;0;287;0
18;42;0;287;0
19;42;0;287;0
20;42;0;287;0
21;42;0;287;0
22;42;0;287;0
23;42;0;287;0
24;42;0;287;0
25;42;0;287;0
26;42;0;287;0
27;42;0;287;0
28;42;0;287;0
29;42;0;287;0
30;42;0;287;0
31;42;0;287;0
32;42;0;287;0
33;42;0;287;0
34;42;0;287;0
35;42;0;287;0
36;42;0;287;0
37;42;0;287;0
38;42;0;287;0
39;42;0;287;0
40;42;0;287;0
41;42;0;287;0
42;42;0;287;0
43;42;0;287;0
44;42;0;287;0
45;42;0;287;0
46;42;0;287;0
47;42;0;287;0
48;42;0;287;0
49;42;0;287;0
50;42;0;287;0
51;42;0;287;0
52;42;0;287;0
53;42;0;287;0
54;42;0;287;0
55;42;0;287;0
56;42;0;287;0
57;42;0;287;0
58;42;0;287;0
59;42;0;287;0
60;42;0;628;0
61;42;0;626;0
69;42;0;623;0
70;42;0;287;0
71;42;0;287;0
72;42;0;287;0
73;42;0;287;0
74;42;0;287;0
75;42;0;287;0
76;42;0;287;0
77;42;0;287;0
78;42;0;287;0
79;42;0;287;0
80;42;0;287;0
81;42;0;287;0
82;42;0;287;0
83;42;0;287;0
84;42;0;287;0
85;42;0;287;0
86;42;0;287;0
87;42;0;287;0
88;42;0;287;0
89;42;0;287;0
90;42;0;287;0
91;42;0;287;0
92;42;0;287;0
93;42;0;287;0
94;42;0;287;0
95;42;0;287;0
0;43;0;287;0
1;43;0;626;0
3;43;0;629;0
4;43;0;630;0
5;43;0;287;0
6;43;0;287;0
7;43;0;287;0
8;43;0;287;0
9;43;0;287;0
10;43;0;287;0
11;43;0;287;0
12;43;0;287;0
13;43;0;287;0
14;43;0;287;0
15;43;0;287;0
16;43;0;287;0
17;43;0;287;0
18;43;0;287;0
19;43;0;287;0
20;43;0;287;0
21;43;0;287;0
22;43;0;287;0
23;43;0;287;0
24;43;0;287;0
25;43;0;287;0
26;43;0;287;0
27;43;0;287;0
28;43;0;287;0
29;43;0;287;0
30;43;0;287;0
31;43;0;287;0
32;43;0;287;0
33;43;0;287;0
34;43;0;287;0
35;43;0;287;0
36;43;0;287;0
37;43;0;287;0
38;43;0;287;0
39;43;0;287;0
40;43;0;287;0
41;43;0;287;0
42;43;0;287;0
43;43;0;287;0
44;43;0;287;0
45;43;0;287;0
46;43;0;287;0
47;43;0;287;0
48;43;0;287;0
49;43;0;287;0
50;43;0;287;0
51;43;0;287;0
52;43;0;287;0
53;43;0;287;0
54;43;0;287;0
55;43;0;287;0
56;43;0;287;0
57;43;0;287;0
58;43;0;287;0
59;43;0;287;0
60;43;0;630;0
61;43;0;626;0
62;43;0;626;0
63;43;0;1245;0
69;43;0;623;0
70;43;0;287;0
71;43;0;287;0
72;43;0;287;0
73;43;0;287;0
74;43;0;287;0
75;43;0;287;0
76;43;0;287;0
77;43;0;287;0
78;43;0;287;0
79;43;0;287;0
80;43;0;287;0
81;43;0;287;0
82;43;0;287;0
83;43;0;287;0
84;43;0;287;0
85;43;0;287;0
86;43;0;287;0
87;43;0;287;0
88;43;0;287;0
89;43;0;287;0
90;43;0;287;0
91;43;0;287;0
92;43;0;287;0
93;43;0;287;0
94;43;0;287;0
95;43;0;287;0
0;44;0;287;0
1;44;0;626;0
4;44;0;623;0
5;44;0;287;0
6;44;0;287;0
7;44;0;287;0
8;44;0;287;0
9;44;0;287;0
10;44;0;287;0
11;44;0;287;0
12;44;0;287;0
13;44;0;287;0
14;44;0;287;0
15;44;0;287;0
16;44;0;287;0
17;44;0;287;0
18;44;0;287;0
19;44;0;287;0
20;44;0;287;0
21;44;0;287;0
22;44;0;287;0
23;44;0;287;0
24;44;0;287;0
25;44;0;287;0
26;44;0;287;0
27;44;0;287;0
28;44;0;287;0
29;44;0;287;0
30;44;0;287;0
31;44;0;287;0
32;44;0;287;0
33;44;0;287;0
34;44;0;287;0
35;44;0;287;0
36;44;0;287;0
37;44;0;287;0
38;44;0;287;0
39;44;0;287;0
40;44;0;287;0
41;44;0;287;0
42;44;0;287;0
43;44;0;287;0
44;44;0;287;0
45;44;0;287;0
46;44;0;287;0
47;44;0;287;0
48;44;0;287;0
49;44;0;287;0
50;44;0;287;0
51;44;0;287;0
52;44;0;287;0
53;44;0;287;0
54;44;0;287;0
55;44;0;287;0
56;44;0;287;0
57;44;0;287;0
58;44;0;287;0
59;44;0;287;0
60;44;0;622;0
61;44;0;628;0
62;44;0;626;0
63;44;0;1245;0
69;44;0;623;0
70;44;0;287;0
71;44;0;287;0
72;44;0;287;0
73;44;0;287;0
74;44;0;287;0
75;44;0;287;0
76;44;0;287;0
77;44;0;287;0
78;44;0;287;0
79;44;0;287;0
80;44;0;287;0
81;44;0;287;0
82;44;0;287;0
83;44;0;287;0
84;44;0;287;0
85;44;0;287;0
86;44;0;287;0
87;44;0;287;0
88;44;0;287;0
89;44;0;287;0
90;44;0;287;0
91;44;0;287;0
92;44;0;287;0
93;44;0;287;0
94;44;0;287;0
0;45;0;287;0
1;45;0;626;0
4;45;0;623;0
5;45;0;287;0
6;45;0;287;0
7;45;0;287;0
8;45;0;287;0
9;45;0;287;0
10;45;0;287;0
11;45;0;287;0
12;45;0;287;0
13;45;0;287;0
14;45;0;287;0
15;45;0;287;0
16;45;0;287;0
17;45;0;287;0
18;45;0;287;0
19;45;0;287;0
20;45;0;287;0
21;45;0;287;0
22;45;0;287;0
23;45;0;287;0
24;45;0;287;0
25;45;0;287;0
26;45;0;287;0
27;45;0;287;0
28;45;0;287;0
29;45;0;287;0
30;45;0;287;0
31;45;0;287;0
32;45;0;287;0
33;45;0;287;0
34;45;0;287;0
35;45;0;287;0
36;45;0;287;0
37;45;0;287;0
38;45;0;287;0
39;45;0;287;0
40;45;0;287;0
41;45;0;287;0
42;45;0;287;0
43;45;0;287;0
44;45;0;287;0
45;45;0;287;0
46;45;0;287;0
47;45;0;287;0
48;45;0;287;0
49;45;0;287;0
50;45;0;287;0
51;45;0;287;0
52;45;0;287;0
53;45;0;287;0
54;45;0;287;0
55;45;0;287;0
56;45;0;287;0
57;45;0;287;0
58;45;0;287;0
59;45;0;287;0
60;45;0;287;0
61;45;0;287;0
62;45;0;287;0
63;45;0;613;0
64;45;0;1245;0
68;45;0;1245;0
69;45;0;613;0
70;45;0;613;0
71;45;0;287;0
72;45;0;287;0
73;45;0;287;0
74;45;0;613;0
75;45;0;287;0
76;45;0;287;0
77;45;0;287;0
78;45;0;287;0
79;45;0;287;0
80;45;0;287;0
81;45;0;287;0
82;45;0;287;0
83;45;0;287;0
84;45;0;287;0
85;45;0;287;0
86;45;0;287;0
87;45;0;287;0
88;45;0;287;0
89;45;0;287;0
90;45;0;287;0
91;45;0;287;0
92;45;0;287;0
93;45;0;287;0
94;45;0;287;0
0;46;0;287;0
1;46;0;626;0
4;46;0;623;0
5;46;0;287;0
6;46;0;287;0
7;46;0;287;0
8;46;0;287;0
9;46;0;287;0
10;46;0;287;0
11;46;0;287;0
12;46;0;287;0
13;46;0;287;0
14;46;0;287;0
15;46;0;287;0
16;46;0;287;0
17;46;0;287;0
18;46;0;287;0
19;46;0;287;0
20;46;0;287;0
21;46;0;287;0
22;46;0;287;0
23;46;0;287;0
24;46;0;287;0
25;46;0;287;0
26;46;0;287;0
27;46;0;287;0
28;46;0;287;0
29;46;0;287;0
30;46;0;287;0
31;46;0;287;0
32;46;0;287;0
33;46;0;287;0
34;46;0;287;0
35;46;0;287;0
36;46;0;287;0
37;46;0;287;0
38;46;0;287;0
39;46;0;287;0
40;46;0;287;0
41;46;0;287;0
42;46;0;287;0
43;46;0;287;0
44;46;0;287;0
45;46;0;287;0
46;46;0;287;0
47;46;0;287;0
48;46;0;287;0
49;46;0;287;0
50;46;0;287;0
51;46;0;287;0
52;46;0;287;0
53;46;0;287;0
54;46;0;287;0
55;46;0;287;0
56;46;0;287;0
57;46;0;287;0
58;46;0;287;0
59;46;0;287;0
60;46;0;287;0
61;46;0;287;0
62;46;0;613;0
63;46;0;613;0
64;46;0;1245;0
69;46;0;613;0
70;46;0;613;0
71;46;0;287;0
72;46;0;287;0
73;46;0;287;0
74;46;0;287;0
75;46;0;287;0
76;46;0;287;0
77;46;0;287;0
78;46;0;287;0
79;46;0;287;0
80;46;0;287;0
81;46;0;287;0
82;46;0;287;0
83;46;0;287;0
84;46;0;287;0
85;46;0;287;0
86;46;0;287;0
87;46;0;287;0
88;46;0;287;0
89;46;0;287;0
90;46;0;287;0
91;46;0;287;0
92;46;0;287;0
93;46;0;287;0
0;47;0;287;0
1;47;0;626;0
4;47;0;623;0
5;47;0;287;0
6;47;0;287;0
7;47;0;287;0
8;47;0;287;0
9;47;0;287;0
10;47;0;287;0
11;47;0;287;0
12;47;0;287;0
13;47;0;287;0
14;47;0;287;0
15;47;0;287;0
16;47;0;287;0
17;47;0;287;0
18;47;0;287;0
19;47;0;287;0
20;47;0;287;0
21;47;0;287;0
22;47;0;287;0
23;47;0;287;0
24;47;0;287;0
25;47;0;287;0
26;47;0;287;0
27;47;0;287;0
28;47;0;287;0
29;47;0;287;0
30;47;0;287;0
31;47;0;287;0
32;47;0;287;0
33;47;0;287;0
34;47;0;287;0
35;47;0;287;0
36;47;0;287;0
37;47;0;287;0
38;47;0;287;0
39;47;0;287;0
40;47;0;287;0
41;47;0;287;0
42;47;0;287;0
43;47;0;287;0
44;47;0;287;0
45;47;0;287;0
46;47;0;287;0
47;47;0;287;0
48;47;0;287;0
49;47;0;287;0
50;47;0;287;0
51;47;0;287;0
52;47;0;622;0
53;47;0;622;0
54;47;0;630;0
55;47;0;287;0
56;47;0;287;0
57;47;0;287;0
58;47;0;287;0
59;47;0;287;0
60;47;0;287;0
61;47;0;287;0
62;47;0;613;0
63;47;0;613;0
64;47;0;1245;0
68;47;0;1245;0
69;47;0;613;0
70;47;0;613;0
71;47;0;287;0
72;47;0;287;0
73;47;0;287;0
74;47;0;287;0
75;47;0;287;0
76;47;0;287;0
77;47;0;287;0
78;47;0;287;0
79;47;0;287;0
80;47;0;287;0
81;47;0;287;0
82;47;0;287;0
83;47;0;287;0
84;47;0;287;0
85;47;0;287;0
86;47;0;287;0
87;47;0;287;0
88;47;0;287;0
89;47;0;287;0
90;47;0;287;0
91;47;0;287;0
92;47;0;287;0
93;47;0;287;0
0;48;0;287;0
1;48;0;626;0
4;48;0;623;0
5;48;0;287;0
6;48;0;287;0
7;48;0;287;0
8;48;0;287;0
9;48;0;287;0
10;48;0;287;0
11;48;0;287;0
12;48;0;287;0
13;48;0;287;0
14;48;0;287;0
15;48;0;287;0
16;48;0;287;0
17;48;0;287;0
18;48;0;287;0
19;48;0;287;0
20;48;0;287;0
21;48;0;287;0
22;48;0;287;0
23;48;0;287;0
24;48;0;287;0
25;48;0;287;0
26;48;0;287;0
27;48;0;287;0
28;48;0;287;0
29;48;0;287;0
30;48;0;287;0
31;48;0;287;0
32;48;0;287;0
33;48;0;287;0
34;48;0;287;0
35;48;0;287;0
36;48;0;287;0
37;48;0;287;0
38;48;0;287;0
39;48;0;287;0
40;48;0;287;0
41;48;0;287;0
42;48;0;287;0
43;48;0;287;0
44;48;0;287;0
45;48;0;287;0
46;48;0;287;0
47;48;0;287;0
48;48;0;287;0
49;48;0;287;0
50;48;0;287;0
51;48;0;622;0
52;48;0;628;0
53;48;0;626;0
54;48;0;629;0
55;48;0;630;0
56;48;0;287;0
57;48;0;287;0
58;48;0;287;0
59;48;0;287;0
60;48;0;287;0
61;48;0;287;0
62;48;0;613;0
63;48;0;613;0
64;48;0;1245;0
68;48;0;915;0
69;48;0;613;0
70;48;0;613;0
71;48;0;287;0
72;48;0;287;0
73;48;0;287;0
74;48;0;287;0
75;48;0;287;0
76;48;0;287;0
77;48;0;287;0
78;48;0;287;0
79;48;0;287;0
80;48;0;287;0
81;48;0;287;0
82;48;0;287;0
83;48;0;287;0
84;48;0;287;0
85;48;0;287;0
86;48;0;287;0
87;48;0;287;0
88;48;0;287;0
89;48;0;287;0
90;48;0;287;0
91;48;0;287;0
92;48;0;287;0
0;49;0;287;0
1;49;0;626;0
3;49;0;629;0
4;49;0;623;0
5;49;0;287;0
6;49;0;287;0
7;49;0;287;0
8;49;0;287;0
9;49;0;287;0
10;49;0;287;0
11;49;0;287;0
12;49;0;287;0
13;49;0;287;0
14;49;0;287;0
15;49;0;287;0
16;49;0;287;0
17;49;0;287;0
18;49;0;287;0
19;49;0;287;0
20;49;0;287;0
21;49;0;287;0
22;49;0;287;0
23;49;0;287;0
24;49;0;287;0
25;49;0;287;0
26;49;0;287;0
27;49;0;287;0
28;49;0;287;0
29;49;0;287;0
30;49;0;287;0
31;49;0;287;0
32;49;0;287;0
33;49;0;287;0
34;49;0;287;0
35;49;0;287;0
36;49;0;287;0
37;49;0;287;0
38;49;0;287;0
39;49;0;287;0
40;49;0;287;0
41;49;0;287;0
42;49;0;287;0
43;49;0;287;0
44;49;0;287;0
45;49;0;287;0
46;49;0;287;0
47;49;0;287;0
48;49;0;287;0
49;49;0;287;0
50;49;0;622;0
51;49;0;628;0
52;49;0;627;0
53;49;0;626;0
54;49;0;626;0
55;49;0;629;0
56;49;0;630;0
57;49;0;287;0
58;49;0;287;0
59;49;0;622;0
60;49;0;622;0
61;49;0;622;0
62;49;0;622;0
63;49;0;628;0
69;49;0;623;0
70;49;0;287;0
71;49;0;287;0
72;49;0;287;0
73;49;0;287;0
74;49;0;287;0
75;49;0;287;0
76;49;0;287;0
77;49;0;287;0
78;49;0;287;0
79;49;0;287;0
80;49;0;287;0
81;49;0;287;0
82;49;0;287;0
83;49;0;287;0
84;49;0;287;0
85;49;0;287;0
86;49;0;287;0
87;49;0;287;0
88;49;0;287;0
89;49;0;287;0
90;49;0;287;0
91;49;0;287;0
0;50;0;287;0
1;50;0;626;0
4;50;0;623;0
5;50;0;287;0
6;50;0;287;0
7;50;0;287;0
8;50;0;287;0
9;50;0;287;0
10;50;0;287;0
11;50;0;287;0
12;50;0;287;0
13;50;0;287;0
14;50;0;287;0
15;50;0;287;0
16;50;0;287;0
17;50;0;287;0
18;50;0;287;0
19;50;0;287;0
20;50;0;287;0
21;50;0;287;0
22;50;0;287;0
23;50;0;287;0
24;50;0;287;0
25;50;0;287;0
26;50;0;287;0
27;50;0;287;0
28;50;0;287;0
29;50;0;287;0
30;50;0;287;0
31;50;0;287;0
32;50;0;287;0
33;50;0;287;0
34;50;0;287;0
35;50;0;287;0
36;50;0;287;0
37;50;0;287;0
38;50;0;287;0
39;50;0;287;0
40;50;0;287;0
41;50;0;287;0
42;50;0;287;0
43;50;0;287;0
44;50;0;287;0
45;50;0;287;0
46;50;0;287;0
47;50;0;287;0
48;50;0;287;0
49;50;0;287;0
50;50;0;628;0
51;50;0;626;0
52;50;0;623;0
53;50;0;287;0
54;50;0;626;0
55;50;0;626;0
56;50;0;623;0
57;50;0;287;0
58;50;0;622;0
59;50;0;628;0
61;50;0;1266;0
62;50;0;915;0
69;50;0;623;0
70;50;0;287;0
71;50;0;287;0
72;50;0;287;0
73;50;0;287;0
74;50;0;287;0
75;50;0;287;0
76;50;0;287;0
77;50;0;287;0
78;50;0;287;0
79;50;0;287;0
80;50;0;287;0
81;50;0;287;0
82;50;0;287;0
83;50;0;287;0
84;50;0;287;0
85;50;0;287;0
86;50;0;287;0
87;50;0;287;0
88;50;0;287;0
89;50;0;287;0
90;50;0;287;0
91;50;0;287;0
0;51;0;287;0
1;51;0;626;0
4;51;0;629;0
5;51;0;630;0
6;51;0;287;0
7;51;0;287;0
8;51;0;287;0
9;51;0;287;0
10;51;0;287;0
11;51;0;287;0
12;51;0;287;0
13;51;0;287;0
14;51;0;287;0
15;51;0;287;0
16;51;0;287;0
17;51;0;287;0
18;51;0;287;0
19;51;0;287;0
20;51;0;287;0
21;51;0;287;0
22;51;0;287;0
23;51;0;287;0
24;51;0;287;0
25;51;0;287;0
26;51;0;287;0
27;51;0;287;0
28;51;0;287;0
29;51;0;287;0
30;51;0;287;0
31;51;0;287;0
32;51;0;287;0
33;51;0;287;0
34;51;0;287;0
35;51;0;287;0
36;51;0;287;0
37;51;0;287;0
38;51;0;287;0
39;51;0;287;0
40;51;0;287;0
41;51;0;287;0
42;51;0;287;0
43;51;0;287;0
44;51;0;287;0
45;51;0;287;0
46;51;0;287;0
47;51;0;287;0
48;51;0;287;0
49;51;0;287;0
50;51;0;628;0
51;51;0;626;0
52;51;0;623;0
53;51;0;287;0
54;51;0;626;0
55;51;0;626;0
56;51;0;629;0
57;51;0;622;0
58;51;0;628;0
61;51;0;1245;0
68;51;0;915;0
69;51;0;629;0
70;51;0;630;0
71;51;0;287;0
72;51;0;287;0
73;51;0;287;0
74;51;0;287;0
75;51;0;287;0
76;51;0;287;0
77;51;0;287;0
78;51;0;287;0
79;51;0;287;0
80;51;0;287;0
81;51;0;287;0
82;51;0;287;0
83;51;0;287;0
84;51;0;287;0
85;51;0;287;0
86;51;0;287;0
87;51;0;287;0
88;51;0;287;0
89;51;0;287;0
90;51;0;287;0
91;51;0;287;0
0;52;0;287;0
1;52;0;626;0
5;52;0;623;0
6;52;0;287;0
7;52;0;287;0
8;52;0;287;0
9;52;0;287;0
10;52;0;287;0
11;52;0;287;0
12;52;0;287;0
13;52;0;287;0
14;52;0;287;0
15;52;0;287;0
16;52;0;287;0
17;52;0;287;0
18;52;0;287;0
19;52;0;287;0
20;52;0;287;0
21;52;0;287;0
22;52;0;287;0
23;52;0;287;0
24;52;0;287;0
25;52;0;287;0
26;52;0;287;0
27;52;0;287;0
28;52;0;287;0
29;52;0;287;0
30;52;0;287;0
31;52;0;287;0
32;52;0;287;0
33;52;0;287;0
34;52;0;287;0
35;52;0;287;0
36;52;0;287;0
37;52;0;287;0
38;52;0;287;0
39;52;0;287;0
40;52;0;287;0
41;52;0;287;0
42;52;0;287;0
43;52;0;287;0
44;52;0;287;0
45;52;0;287;0
46;52;0;287;0
47;52;0;287;0
48;52;0;287;0
49;52;0;287;0
50;52;0;628;0
51;52;0;626;0
52;52;0;629;0
53;52;0;622;0
54;52;0;628;0
55;52;0;627;0
56;52;0;626;0
57;52;0;627;0
58;52;0;626;0
67;52;0;1245;0
68;52;0;914;0
69;52;0;915;0
70;52;0;629;0
71;52;0;630;0
72;52;0;287;0
73;52;0;287;0
74;52;0;287;0
75;52;0;287;0
76;52;0;287;0
77;52;0;287;0
78;52;0;287;0
79;52;0;287;0
80;52;0;287;0
81;52;0;287;0
82;52;0;287;0
83;52;0;287;0
84;52;0;287;0
85;52;0;287;0
86;52;0;287;0
87;52;0;287;0
88;52;0;287;0
89;52;0;287;0
90;52;0;287;0
91;52;0;287;0
0;53;0;287;0
1;53;0;626;0
4;53;0;623;0
5;53;0;623;0
6;53;0;287;0
7;53;0;287;0
8;53;0;287;0
9;53;0;287;0
10;53;0;287;0
11;53;0;287;0
12;53;0;287;0
13;53;0;287;0
14;53;0;287;0
15;53;0;287;0
16;53;0;287;0
17;53;0;287;0
18;53;0;287;0
19;53;0;287;0
20;53;0;287;0
21;53;0;287;0
22;53;0;287;0
23;53;0;287;0
24;53;0;287;0
25;53;0;287;0
26;53;0;287;0
27;53;0;287;0
28;53;0;287;0
29;53;0;287;0
30;53;0;287;0
31;53;0;287;0
32;53;0;287;0
33;53;0;287;0
34;53;0;287;0
35;53;0;287;0
36;53;0;287;0
37;53;0;287;0
38;53;0;287;0
39;53;0;287;0
40;53;0;287;0
41;53;0;287;0
42;53;0;287;0
43;53;0;287;0
44;53;0;287;0
45;53;0;287;0
46;53;0;287;0
47;53;0;287;0
48;53;0;287;0
49;53;0;287;0
50;53;0;287;0
51;53;0;626;0
52;53;0;626;0
53;53;0;626;0
54;53;0;626;0
55;53;0;629;0
56;53;0;628;0
57;53;0;629;0
58;53;0;628;0
60;53;0;627;0
61;53;0;626;0
67;53;0;914;0
71;53;0;623;0
72;53;0;287;0
73;53;0;287;0
74;53;0;287;0
75;53;0;287;0
76;53;0;287;0
77;53;0;287;0
78;53;0;287;0
79;53;0;287;0
80;53;0;287;0
81;53;0;287;0
82;53;0;287;0
83;53;0;287;0
84;53;0;287;0
85;53;0;287;0
86;53;0;287;0
87;53;0;287;0
88;53;0;287;0
89;53;0;287;0
90;53;0;287;0
91;53;0;287;0
0;54;0;287;0
1;54;0;626;0
4;54;0;629;0
5;54;0;623;0
6;54;0;287;0
7;54;0;287;0
8;54;0;287;0
9;54;0;287;0
10;54;0;287;0
11;54;0;287;0
12;54;0;287;0
13;54;0;287;0
14;54;0;287;0
15;54;0;287;0
16;54;0;287;0
17;54;0;287;0
18;54;0;287;0
19;54;0;287;0
20;54;0;287;0
21;54;0;287;0
22;54;0;287;0
23;54;0;287;0
24;54;0;287;0
25;54;0;287;0
26;54;0;287;0
27;54;0;287;0
28;54;0;287;0
29;54;0;287;0
30;54;0;287;0
31;54;0;287;0
32;54;0;287;0
33;54;0;287;0
34;54;0;287;0
35;54;0;287;0
36;54;0;287;0
37;54;0;287;0
38;54;0;287;0
39;54;0;287;0
40;54;0;287;0
41;54;0;287;0
42;54;0;287;0
43;54;0;287;0
44;54;0;287;0
45;54;0;287;0
46;54;0;287;0
47;54;0;287;0
48;54;0;287;0
49;54;0;287;0
50;54;0;287;0
51;54;0;287;0
52;54;0;626;0
53;54;0;626;0
54;54;0;626;0
55;54;0;626;0
56;54;0;627;0
57;54;0;626;0
60;54;0;629;0
61;54;0;628;0
67;54;0;627;0
68;54;0;626;0
71;54;0;629;0
72;54;0;622;0
73;54;0;630;0
74;54;0;287;0
75;54;0;287;0
76;54;0;287;0
77;54;0;287;0
78;54;0;287;0
79;54;0;287;0
80;54;0;287;0
81;54;0;287;0
82;54;0;287;0
83;54;0;287;0
84;54;0;287;0
85;54;0;287;0
86;54;0;287;0
87;54;0;287;0
88;54;0;287;0
89;54;0;287;0
90;54;0;287;0
91;54;0;287;0
0;55;0;287;0
0;55;0;287;0
1;55;0;626;0
5;55;0;623;0
6;55;0;287;0
7;55;0;287;0
8;55;0;287;0
9;55;0;287;0
10;55;0;287;0
11;55;0;287;0
12;55;0;287;0
13;55;0;287;0
14;55;0;287;0
15;55;0;287;0
16;55;0;287;0
17;55;0;287;0
18;55;0;287;0
19;55;0;287;0
20;55;0;287;0
21;55;0;287;0
22;55;0;287;0
23;55;0;287;0
24;55;0;287;0
25;55;0;287;0
26;55;0;287;0
27;55;0;287;0
28;55;0;287;0
29;55;0;287;0
30;55;0;287;0
31;55;0;287;0
32;55;0;287;0
33;55;0;287;0
34;55;0;287;0
35;55;0;287;0
36;55;0;287;0
37;55;0;287;0
38;55;0;287;0
39;55;0;287;0
40;55;0;287;0
41;55;0;287;0
42;55;0;287;0
43;55;0;287;0
44;55;0;287;0
45;55;0;287;0
46;55;0;287;0
47;55;0;287;0
48;55;0;287;0
49;55;0;287;0
50;55;0;287;0
51;55;0;287;0
52;55;0;287;0
53;55;0;287;0
54;55;0;287;0
55;55;0;626;0
56;55;0;629;0
57;55;0;630;0
58;55;0;626;0
60;55;0;914;0
67;55;0;629;0
68;55;0;627;0
69;55;0;626;0
70;55;0;626;0
73;55;0;629;0
74;55;0;630;0
75;55;0;287;0
76;55;0;287;0
77;55;0;287;0
78;55;0;287;0
79;55;0;287;0
80;55;0;287;0
81;55;0;287;0
82;55;0;287;0
83;55;0;287;0
84;55;0;287;0
85;55;0;287;0
86;55;0;287;0
87;55;0;287;0
88;55;0;287;0
89;55;0;287;0
90;55;0;287;0
91;55;0;287;0
0;56;0;287;0
1;56;0;626;0
3;56;0;627;0
4;56;0;626;0
5;56;0;629;0
6;56;0;629;0
7;56;0;630;0
8;56;0;287;0
9;56;0;287;0
10;56;0;287;0
11;56;0;287;0
12;56;0;287;0
13;56;0;287;0
14;56;0;287;0
15;56;0;287;0
16;56;0;287;0
17;56;0;287;0
18;56;0;287;0
19;56;0;287;0
20;56;0;287;0
21;56;0;287;0
22;56;0;287;0
23;56;0;287;0
24;56;0;287;0
25;56;0;287;0
26;56;0;287;0
27;56;0;287;0
28;56;0;287;0
29;56;0;287;0
30;56;0;287;0
31;56;0;287;0
32;56;0;287;0
33;56;0;287;0
34;56;0;287;0
35;56;0;287;0
36;56;0;287;0
37;56;0;287;0
38;56;0;287;0
39;56;0;287;0
40;56;0;287;0
41;56;0;287;0
42;56;0;287;0
43;56;0;287;0
44;56;0;287;0
45;56;0;287;0
46;56;0;287;0
47;56;0;287;0
48;56;0;287;0
49;56;0;287;0
50;56;0;287;0
51;56;0;287;0
52;56;0;287;0
53;56;0;287;0
54;56;0;287;0
55;56;0;626;0
57;56;0;629;0
58;56;0;628;0
67;56;0;1245;0
68;56;0;623;0
69;56;0;287;0
70;56;0;626;0
74;56;0;629;0
75;56;0;622;0
76;56;0;630;0
77;56;0;287;0
78;56;0;287;0
79;56;0;287;0
80;56;0;287;0
81;56;0;287;0
82;56;0;287;0
83;56;0;287;0
84;56;0;287;0
85;56;0;287;0
86;56;0;287;0
87;56;0;287;0
88;56;0;287;0
89;56;0;287;0
90;56;0;287;0
91;56;0;287;0
0;57;0;287;0
1;57;0;626;0
3;57;0;629;0
4;57;0;628;0
5;57;0;626;0
7;57;0;623;0
8;57;0;287;0
9;57;0;287;0
10;57;0;287;0
11;57;0;287;0
12;57;0;287;0
13;57;0;287;0
14;57;0;287;0
15;57;0;287;0
16;57;0;287;0
17;57;0;287;0
18;57;0;287;0
19;57;0;287;0
20;57;0;287;0
21;57;0;287;0
22;57;0;287;0
23;57;0;287;0
24;57;0;287;0
25;57;0;287;0
26;57;0;287;0
27;57;0;287;0
28;57;0;287;0
29;57;0;287;0
30;57;0;287;0
31;57;0;287;0
32;57;0;287;0
33;57;0;287;0
34;57;0;287;0
35;57;0;287;0
36;57;0;287;0
37;57;0;287;0
38;57;0;287;0
39;57;0;287;0
40;57;0;287;0
41;57;0;287;0
42;57;0;287;0
43;57;0;287;0
44;57;0;287;0
45;57;0;287;0
46;57;0;287;0
47;57;0;287;0
48;57;0;287;0
49;57;0;287;0
50;57;0;287;0
51;57;0;287;0
52;57;0;287;0
53;57;0;287;0
54;57;0;622;0
55;57;0;628;0
57;57;0;1265;0
68;57;0;629;0
69;57;0;622;0
70;57;0;628;0
73;57;0;915;0
76;57;0;629;0
77;57;0;622;0
78;57;0;630;0
79;57;0;287;0
80;57;0;287;0
81;57;0;287;0
82;57;0;287;0
83;57;0;287;0
84;57;0;287;0
85;57;0;287;0
86;57;0;287;0
87;57;0;287;0
88;57;0;287;0
89;57;0;287;0
90;57;0;287;0
91;57;0;287;0
0;58;0;287;0
1;58;0;626;0
4;58;0;629;0
5;58;0;628;0
7;58;0;623;0
8;58;0;287;0
9;58;0;287;0
10;58;0;287;0
11;58;0;287;0
12;58;0;287;0
13;58;0;287;0
14;58;0;287;0
15;58;0;287;0
16;58;0;287;0
17;58;0;287;0
18;58;0;287;0
19;58;0;287;0
20;58;0;287;0
21;58;0;287;0
22;58;0;287;0
23;58;0;287;0
24;58;0;287;0
25;58;0;287;0
26;58;0;287;0
27;58;0;287;0
28;58;0;287;0
29;58;0;287;0
30;58;0;287;0
31;58;0;287;0
32;58;0;287;0
33;58;0;287;0
34;58;0;287;0
35;58;0;287;0
36;58;0;287;0
37;58;0;287;0
38;58;0;287;0
39;58;0;287;0
40;58;0;287;0
41;58;0;287;0
42;58;0;287;0
43;58;0;287;0
44;58;0;287;0
45;58;0;287;0
46;58;0;287;0
47;58;0;287;0
48;58;0;287;0
49;58;0;287;0
50;58;0;287;0
51;58;0;287;0
52;58;0;287;0
53;58;0;287;0
54;58;0;628;0
56;58;0;1245;0
67;58;0;1266;0
68;58;0;915;0
78;58;0;623;0
79;58;0;287;0
80;58;0;287;0
81;58;0;287;0
82;58;0;287;0
83;58;0;287;0
84;58;0;287;0
85;58;0;287;0
86;58;0;287;0
87;58;0;287;0
88;58;0;287;0
89;58;0;287;0
90;58;0;287;0
91;58;0;287;0
0;59;0;287;0
1;59;0;626;0
7;59;0;623;0
8;59;0;287;0
9;59;0;287;0
10;59;0;287;0
11;59;0;287;0
12;59;0;287;0
13;59;0;287;0
14;59;0;287;0
15;59;0;287;0
16;59;0;287;0
17;59;0;287;0
18;59;0;287;0
19;59;0;287;0
20;59;0;287;0
21;59;0;287;0
22;59;0;287;0
23;59;0;287;0
24;59;0;287;0
25;59;0;287;0
26;59;0;287;0
27;59;0;287;0
28;59;0;287;0
29;59;0;287;0
30;59;0;287;0
31;59;0;287;0
32;59;0;287;0
33;59;0;287;0
34;59;0;287;0
35;59;0;287;0
36;59;0;287;0
37;59;0;287;0
38;59;0;287;0
39;59;0;287;0
40;59;0;287;0
41;59;0;287;0
42;59;0;287;0
43;59;0;287;0
44;59;0;287;0
45;59;0;287;0
46;59;0;287;0
47;59;0;287;0
48;59;0;287;0
49;59;0;287;0
50;59;0;287;0
51;59;0;287;0
52;59;0;622;0
53;59;0;622;0
54;59;0;628;0
62;59;0;1245;0
65;59;0;1246;0
68;59;0;627;0
69;59;0;627;0
73;59;0;627;0
74;59;0;626;0
75;59;0;626;0
77;59;0;1245;0
78;59;0;623;0
79;59;0;287;0
80;59;0;287;0
81;59;0;287;0
82;59;0;287;0
83;59;0;287;0
84;59;0;287;0
85;59;0;287;0
86;59;0;287;0
87;59;0;287;0
88;59;0;287;0
89;59;0;287;0
90;59;0;287;0
91;59;0;287;0
0;60;0;287;0
1;60;0;626;0
7;60;0;629;0
8;60;0;630;0
9;60;0;287;0
10;60;0;287;0
11;60;0;287;0
12;60;0;287;0
13;60;0;287;0
14;60;0;287;0
15;60;0;287;0
16;60;0;287;0
17;60;0;287;0
18;60;0;287;0
19;60;0;287;0
20;60;0;287;0
21;60;0;287;0
22;60;0;287;0
23;60;0;287;0
24;60;0;287;0
25;60;0;287;0
26;60;0;287;0
27;60;0;287;0
28;60;0;287;0
29;60;0;287;0
30;60;0;287;0
31;60;0;287;0
32;60;0;287;0
33;60;0;287;0
34;60;0;287;0
35;60;0;287;0
36;60;0;287;0
37;60;0;287;0
38;60;0;287;0
39;60;0;287;0
40;60;0;287;0
41;60;0;287;0
42;60;0;287;0
43;60;0;287;0
44;60;0;287;0
45;60;0;287;0
46;60;0;287;0
47;60;0;287;0
48;60;0;287;0
49;60;0;287;0
50;60;0;287;0
51;60;0;287;0
52;60;0;628;0
53;60;0;628;0
62;60;0;1266;0
64;60;0;1272;0
68;60;0;623;0
69;60;0;287;0
70;60;0;627;0
73;60;0;623;0
74;60;0;287;0
75;60;0;626;0
78;60;0;623;0
79;60;0;287;0
80;60;0;287;0
0;61;0;287;0
1;61;0;626;0
4;61;0;627;0
5;61;0;626;0
6;61;0;626;0
7;61;0;626;0
8;61;0;623;0
9;61;0;287;0
10;61;0;287;0
11;61;0;287;0
12;61;0;287;0
13;61;0;287;0
14;61;0;287;0
15;61;0;287;0
16;61;0;287;0
17;61;0;287;0
18;61;0;287;0
19;61;0;287;0
20;61;0;287;0
21;61;0;287;0
22;61;0;287;0
23;61;0;287;0
24;61;0;287;0
25;61;0;287;0
26;61;0;287;0
27;61;0;287;0
28;61;0;287;0
29;61;0;287;0
30;61;0;287;0
31;61;0;287;0
32;61;0;287;0
33;61;0;287;0
34;61;0;287;0
35;61;0;287;0
36;61;0;287;0
37;61;0;287;0
38;61;0;287;0
39;61;0;287;0
40;61;0;287;0
41;61;0;287;0
42;61;0;287;0
43;61;0;287;0
44;61;0;287;0
45;61;0;287;0
46;61;0;287;0
47;61;0;287;0
48;61;0;287;0
49;61;0;287;0
50;61;0;287;0
51;61;0;628;0
52;61;0;628;0
61;61;0;1245;0
66;61;0;627;0
67;61;0;627;0
68;61;0;623;0
69;61;0;287;0
70;61;0;287;0
71;61;0;627;0
73;61;0;629;0
74;61;0;622;0
75;61;0;628;0
76;61;0;627;0
77;61;0;627;0
78;61;0;627;0
79;61;0;287;0
80;61;0;287;0
0;62;0;287;0
1;62;0;626;0
4;62;0;623;0
5;62;0;287;0
6;62;0;287;0
7;62;0;626;0
8;62;0;623;0
9;62;0;287;0
10;62;0;287;0
11;62;0;287;0
12;62;0;287;0
13;62;0;287;0
14;62;0;287;0
15;62;0;287;0
16;62;0;287;0
17;62;0;287;0
18;62;0;287;0
19;62;0;287;0
20;62;0;287;0
21;62;0;287;0
22;62;0;287;0
23;62;0;287;0
24;62;0;287;0
25;62;0;287;0
26;62;0;287;0
27;62;0;287;0
28;62;0;287;0
29;62;0;287;0
30;62;0;287;0
31;62;0;287;0
32;62;0;287;0
33;62;0;287;0
34;62;0;287;0
35;62;0;287;0
36;62;0;287;0
37;62;0;287;0
38;62;0;287;0
39;62;0;287;0
40;62;0;287;0
41;62;0;287;0
42;62;0;287;0
43;62;0;287;0
44;62;0;287;0
45;62;0;287;0
46;62;0;287;0
47;62;0;287;0
48;62;0;287;0
49;62;0;622;0
50;62;0;622;0
51;62;0;628;0
62;62;0;627;0
63;62;0;627;0
64;62;0;627;0
65;62;0;627;0
66;62;0;623;0
67;62;0;287;0
68;62;0;287;0
69;62;0;287;0
70;62;0;287;0
71;62;0;287;0
72;62;0;627;0
73;62;0;627;0
74;62;0;627;0
75;62;0;627;0
76;62;0;623;0
77;62;0;287;0
78;62;0;287;0
79;62;0;287;0
80;62;0;287;0
0;63;0;287;0
1;63;0;626;0
4;63;0;629;0
5;63;0;630;0
6;63;0;287;0
7;63;0;626;0
8;63;0;629;0
9;63;0;622;0
10;63;0;630;0
11;63;0;287;0
12;63;0;287;0
13;63;0;287;0
14;63;0;287;0
15;63;0;287;0
16;63;0;287;0
17;63;0;287;0
18;63;0;287;0
19;63;0;287;0
20;63;0;287;0
21;63;0;287;0
22;63;0;287;0
23;63;0;287;0
24;63;0;287;0
25;63;0;287;0
26;63;0;287;0
27;63;0;287;0
28;63;0;287;0
29;63;0;287;0
30;63;0;287;0
31;63;0;287;0
32;63;0;287;0
33;63;0;287;0
34;63;0;287;0
35;63;0;287;0
36;63;0;287;0
37;63;0;287;0
38;63;0;287;0
39;63;0;287;0
40;63;0;287;0
41;63;0;287;0
42;63;0;287;0
43;63;0;287;0
44;63;0;287;0
45;63;0;287;0
46;63;0;287;0
47;63;0;287;0
48;63;0;622;0
49;63;0;628;0
58;63;0;627;0
59;63;0;627;0
60;63;0;627;0
61;63;0;627;0
62;63;0;623;0
63;63;0;287;0
64;63;0;287;0
65;63;0;287;0
66;63;0;287;0
67;63;0;287;0
68;63;0;287;0
69;63;0;287;0
70;63;0;287;0
71;63;0;287;0
72;63;0;287;0
73;63;0;287;0
74;63;0;287;0
75;63;0;287;0
76;63;0;287;0
77;63;0;287;0
78;63;0;287;0
79;63;0;287;0
80;63;0;287;0
0;64;0;287;0
1;64;0;626;0
5;64;0;629;0
6;64;0;622;0
7;64;0;628;0
9;64;0;1254;0
10;64;0;623;0
11;64;0;287;0
12;64;0;287;0
13;64;0;287;0
14;64;0;287;0
15;64;0;287;0
16;64;0;287;0
17;64;0;287;0
18;64;0;287;0
19;64;0;287;0
20;64;0;287;0
21;64;0;287;0
22;64;0;287;0
23;64;0;287;0
24;64;0;287;0
25;64;0;287;0
26;64;0;287;0
27;64;0;287;0
28;64;0;287;0
29;64;0;287;0
30;64;0;287;0
31;64;0;287;0
32;64;0;287;0
33;64;0;287;0
34;64;0;287;0
35;64;0;287;0
36;64;0;287;0
37;64;0;287;0
38;64;0;287;0
39;64;0;287;0
40;64;0;287;0
41;64;0;287;0
42;64;0;287;0
43;64;0;287;0
44;64;0;287;0
45;64;0;287;0
46;64;0;287;0
47;64;0;287;0
48;64;0;628;0
57;64;0;627;0
58;64;0;623;0
59;64;0;287;0
60;64;0;287;0
61;64;0;287;0
62;64;0;287;0
63;64;0;287;0
64;64;0;287;0
65;64;0;287;0
66;64;0;287;0
67;64;0;287;0
68;64;0;287;0
69;64;0;287;0
70;64;0;287;0
71;64;0;287;0
72;64;0;287;0
73;64;0;287;0
74;64;0;287;0
75;64;0;287;0
76;64;0;287;0
77;64;0;287;0
78;64;0;287;0
79;64;0;287;0
80;64;0;287;0
0;65;0;287;0
1;65;0;626;0
7;65;0;915;0
9;65;0;627;0
10;65;0;629;0
11;65;0;622;0
12;65;0;622;0
13;65;0;630;0
14;65;0;287;0
15;65;0;287;0
16;65;0;287;0
17;65;0;287;0
18;65;0;287;0
19;65;0;287;0
20;65;0;287;0
21;65;0;287;0
22;65;0;287;0
23;65;0;287;0
24;65;0;287;0
25;65;0;287;0
26;65;0;287;0
27;65;0;287;0
28;65;0;287;0
29;65;0;287;0
30;65;0;287;0
31;65;0;287;0
32;65;0;287;0
33;65;0;287;0
34;65;0;287;0
35;65;0;287;0
36;65;0;287;0
37;65;0;287;0
38;65;0;287;0
39;65;0;287;0
40;65;0;287;0
41;65;0;287;0
42;65;0;287;0
43;65;0;287;0
44;65;0;287;0
45;65;0;287;0
46;65;0;287;0
47;65;0;622;0
48;65;0;628;0
57;65;0;623;0
58;65;0;287;0
59;65;0;287;0
60;65;0;287;0
61;65;0;287;0
62;65;0;287;0
63;65;0;287;0
64;65;0;287;0
65;65;0;287;0
66;65;0;287;0
67;65;0;287;0
68;65;0;287;0
69;65;0;287;0
70;65;0;287;0
71;65;0;287;0
72;65;0;287;0
73;65;0;287;0
74;65;0;287;0
75;65;0;287;0
76;65;0;287;0
77;65;0;287;0
78;65;0;287;0
79;65;0;287;0
80;65;0;287;0
0;66;0;287;0
1;66;0;626;0
7;66;0;1265;0
12;66;0;915;0
13;66;0;623;0
14;66;0;287;0
15;66;0;287;0
16;66;0;287;0
17;66;0;287;0
18;66;0;287;0
19;66;0;287;0
20;66;0;287;0
21;66;0;287;0
22;66;0;287;0
23;66;0;287;0
24;66;0;287;0
25;66;0;287;0
26;66;0;287;0
27;66;0;287;0
28;66;0;287;0
29;66;0;287;0
30;66;0;287;0
31;66;0;287;0
32;66;0;287;0
33;66;0;287;0
34;66;0;287;0
35;66;0;287;0
36;66;0;287;0
37;66;0;287;0
38;66;0;287;0
39;66;0;287;0
40;66;0;287;0
41;66;0;287;0
42;66;0;287;0
43;66;0;287;0
44;66;0;287;0
45;66;0;287;0
46;66;0;287;0
47;66;0;628;0
55;66;0;1272;0
56;66;0;1246;0
57;66;0;623;0
58;66;0;287;0
59;66;0;287;0
60;66;0;287;0
61;66;0;287;0
62;66;0;287;0
63;66;0;287;0
64;66;0;287;0
65;66;0;287;0
66;66;0;287;0
67;66;0;287;0
68;66;0;287;0
69;66;0;287;0
70;66;0;287;0
71;66;0;287;0
72;66;0;287;0
73;66;0;287;0
74;66;0;287;0
75;66;0;287;0
76;66;0;287;0
77;66;0;287;0
78;66;0;287;0
79;66;0;287;0
80;66;0;287;0
0;67;0;287;0
1;67;0;626;0
10;67;0;914;0
13;67;0;623;0
14;67;0;287;0
15;67;0;287;0
16;67;0;287;0
17;67;0;287;0
18;67;0;287;0
19;67;0;287;0
20;67;0;287;0
21;67;0;287;0
22;67;0;287;0
23;67;0;287;0
24;67;0;287;0
25;67;0;287;0
26;67;0;287;0
27;67;0;287;0
28;67;0;287;0
29;67;0;287;0
30;67;0;287;0
31;67;0;287;0
32;67;0;287;0
33;67;0;287;0
34;67;0;287;0
35;67;0;287;0
36;67;0;287;0
37;67;0;287;0
38;67;0;287;0
39;67;0;287;0
40;67;0;287;0
41;67;0;287;0
42;67;0;287;0
43;67;0;287;0
44;67;0;287;0
45;67;0;287;0
46;67;0;622;0
47;67;0;628;0
56;67;0;627;0
58;67;0;287;0
59;67;0;287;0
60;67;0;287;0
61;67;0;287;0
62;67;0;287;0
63;67;0;287;0
64;67;0;287;0
65;67;0;287;0
66;67;0;287;0
67;67;0;287;0
68;67;0;287;0
69;67;0;287;0
70;67;0;287;0
71;67;0;287;0
72;67;0;287;0
73;67;0;287;0
74;67;0;287;0
75;67;0;287;0
76;67;0;287;0
77;67;0;287;0
78;67;0;287;0
79;67;0;287;0
80;67;0;287;0
0;68;0;287;0
1;68;0;626;0
7;68;0;627;0
8;68;0;626;0
13;68;0;629;0
14;68;0;622;0
15;68;0;630;0
16;68;0;287;0
17;68;0;287;0
18;68;0;287;0
19;68;0;287;0
20;68;0;287;0
21;68;0;287;0
22;68;0;287;0
23;68;0;287;0
24;68;0;287;0
25;68;0;287;0
26;68;0;287;0
27;68;0;287;0
28;68;0;287;0
29;68;0;287;0
30;68;0;287;0
31;68;0;287;0
32;68;0;287;0
33;68;0;287;0
34;68;0;287;0
35;68;0;287;0
36;68;0;287;0
37;68;0;287;0
38;68;0;287;0
39;68;0;287;0
40;68;0;287;0
41;68;0;287;0
42;68;0;287;0
43;68;0;287;0
44;68;0;287;0
45;68;0;287;0
46;68;0;628;0
56;68;0;623;0
57;68;0;287;0
58;68;0;287;0
59;68;0;287;0
60;68;0;287;0
61;68;0;287;0
62;68;0;287;0
63;68;0;287;0
64;68;0;287;0
65;68;0;287;0
66;68;0;287;0
67;68;0;287;0
68;68;0;287;0
69;68;0;287;0
70;68;0;287;0
71;68;0;287;0
72;68;0;287;0
73;68;0;287;0
74;68;0;287;0
75;68;0;287;0
76;68;0;287;0
77;68;0;287;0
78;68;0;287;0
79;68;0;287;0
80;68;0;287;0
0;69;0;287;0
1;69;0;626;0
7;69;0;629;0
8;69;0;627;0
9;69;0;626;0
10;69;0;626;0
11;69;0;626;0
14;69;0;914;0
15;69;0;623;0
16;69;0;287;0
17;69;0;287;0
18;69;0;287;0
19;69;0;287;0
20;69;0;287;0
21;69;0;287;0
22;69;0;287;0
23;69;0;287;0
24;69;0;287;0
25;69;0;287;0
26;69;0;287;0
27;69;0;287;0
28;69;0;287;0
29;69;0;287;0
30;69;0;287;0
31;69;0;287;0
32;69;0;287;0
33;69;0;287;0
34;69;0;287;0
35;69;0;287;0
36;69;0;287;0
37;69;0;287;0
38;69;0;287;0
39;69;0;287;0
40;69;0;287;0
41;69;0;287;0
42;69;0;287;0
43;69;0;287;0
44;69;0;287;0
45;69;0;622;0
46;69;0;628;0
52;69;0;627;0
53;69;0;627;0
54;69;0;627;0
55;69;0;627;0
56;69;0;627;0
57;69;0;287;0
58;69;0;287;0
59;69;0;287;0
60;69;0;287;0
61;69;0;287;0
62;69;0;287;0
63;69;0;287;0
64;69;0;287;0
65;69;0;287;0
66;69;0;287;0
67;69;0;287;0
68;69;0;287;0
69;69;0;287;0
70;69;0;287;0
71;69;0;287;0
72;69;0;287;0
73;69;0;287;0
74;69;0;287;0
75;69;0;287;0
76;69;0;287;0
77;69;0;287;0
78;69;0;287;0
79;69;0;287;0
80;69;0;287;0
0;70;0;287;0
1;70;0;626;0
2;70;0;626;0
8;70;0;623;0
9;70;0;287;0
10;70;0;287;0
11;70;0;626;0
13;70;0;1265;0
14;70;0;627;0
15;70;0;623;0
16;70;0;287;0
17;70;0;287;0
18;70;0;287;0
19;70;0;287;0
20;70;0;287;0
21;70;0;287;0
22;70;0;287;0
23;70;0;287;0
24;70;0;287;0
25;70;0;287;0
26;70;0;287;0
27;70;0;287;0
28;70;0;287;0
29;70;0;287;0
30;70;0;287;0
31;70;0;287;0
32;70;0;287;0
33;70;0;287;0
34;70;0;287;0
35;70;0;287;0
36;70;0;287;0
37;70;0;287;0
38;70;0;287;0
39;70;0;287;0
40;70;0;287;0
41;70;0;287;0
42;70;0;287;0
43;70;0;287;0
44;70;0;622;0
45;70;0;628;0
49;70;0;915;0
51;70;0;914;0
52;70;0;623;0
53;70;0;287;0
54;70;0;287;0
55;70;0;287;0
56;70;0;287;0
57;70;0;287;0
58;70;0;287;0
59;70;0;287;0
60;70;0;287;0
61;70;0;287;0
62;70;0;287;0
63;70;0;287;0
64;70;0;287;0
65;70;0;287;0
66;70;0;287;0
67;70;0;287;0
68;70;0;287;0
69;70;0;287;0
70;70;0;287;0
71;70;0;287;0
72;70;0;287;0
73;70;0;287;0
74;70;0;287;0
75;70;0;287;0
76;70;0;287;0
77;70;0;287;0
78;70;0;287;0
79;70;0;287;0
80;70;0;287;0
0;71;0;287;0
1;71;0;287;0
2;71;0;626;0
3;71;0;626;0
4;71;0;626;0
8;71;0;623;0
9;71;0;287;0
10;71;0;287;0
11;71;0;626;0
14;71;0;627;0
15;71;0;623;0
16;71;0;287;0
17;71;0;287;0
18;71;0;287;0
19;71;0;287;0
20;71;0;287;0
21;71;0;287;0
22;71;0;287;0
23;71;0;287;0
24;71;0;287;0
25;71;0;287;0
26;71;0;287;0
27;71;0;287;0
28;71;0;287;0
29;71;0;287;0
30;71;0;287;0
31;71;0;287;0
32;71;0;287;0
33;71;0;287;0
34;71;0;287;0
35;71;0;287;0
36;71;0;287;0
37;71;0;287;0
38;71;0;287;0
39;71;0;287;0
40;71;0;287;0
41;71;0;287;0
42;71;0;287;0
43;71;0;622;0
44;71;0;628;0
48;71;0;1257;0
51;71;0;1246;0
52;71;0;623;0
53;71;0;287;0
54;71;0;287;0
55;71;0;287;0
56;71;0;287;0
57;71;0;287;0
58;71;0;287;0
59;71;0;287;0
60;71;0;287;0
61;71;0;287;0
62;71;0;287;0
63;71;0;287;0
64;71;0;287;0
0;72;0;287;0
1;72;0;287;0
2;72;0;287;0
3;72;0;287;0
4;72;0;626;0
8;72;0;629;0
9;72;0;622;0
10;72;0;622;0
11;72;0;628;0
14;72;0;914;0
15;72;0;623;0
16;72;0;287;0
17;72;0;287;0
18;72;0;287;0
19;72;0;287;0
20;72;0;287;0
21;72;0;287;0
22;72;0;287;0
23;72;0;287;0
24;72;0;287;0
25;72;0;287;0
26;72;0;287;0
27;72;0;287;0
28;72;0;287;0
29;72;0;287;0
30;72;0;287;0
31;72;0;287;0
32;72;0;287;0
33;72;0;287;0
34;72;0;287;0
35;72;0;287;0
36;72;0;287;0
37;72;0;287;0
38;72;0;287;0
39;72;0;287;0
40;72;0;287;0
41;72;0;287;0
42;72;0;622;0
43;72;0;628;0
50;72;0;627;0
51;72;0;627;0
52;72;0;627;0
53;72;0;287;0
54;72;0;287;0
55;72;0;287;0
56;72;0;287;0
57;72;0;287;0
58;72;0;287;0
59;72;0;287;0
60;72;0;287;0
61;72;0;287;0
62;72;0;287;0
63;72;0;287;0
64;72;0;287;0
0;73;0;287;0
1;73;0;287;0
2;73;0;287;0
3;73;0;287;0
4;73;0;626;0
15;73;0;623;0
16;73;0;287;0
17;73;0;287;0
18;73;0;287;0
19;73;0;287;0
20;73;0;287;0
21;73;0;287;0
22;73;0;287;0
23;73;0;287;0
24;73;0;287;0
25;73;0;287;0
26;73;0;287;0
27;73;0;287;0
28;73;0;287;0
29;73;0;287;0
30;73;0;287;0
31;73;0;287;0
32;73;0;287;0
33;73;0;287;0
34;73;0;287;0
35;73;0;287;0
36;73;0;287;0
37;73;0;287;0
38;73;0;287;0
39;73;0;287;0
40;73;0;287;0
41;73;0;622;0
42;73;0;628;0
47;73;0;626;0
50;73;0;623;0
51;73;0;287;0
52;73;0;287;0
53;73;0;287;0
54;73;0;287;0
55;73;0;287;0
56;73;0;287;0
57;73;0;287;0
58;73;0;287;0
59;73;0;287;0
60;73;0;287;0
61;73;0;287;0
62;73;0;287;0
63;73;0;287;0
64;73;0;287;0
0;74;0;287;0
1;74;0;287;0
2;74;0;287;0
3;74;0;287;0
4;74;0;626;0
5;74;0;626;0
15;74;0;623;0
16;74;0;287;0
17;74;0;287;0
18;74;0;287;0
19;74;0;287;0
20;74;0;287;0
21;74;0;287;0
22;74;0;287;0
23;74;0;287;0
24;74;0;287;0
25;74;0;287;0
26;74;0;287;0
27;74;0;287;0
28;74;0;287;0
29;74;0;287;0
30;74;0;287;0
31;74;0;287;0
32;74;0;287;0
33;74;0;287;0
34;74;0;287;0
35;74;0;287;0
36;74;0;287;0
37;74;0;287;0
38;74;0;622;0
39;74;0;622;0
40;74;0;622;0
41;74;0;628;0
46;74;0;1245;0
47;74;0;1272;0
48;74;0;1257;0
50;74;0;623;0
51;74;0;287;0
52;74;0;287;0
53;74;0;287;0
54;74;0;287;0
55;74;0;287;0
56;74;0;287;0
57;74;0;287;0
58;74;0;287;0
59;74;0;287;0
60;74;0;287;0
61;74;0;287;0
62;74;0;287;0
63;74;0;287;0
64;74;0;287;0
0;75;0;287;0
1;75;0;287;0
2;75;0;287;0
3;75;0;287;0
4;75;0;287;0
5;75;0;626;0
10;75;0;627;0
11;75;0;627;0
12;75;0;627;0
13;75;0;627;0
14;75;0;627;0
15;75;0;623;0
16;75;0;287;0
17;75;0;287;0
18;75;0;287;0
19;75;0;287;0
20;75;0;287;0
21;75;0;287;0
22;75;0;287;0
23;75;0;287;0
24;75;0;287;0
25;75;0;287;0
26;75;0;287;0
27;75;0;287;0
28;75;0;287;0
29;75;0;287;0
30;75;0;287;0
31;75;0;287;0
32;75;0;287;0
33;75;0;287;0
34;75;0;287;0
35;75;0;287;0
36;75;0;287;0
37;75;0;622;0
38;75;0;628;0
39;75;0;1245;0
48;75;0;627;0
49;75;0;627;0
50;75;0;627;0
51;75;0;287;0
52;75;0;287;0
53;75;0;287;0
54;75;0;287;0
55;75;0;287;0
56;75;0;287;0
57;75;0;287;0
58;75;0;287;0
59;75;0;287;0
60;75;0;287;0
61;75;0;287;0
62;75;0;287;0
63;75;0;287;0
64;75;0;287;0
0;76;0;287;0
1;76;0;287;0
2;76;0;287;0
3;76;0;287;0
4;76;0;287;0
5;76;0;626;0
10;76;0;623;0
11;76;0;287;0
12;76;0;287;0
13;76;0;287;0
14;76;0;287;0
15;76;0;287;0
16;76;0;287;0
17;76;0;287;0
18;76;0;287;0
19;76;0;287;0
20;76;0;287;0
21;76;0;287;0
22;76;0;287;0
23;76;0;287;0
24;76;0;287;0
25;76;0;287;0
26;76;0;287;0
27;76;0;287;0
28;76;0;287;0
29;76;0;287;0
30;76;0;287;0
31;76;0;287;0
32;76;0;287;0
33;76;0;287;0
34;76;0;287;0
35;76;0;287;0
36;76;0;622;0
37;76;0;628;0
48;76;0;623;0
49;76;0;287;0
50;76;0;287;0
51;76;0;287;0
52;76;0;287;0
53;76;0;287;0
54;76;0;287;0
55;76;0;287;0
56;76;0;287;0
57;76;0;287;0
58;76;0;287;0
59;76;0;287;0
60;76;0;287;0
61;76;0;287;0
62;76;0;287;0
63;76;0;287;0
64;76;0;287;0
0;77;0;287;0
1;77;0;287;0
2;77;0;287;0
3;77;0;287;0
4;77;0;287;0
5;77;0;626;0
6;77;0;627;0
7;77;0;627;0
8;77;0;627;0
9;77;0;627;0
10;77;0;623;0
11;77;0;287;0
12;77;0;287;0
13;77;0;287;0
14;77;0;287;0
15;77;0;287;0
16;77;0;287;0
17;77;0;287;0
18;77;0;287;0
19;77;0;287;0
20;77;0;287;0
21;77;0;287;0
22;77;0;287;0
23;77;0;287;0
24;77;0;287;0
25;77;0;287;0
26;77;0;287;0
27;77;0;287;0
28;77;0;613;0
29;77;0;287;0
30;77;0;287;0
31;77;0;287;0
32;77;0;613;0
33;77;0;287;0
34;77;0;622;0
35;77;0;622;0
36;77;0;628;0
46;77;0;915;0
47;77;0;627;0
48;77;0;627;0
49;77;0;287;0
50;77;0;287;0
51;77;0;287;0
52;77;0;287;0
53;77;0;287;0
54;77;0;287;0
55;77;0;287;0
56;77;0;287;0
57;77;0;287;0
58;77;0;287;0
59;77;0;287;0
60;77;0;287;0
0;78;0;287;0
1;78;0;287;0
2;78;0;287;0
3;78;0;287;0
4;78;0;287;0
5;78;0;287;0
6;78;0;287;0
7;78;0;287;0
8;78;0;287;0
9;78;0;287;0
10;78;0;287;0
11;78;0;287;0
12;78;0;287;0
13;78;0;287;0
14;78;0;287;0
15;78;0;287;0
16;78;0;287;0
17;78;0;287;0
18;78;0;287;0
19;78;0;287;0
20;78;0;287;0
21;78;0;287;0
22;78;0;287;0
23;78;0;287;0
24;78;0;287;0
25;78;0;287;0
26;78;0;287;0
27;78;0;287;0
28;78;0;287;0
29;78;0;287;0
30;78;0;287;0
31;78;0;622;0
32;78;0;613;0
33;78;0;622;0
34;78;0;628;0
45;78;0;914;0
47;78;0;623;0
48;78;0;287;0
49;78;0;287;0
50;78;0;287;0
51;78;0;287;0
52;78;0;287;0
53;78;0;287;0
54;78;0;287;0
55;78;0;287;0
56;78;0;287;0
57;78;0;287;0
0;79;0;287;0
1;79;0;287;0
2;79;0;287;0
3;79;0;287;0
4;79;0;287;0
5;79;0;287;0
6;79;0;287;0
7;79;0;287;0
8;79;0;287;0
9;79;0;287;0
10;79;0;287;0
11;79;0;287;0
12;79;0;287;0
13;79;0;287;0
14;79;0;287;0
15;79;0;287;0
16;79;0;287;0
17;79;0;287;0
18;79;0;287;0
19;79;0;287;0
20;79;0;287;0
21;79;0;287;0
22;79;0;287;0
23;79;0;287;0
24;79;0;287;0
25;79;0;287;0
26;79;0;622;0
27;79;0;622;0
28;79;0;630;0
29;79;0;287;0
30;79;0;287;0
31;79;0;626;0
43;79;0;1245;0
44;79;0;1257;0
45;79;0;627;0
46;79;0;627;0
47;79;0;627;0
48;79;0;287;0
49;79;0;287;0
50;79;0;287;0
51;79;0;287;0
52;79;0;287;0
53;79;0;287;0
54;79;0;287;0
55;79;0;287;0
56;79;0;287;0
57;79;0;287;0
0;80;0;287;0
1;80;0;287;0
2;80;0;287;0
3;80;0;287;0
4;80;0;287;0
5;80;0;287;0
6;80;0;287;0
7;80;0;287;0
8;80;0;287;0
9;80;0;287;0
10;80;0;287;0
11;80;0;287;0
12;80;0;287;0
13;80;0;287;0
14;80;0;287;0
15;80;0;287;0
16;80;0;287;0
17;80;0;287;0
18;80;0;287;0
19;80;0;287;0
20;80;0;287;0
21;80;0;287;0
22;80;0;287;0
23;80;0;287;0
24;80;0;287;0
25;80;0;287;0
26;80;0;628;0
28;80;0;623;0
29;80;0;287;0
30;80;0;287;0
31;80;0;626;0
45;80;0;623;0
46;80;0;287;0
47;80;0;287;0
48;80;0;287;0
49;80;0;287;0
50;80;0;287;0
51;80;0;287;0
52;80;0;287;0
53;80;0;287;0
54;80;0;287;0
55;80;0;287;0
56;80;0;287;0
57;80;0;287;0
0;81;0;287;0
1;81;0;287;0
2;81;0;287;0
3;81;0;287;0
4;81;0;287;0
5;81;0;287;0
6;81;0;287;0
7;81;0;287;0
8;81;0;287;0
9;81;0;287;0
10;81;0;287;0
11;81;0;287;0
12;81;0;287;0
13;81;0;287;0
14;81;0;287;0
15;81;0;287;0
16;81;0;287;0
17;81;0;287;0
18;81;0;287;0
19;81;0;287;0
20;81;0;287;0
21;81;0;287;0
22;81;0;287;0
23;81;0;287;0
24;81;0;622;0
25;81;0;622;0
26;81;0;628;0
28;81;0;629;0
29;81;0;622;0
30;81;0;622;0
31;81;0;628;0
45;81;0;623;0
46;81;0;287;0
47;81;0;287;0
48;81;0;287;0
49;81;0;287;0
50;81;0;287;0
51;81;0;287;0
52;81;0;287;0
53;81;0;287;0
54;81;0;287;0
55;81;0;287;0
56;81;0;287;0
57;81;0;287;0
0;82;0;287;0
1;82;0;287;0
2;82;0;287;0
3;82;0;287;0
4;82;0;287;0
5;82;0;287;0
6;82;0;287;0
7;82;0;287;0
8;82;0;287;0
9;82;0;287;0
10;82;0;287;0
11;82;0;287;0
12;82;0;287;0
13;82;0;287;0
14;82;0;287;0
15;82;0;287;0
16;82;0;287;0
17;82;0;287;0
18;82;0;287;0
19;82;0;287;0
20;82;0;287;0
21;82;0;287;0
22;82;0;287;0
23;82;0;622;0
24;82;0;628;0
41;82;0;915;0
42;82;0;627;0
43;82;0;627;0
44;82;0;627;0
45;82;0;627;0
46;82;0;287;0
47;82;0;287;0
48;82;0;287;0
49;82;0;287;0
50;82;0;287;0
51;82;0;287;0
52;82;0;287;0
53;82;0;287;0
54;82;0;287;0
55;82;0;287;0
56;82;0;287;0
57;82;0;287;0
0;83;0;287;0
1;83;0;287;0
2;83;0;287;0
3;83;0;287;0
4;83;0;287;0
5;83;0;287;0
6;83;0;287;0
7;83;0;287;0
8;83;0;287;0
9;83;0;287;0
10;83;0;287;0
11;83;0;287;0
12;83;0;287;0
13;83;0;287;0
14;83;0;287;0
15;83;0;287;0
16;83;0;287;0
17;83;0;287;0
18;83;0;287;0
19;83;0;287;0
20;83;0;287;0
21;83;0;622;0
22;83;0;622;0
23;83;0;628;0
39;83;0;1257;0
42;83;0;623;0
43;83;0;287;0
44;83;0;287;0
45;83;0;287;0
46;83;0;287;0
47;83;0;287;0
48;83;0;287;0
49;83;0;287;0
50;83;0;287;0
51;83;0;287;0
52;83;0;287;0
53;83;0;287;0
0;84;0;287;0
1;84;0;287;0
2;84;0;287;0
3;84;0;287;0
4;84;0;287;0
5;84;0;287;0
6;84;0;287;0
7;84;0;287;0
8;84;0;287;0
9;84;0;287;0
10;84;0;287;0
11;84;0;287;0
12;84;0;287;0
13;84;0;287;0
14;84;0;287;0
15;84;0;287;0
16;84;0;287;0
17;84;0;287;0
18;84;0;287;0
19;84;0;287;0
20;84;0;622;0
21;84;0;628;0
42;84;0;623;0
43;84;0;287;0
44;84;0;287;0
45;84;0;287;0
46;84;0;287;0
47;84;0;287;0
48;84;0;287;0
49;84;0;287;0
50;84;0;287;0
51;84;0;287;0
52;84;0;287;0
53;84;0;287;0
0;85;0;287;0
1;85;0;287;0
2;85;0;287;0
3;85;0;287;0
4;85;0;287;0
5;85;0;287;0
6;85;0;287;0
7;85;0;287;0
8;85;0;287;0
9;85;0;287;0
10;85;0;287;0
11;85;0;287;0
12;85;0;287;0
13;85;0;287;0
14;85;0;287;0
15;85;0;287;0
16;85;0;287;0
17;85;0;287;0
18;85;0;287;0
19;85;0;622;0
20;85;0;628;0
33;85;0;627;0
34;85;0;626;0
39;85;0;627;0
40;85;0;627;0
41;85;0;627;0
42;85;0;627;0
43;85;0;287;0
44;85;0;287;0
45;85;0;287;0
46;85;0;287;0
47;85;0;287;0
48;85;0;287;0
49;85;0;287;0
50;85;0;287;0
51;85;0;287;0
52;85;0;287;0
53;85;0;287;0
0;86;0;287;0
1;86;0;287;0
2;86;0;287;0
3;86;0;287;0
4;86;0;287;0
5;86;0;287;0
6;86;0;287;0
7;86;0;287;0
8;86;0;287;0
9;86;0;287;0
10;86;0;287;0
11;86;0;287;0
12;86;0;287;0
13;86;0;287;0
14;86;0;287;0
15;86;0;287;0
16;86;0;287;0
17;86;0;287;0
18;86;0;622;0
19;86;0;628;0
33;86;0;629;0
34;86;0;626;0
35;86;0;626;0
39;86;0;623;0
40;86;0;287;0
41;86;0;287;0
42;86;0;287;0
43;86;0;287;0
44;86;0;287;0
45;86;0;287;0
46;86;0;287;0
47;86;0;287;0
48;86;0;287;0
49;86;0;287;0
50;86;0;287;0
51;86;0;287;0
52;86;0;287;0
53;86;0;287;0
0;87;0;287;0
1;87;0;287;0
2;87;0;287;0
3;87;0;287;0
4;87;0;287;0
5;87;0;287;0
6;87;0;287;0
7;87;0;287;0
8;87;0;287;0
9;87;0;287;0
10;87;0;287;0
11;87;0;287;0
12;87;0;287;0
13;87;0;287;0
14;87;0;287;0
15;87;0;287;0
16;87;0;287;0
17;87;0;622;0
18;87;0;628;0
30;87;0;627;0
31;87;0;627;0
32;87;0;627;0
33;87;0;623;0
34;87;0;287;0
35;87;0;626;0
39;87;0;623;0
40;87;0;287;0
41;87;0;287;0
42;87;0;287;0
43;87;0;287;0
44;87;0;287;0
45;87;0;287;0
46;87;0;287;0
47;87;0;287;0
48;87;0;287;0
49;87;0;287;0
50;87;0;287;0
51;87;0;287;0
52;87;0;287;0
53;87;0;287;0
0;88;0;287;0
1;88;0;287;0
2;88;0;287;0
3;88;0;287;0
4;88;0;287;0
5;88;0;287;0
6;88;0;287;0
7;88;0;287;0
8;88;0;287;0
9;88;0;287;0
10;88;0;287;0
11;88;0;287;0
12;88;0;287;0
13;88;0;622;0
14;88;0;622;0
15;88;0;622;0
16;88;0;622;0
17;88;0;628;0
30;88;0;623;0
31;88;0;287;0
32;88;0;287;0
33;88;0;287;0
34;88;0;287;0
35;88;0;626;0
36;88;0;627;0
37;88;0;627;0
38;88;0;627;0
39;88;0;627;0
40;88;0;287;0
41;88;0;287;0
42;88;0;287;0
43;88;0;287;0
44;88;0;287;0
45;88;0;287;0
46;88;0;287;0
47;88;0;287;0
48;88;0;287;0
49;88;0;287;0
50;88;0;287;0
51;88;0;287;0
52;88;0;287;0
53;88;0;287;0
0;89;0;287;0
1;89;0;287;0
2;89;0;287;0
3;89;0;287;0
4;89;0;287;0
5;89;0;287;0
6;89;0;287;0
7;89;0;287;0
8;89;0;287;0
9;89;0;287;0
10;89;0;287;0
11;89;0;622;0
12;89;0;622;0
13;89;0;628;0
14;89;0;628;0
26;89;0;627;0
27;89;0;627;0
28;89;0;627;0
29;89;0;627;0
30;89;0;623;0
31;89;0;287;0
31;89;0;1257;0
32;89;0;287;0
33;89;0;287;0
34;89;0;287;0
35;89;0;287;0
36;89;0;287;0
37;89;0;287;0
38;89;0;287;0
39;89;0;287;0
40;89;0;287;0
41;89;0;287;0
42;89;0;287;0
43;89;0;287;0
44;89;0;287;0
45;89;0;287;0
46;89;0;287;0
47;89;0;287;0
48;89;0;287;0
49;89;0;287;0
0;90;0;287;0
1;90;0;287;0
2;90;0;287;0
3;90;0;287;0
4;90;0;287;0
5;90;0;287;0
6;90;0;287;0
7;90;0;287;0
8;90;0;287;0
9;90;0;287;0
10;90;0;287;0
11;90;0;628;0
20;90;0;627;0
21;90;0;626;0
22;90;0;1257;0
23;90;0;1254;0
26;90;0;623;0
27;90;0;287;0
28;90;0;287;0
29;90;0;287;0
30;90;0;287;0
31;90;0;287;0
32;90;0;287;0
33;90;0;287;0
34;90;0;287;0
35;90;0;287;0
36;90;0;287;0
37;90;0;287;0
38;90;0;287;0
39;90;0;287;0
40;90;0;287;0
41;90;0;287;0
42;90;0;287;0
43;90;0;287;0
44;90;0;287;0
45;90;0;287;0
46;90;0;287;0
47;90;0;287;0
48;90;0;287;0
49;90;0;287;0
0;91;0;287;0
1;91;0;287;0
2;91;0;287;0
3;91;0;287;0
4;91;0;287;0
5;91;0;287;0
6;91;0;287;0
7;91;0;622;0
8;91;0;622;0
9;91;0;622;0
10;91;0;622;0
11;91;0;628;0
17;91;0;627;0
18;91;0;626;0
20;91;0;629;0
21;91;0;628;0
24;91;0;627;0
25;91;0;627;0
26;91;0;623;0
27;91;0;287;0
28;91;0;287;0
29;91;0;287;0
30;91;0;287;0
31;91;0;287;0
32;91;0;287;0
33;91;0;287;0
34;91;0;287;0
35;91;0;287;0
36;91;0;287;0
37;91;0;287;0
38;91;0;287;0
39;91;0;287;0
40;91;0;287;0
41;91;0;287;0
42;91;0;287;0
43;91;0;287;0
44;91;0;287;0
45;91;0;287;0
46;91;0;287;0
47;91;0;287;0
48;91;0;287;0
49;91;0;287;0
0;92;0;287;0
1;92;0;287;0
2;92;0;287;0
3;92;0;622;0
4;92;0;622;0
5;92;0;622;0
6;92;0;622;0
7;92;0;628;0
17;92;0;623;0
18;92;0;626;0
24;92;0;623;0
25;92;0;623;0
26;92;0;623;0
27;92;0;287;0
28;92;0;287;0
29;92;0;287;0
30;92;0;287;0
31;92;0;287;0
32;92;0;287;0
33;92;0;287;0
34;92;0;287;0
35;92;0;287;0
36;92;0;287;0
37;92;0;287;0
38;92;0;287;0
39;92;0;287;0
40;92;0;287;0
41;92;0;287;0
42;92;0;287;0
43;92;0;287;0
44;92;0;287;0
45;92;0;287;0
46;92;0;287;0
47;92;0;287;0
48;92;0;287;0
49;92;0;287;0
0;93;0;287;0
1;93;0;287;0
2;93;0;622;0
3;93;0;628;0
14;93;0;627;0
15;93;0;627;0
16;93;0;627;0
17;93;0;623;0
18;93;0;626;0
22;93;0;627;0
23;93;0;627;0
24;93;0;623;0
25;93;0;287;0
26;93;0;287;0
27;93;0;287;0
28;93;0;287;0
29;93;0;287;0
30;93;0;287;0
31;93;0;287;0
32;93;0;287;0
33;93;0;287;0
34;93;0;287;0
35;93;0;287;0
36;93;0;287;0
37;93;0;287;0
38;93;0;287;0
39;93;0;287;0
40;93;0;287;0
41;93;0;287;0
42;93;0;287;0
43;93;0;287;0
44;93;0;287;0
45;93;0;287;0
0;94;0;287;0
1;94;0;622;0
2;94;0;628;0
13;94;0;627;0
14;94;0;623;0
15;94;0;287;0
16;94;0;287;0
17;94;0;626;0
18;94;0;626;0
19;94;0;626;0
22;94;0;623;0
23;94;0;287;0
24;94;0;287;0
25;94;0;287;0
26;94;0;287;0
27;94;0;287;0
28;94;0;287;0
29;94;0;287;0
30;94;0;287;0
31;94;0;287;0
32;94;0;287;0
33;94;0;287;0
34;94;0;287;0
35;94;0;287;0
36;94;0;287;0
37;94;0;287;0
38;94;0;287;0
39;94;0;287;0
40;94;0;287;0
41;94;0;287;0
42;94;0;287;0
43;94;0;287;0
44;94;0;287;0
45;94;0;287;0
0;95;0;622;0
1;95;0;628;0
10;95;0;627;0
11;95;0;627;0
12;95;0;627;0
13;95;0;623;0
14;95;0;287;0
15;95;0;287;0
16;95;0;287;0
17;95;0;287;0
18;95;0;287;0
19;95;0;287;0
20;95;0;627;0
21;95;0;627;0
22;95;0;623;0
23;95;0;287;0
24;95;0;287;0
25;95;0;287;0
26;95;0;287;0
27;95;0;287;0
28;95;0;287;0
29;95;0;287;0
30;95;0;287;0
31;95;0;287;0
32;95;0;287;0
33;95;0;287;0
34;95;0;287;0
35;95;0;287;0
36;95;0;287;0
37;95;0;287;0
38;95;0;287;0
39;95;0;287;0
40;95;0;287;0
41;95;0;287;0
42;95;0;287;0
43;95;0;287;0
44;95;0;287;0
45;95;0;287;0
10;96;0;623;0
11;96;0;287;0
12;96;0;287;0
13;96;0;287;0
14;96;0;287;0
15;96;0;287;0
16;96;0;287;0
17;96;0;287;0
18;96;0;287;0
19;96;0;287;0
20;96;0;287;0
21;96;0;287;0
22;96;0;287;0
23;96;0;287;0
24;96;0;287;0
25;96;0;287;0
26;96;0;287;0
27;96;0;287;0
28;96;0;287;0
29;96;0;287;0
30;96;0;287;0
31;96;0;287;0
32;96;0;287;0
33;96;0;287;0
34;96;0;287;0
35;96;0;287;0
36;96;0;287;0
37;96;0;287;0
38;96;0;287;0
39;96;0;287;0
40;96;0;287;0
41;96;0;287;0
42;96;0;287;0
43;96;0;287;0
44;96;0;287;0
45;96;0;287;0
7;97;0;627;0
8;97;0;627;0
9;97;0;627;0
10;97;0;627;0
11;97;0;287;0
12;97;0;287;0
13;97;0;287;0
14;97;0;287;0
15;97;0;287;0
16;97;0;287;0
17;97;0;287;0
18;97;0;287;0
19;97;0;287;0
20;97;0;287;0
21;97;0;287;0
22;97;0;287;0
23;97;0;287;0
24;97;0;287;0
25;97;0;287;0
26;97;0;287;0
27;97;0;287;0
28;97;0;287;0
29;97;0;287;0
30;97;0;287;0
31;97;0;287;0
32;97;0;287;0
33;97;0;287;0
34;97;0;287;0
35;97;0;287;0
36;97;0;287;0
37;97;0;287;0
38;97;0;287;0
39;97;0;287;0
40;97;0;287;0
41;97;0;287;0
42;97;0;287;0
43;97;0;287;0
44;97;0;287;0
45;97;0;287;0
7;98;0;623;0
8;98;0;287;0
9;98;0;287;0
10;98;0;287;0
11;98;0;287;0
12;98;0;287;0
13;98;0;287;0
14;98;0;287;0
15;98;0;287;0
16;98;0;287;0
17;98;0;287;0
18;98;0;287;0
19;98;0;287;0
20;98;0;287;0
21;98;0;287;0
22;98;0;287;0
23;98;0;287;0
24;98;0;287;0
25;98;0;287;0
26;98;0;287;0
27;98;0;287;0
28;98;0;287;0
29;98;0;287;0
30;98;0;287;0
31;98;0;287;0
32;98;0;287;0
33;98;0;287;0
34;98;0;287;0
35;98;0;287;0
36;98;0;287;0
37;98;0;287;0
38;98;0;287;0
39;98;0;287;0
40;98;0;287;0
41;98;0;287;0
42;98;0;287;0
43;98;0;287;0
44;98;0;287;0
45;98;0;287;0
6;99;0;627;0
7;99;0;623;0
8;99;0;287;0
9;99;0;287;0
10;99;0;287;0
11;99;0;287;0
12;99;0;287;0
13;99;0;287;0
14;99;0;287;0
15;99;0;287;0
16;99;0;287;0
17;99;0;287;0
18;99;0;287;0
19;99;0;287;0
20;99;0;287;0
21;99;0;287;0
22;99;0;287;0
23;99;0;287;0
24;99;0;287;0
25;99;0;287;0
26;99;0;287;0
27;99;0;287;0
28;99;0;287;0
29;99;0;287;0
30;99;0;287;0
31;99;0;287;0
32;99;0;287;0
33;99;0;287;0
34;99;0;287;0
35;99;0;287;0
36;99;0;287;0
37;99;0;287;0
38;99;0;287;0
39;99;0;287;0
40;99;0;287;0
41;99;0;287;0
42;99;0;287;0
43;99;0;287;0
44;99;0;287;0
45;99;0;287;0
