22;6;0;627;0;333
23;6;0;627;0;333
24;6;0;623;0;333
25;6;0;287;0;333
26;6;0;287;0;333
27;6;0;287;0;333
20;7;0;626;0;333
21;7;0;627;0;333
22;7;0;623;0;333
23;7;0;287;0;333
24;7;0;287;0;333
25;7;0;287;0;333
26;7;0;287;0;333
27;7;0;287;0;333
28;7;0;287;0;333
29;7;0;287;0;333
30;7;0;287;0;333
31;7;0;287;0;333
32;7;0;287;0;333
33;7;0;287;0;333
19;8;0;627;0;333
20;8;0;627;0;333
21;8;0;623;0;333
22;8;0;287;0;333
23;8;0;287;0;333
24;8;0;287;0;333
25;8;0;287;0;333
26;8;0;287;0;333
27;8;0;287;0;333
28;8;0;287;0;333
29;8;0;287;0;333
30;8;0;287;0;333
31;8;0;287;0;333
32;8;0;287;0;333
33;8;0;287;0;333
19;9;0;629;0;333
20;9;0;623;0;333
21;9;0;287;0;333
22;9;0;287;0;333
23;9;0;287;0;333
24;9;0;287;0;333
25;9;0;287;0;333
26;9;0;287;0;333
27;9;0;287;0;333
28;9;0;287;0;333
29;9;0;287;0;333
30;9;0;287;0;333
31;9;0;287;0;333
32;9;0;287;0;333
33;9;0;287;0;333
34;9;0;287;0;333
35;9;0;287;0;333
36;9;0;287;0;333
37;9;0;287;0;333
38;9;0;287;0;333
39;9;0;287;0;333
18;10;0;627;0;333
19;10;0;627;0;333
20;10;0;623;0;333
21;10;0;287;0;333
22;10;0;287;0;333
23;10;0;287;0;333
24;10;0;287;0;333
25;10;0;287;0;333
26;10;0;287;0;333
27;10;0;287;0;333
28;10;0;287;0;333
29;10;0;287;0;333
30;10;0;287;0;333
31;10;0;287;0;333
32;10;0;287;0;333
33;10;0;287;0;333
34;10;0;287;0;333
35;10;0;287;0;333
36;10;0;287;0;333
37;10;0;287;0;333
38;10;0;287;0;333
39;10;0;287;0;333
40;10;0;287;0;333
41;10;0;287;0;333
42;10;0;626;0;333
43;10;0;627;0;333
44;10;0;626;0;333
18;11;0;629;0;333
19;11;0;623;0;333
20;11;0;287;0;333
21;11;0;287;0;333
22;11;0;287;0;333
23;11;0;287;0;333
24;11;0;287;0;333
25;11;0;287;0;333
26;11;0;287;0;333
27;11;0;287;0;333
28;11;0;287;0;333
29;11;0;287;0;333
30;11;0;622;0;333
31;11;0;622;0;333
32;11;0;630;0;333
33;11;0;287;0;333
34;11;0;287;0;333
35;11;0;287;0;333
36;11;0;622;0;333
37;11;0;622;0;333
38;11;0;630;0;333
39;11;0;287;0;333
40;11;0;287;0;333
41;11;0;287;0;333
42;11;0;287;0;333
43;11;0;629;0;333
44;11;0;628;0;333
17;12;0;627;0;333
18;12;0;627;0;333
19;12;0;623;0;333
20;12;0;287;0;333
21;12;0;287;0;333
22;12;0;287;0;333
23;12;0;287;0;333
24;12;0;287;0;333
25;12;0;287;0;333
26;12;0;287;0;333
27;12;0;287;0;333
28;12;0;622;0;333
29;12;0;622;0;333
30;12;0;628;0;333
31;12;0;915;0;333
32;12;0;629;0;333
33;12;0;622;0;333
34;12;0;622;0;333
35;12;0;622;0;333
36;12;0;28;0;333
37;12;0;3098;0;333
38;12;0;629;0;333
39;12;0;630;0;333
40;12;0;287;0;333
41;12;0;287;0;333
42;12;0;287;0;333
43;12;0;287;0;333
44;12;0;626;0;333
17;13;0;629;0;333
18;13;0;627;0;333
19;13;0;623;0;333
20;13;0;287;0;333
21;13;0;287;0;333
22;13;0;287;0;333
23;13;0;287;0;333
24;13;0;287;0;333
25;13;0;622;0;333
26;13;0;622;0;333
27;13;0;622;0;333
28;13;0;628;0;333
29;13;0;3100;0;333
33;13;0;3095;0;333
34;13;0;3095;0;333
36;13;0;1266;0;333
38;13;0;914;0;333
39;13;0;623;0;333
40;13;0;287;0;333
41;13;0;287;0;333
42;13;0;287;0;333
43;13;0;622;0;333
44;13;0;628;0;333
17;14;0;626;0;333
18;14;0;626;0;333
19;14;0;623;0;333
20;14;0;287;0;333
21;14;0;287;0;333
22;14;0;622;0;333
23;14;0;622;0;333
24;14;0;622;0;333
25;14;0;628;0;333
26;14;0;3099;0;333
27;14;0;914;0;333
32;14;0;1272;0;333
38;14;0;627;0;333
39;14;0;623;0;333
40;14;0;287;0;333
41;14;0;287;0;333
42;14;0;622;0;333
43;14;0;628;0;333
44;14;0;626;0;333
45;14;0;627;0;333
46;14;0;626;0;333
16;15;0;627;0;333
17;15;0;626;0;333
18;15;0;627;0;333
19;15;0;623;0;333
20;15;0;287;0;333
21;15;0;622;0;333
22;15;0;628;0;333
23;15;0;915;0;333
24;15;0;3095;0;333
36;15;0;3096;0;333
37;15;0;627;0;333
38;15;0;623;0;333
39;15;0;287;0;333
40;15;0;287;0;333
41;15;0;622;0;333
42;15;0;628;0;333
43;15;0;627;0;333
44;15;0;628;0;333
45;15;0;629;0;333
46;15;0;628;0;333
16;16;0;623;0;333
17;16;0;627;0;333
18;16;0;623;0;333
19;16;0;287;0;333
20;16;0;287;0;333
21;16;0;628;0;333
25;16;0;1265;0;333
29;16;0;3096;0;333
32;16;0;3096;0;333
36;16;0;627;0;333
37;16;0;623;0;333
38;16;0;287;0;333
39;16;0;287;0;333
40;16;0;622;0;333
41;16;0;628;0;333
42;16;0;627;0;333
43;16;0;626;0;333
44;16;0;626;0;333
45;16;0;627;0;333
46;16;0;626;0;333
16;17;0;629;0;333
17;17;0;623;0;333
18;17;0;287;0;333
19;17;0;287;0;333
20;17;0;622;0;333
21;17;0;628;0;333
26;17;0;3096;0;333
27;17;0;623;0;333
28;17;0;287;0;333
29;17;0;287;0;333
30;17;0;287;0;333
31;17;0;287;0;333
32;17;0;287;0;333
33;17;0;287;0;333
36;17;0;623;0;333
37;17;0;287;0;333
38;17;0;287;0;333
39;17;0;622;0;333
40;17;0;628;0;333
42;17;0;629;0;333
43;17;0;628;0;333
44;17;0;626;0;333
45;17;0;629;0;333
46;17;0;628;0;333
15;18;0;627;0;333
16;18;0;623;0;333
17;18;0;623;0;333
18;18;0;287;0;333
19;18;0;287;0;333
24;18;0;2038;0;333
25;18;0;3097;0;333
26;18;0;623;0;333
27;18;0;287;0;333
28;18;0;287;0;333
29;18;0;287;0;333
30;18;0;287;0;333
31;18;0;622;0;333
32;18;0;630;0;333
33;18;0;287;0;333
34;18;0;599;0;333
35;18;0;596;0;333
36;18;0;287;0;333
37;18;0;287;0;333
38;18;0;622;0;333
39;18;0;628;0;333
40;18;0;1266;0;333
41;18;0;1782;0;333
42;18;0;914;0;333
43;18;0;629;0;333
44;18;0;628;0;333
45;18;0;626;0;333
46;18;0;626;0;333
15;19;0;627;0;333
16;19;0;626;0;333
17;19;0;629;0;333
18;19;0;630;0;333
19;19;0;287;0;333
21;19;0;29;0;333
24;19;0;623;0;333
25;19;0;287;0;333
26;19;0;287;0;333
27;19;0;287;0;333
28;19;0;287;0;333
29;19;0;622;0;333
30;19;0;622;0;333
31;19;0;627;0;333
32;19;0;629;0;333
33;19;0;622;0;333
35;19;0;1783;0;333
36;19;0;622;0;333
37;19;0;622;0;333
38;19;0;628;0;333
39;19;0;1782;0;333
41;19;0;308;0;333
42;19;0;1245;0;333
43;19;0;1254;0;333
44;19;0;629;0;333
45;19;0;628;0;333
46;19;0;915;0;333
46;19;0;1246;0;333
15;20;0;629;0;333
16;20;0;629;0;333
17;20;0;626;0;333
18;20;0;623;0;333
19;20;0;287;0;333
23;20;0;623;0;333
24;20;0;287;0;333
25;20;0;287;0;333
26;20;0;287;0;333
27;20;0;622;0;333
28;20;0;622;0;333
29;20;0;628;0;333
30;20;0;1783;0;333
30;20;0;273;0;333
31;20;0;629;0;333
32;20;0;628;0;333
33;20;0;1246;0;333
36;20;0;273;0;333
37;20;0;1246;0;333
42;20;0;308;0;333
45;20;0;1783;0;333
46;20;0;1254;0;333
49;20;0;1783;0;333
50;20;0;627;0;333
51;20;0;626;0;333
15;21;0;627;0;333
16;21;0;629;0;333
17;21;0;627;0;333
18;21;0;623;0;333
19;21;0;287;0;333
20;21;0;3100;0;333
21;21;0;3099;0;333
22;21;0;623;0;333
23;21;0;287;0;333
24;21;0;287;0;333
25;21;0;622;0;333
26;21;0;622;0;333
27;21;0;628;0;333
28;21;0;626;0;333
33;21;0;274;0;333
34;21;0;308;0;333
35;21;0;1783;0;333
38;21;0;1783;0;333
39;21;0;308;0;333
40;21;0;1782;0;333
41;21;0;1265;0;333
44;21;0;1817;0;333
46;21;0;1245;0;333
47;21;0;914;0;333
50;21;0;629;0;333
51;21;0;628;0;333
15;22;0;1782;0;333
16;22;0;627;0;333
17;22;0;629;0;333
18;22;0;623;0;333
19;22;0;287;0;333
20;22;0;287;0;333
21;22;0;287;0;333
22;22;0;287;0;333
23;22;0;287;0;333
24;22;0;622;0;333
25;22;0;628;0;333
26;22;0;1782;0;333
27;22;0;628;0;333
34;22;0;1272;0;333
35;22;0;1245;0;333
37;22;0;1783;0;333
38;22;0;585;0;333
39;22;0;581;0;333
44;22;0;1782;0;333
45;22;0;273;0;333
46;22;0;627;0;333
47;22;0;626;0;333
51;22;0;1783;0;333
16;23;0;629;0;333
17;23;0;626;0;333
18;23;0;629;0;333
19;23;0;622;0;333
20;23;0;630;0;333
21;23;0;287;0;333
22;23;0;287;0;333
23;23;0;622;0;333
24;23;0;628;0;333
25;23;0;274;0;333
26;23;0;1783;0;333
38;23;0;914;0;333
39;23;0;1783;0;333
40;23;0;274;0;333
41;23;0;308;0;333
45;23;0;1783;0;333
46;23;0;629;0;333
47;23;0;628;0;333
17;24;0;1783;0;333
17;24;0;274;0;333
18;24;0;628;0;333
19;24;0;626;0;333
20;24;0;629;0;333
21;24;0;622;0;333
22;24;0;622;0;333
23;24;0;628;0;333
50;25;0;626;0;333
53;27;0;627;0;333
54;27;0;626;0;333
54;28;0;628;0;333
58;29;0;626;0;333
59;29;0;1783;0;333
59;29;0;274;0;333
54;31;0;1782;0;333
55;31;0;626;0;333
60;32;0;626;0;333
64;33;0;626;0;333
60;35;0;1783;0;333
60;35;0;273;0;333
63;35;0;627;0;333
64;35;0;626;0;333
60;36;0;626;0;333
64;36;0;628;0;333
64;37;0;273;0;333
63;39;0;627;0;333
64;39;0;626;0;333
64;40;0;628;0;333
63;42;0;626;0;333
63;43;0;274;0;333
62;45;0;1782;0;333
62;61;0;626;0;333
57;62;0;627;0;333
58;62;0;626;0;333
62;62;0;1782;0;333
65;62;0;1783;0;333
65;62;0;273;0;333
66;62;0;627;0;333
67;62;0;626;0;333
56;63;0;914;0;333
57;63;0;629;0;333
58;63;0;628;0;333
59;63;0;626;0;333
66;63;0;629;0;333
56;64;0;273;0;333
57;64;0;915;0;333
58;64;0;629;0;333
59;64;0;628;0;333
60;64;0;1246;0;333
61;64;0;1246;0;333
57;65;0;1266;0;333
60;65;0;1817;0;333
61;65;0;572;0;333
61;65;0;1246;0;333
62;65;0;1245;0;333
63;65;0;627;0;333
64;65;0;626;0;333
65;65;0;626;0;333
57;66;0;627;0;333
58;66;0;626;0;333
60;66;0;273;0;333
61;66;0;309;0;333
62;66;0;1783;0;333
63;66;0;629;0;333
64;66;0;627;0;333
65;66;0;626;0;333
66;66;0;626;0;333
67;66;0;627;0;333
57;67;0;629;0;333
58;67;0;628;0;333
59;67;0;626;0;333
62;67;0;1783;0;333
63;67;0;915;0;333
64;67;0;629;0;333
65;67;0;628;0;333
66;67;0;627;0;333
67;67;0;623;0;333
68;67;0;287;0;333
69;67;0;287;0;333
58;68;0;629;0;333
59;68;0;628;0;333
60;68;0;308;0;333
61;68;0;1782;0;333
62;68;0;274;0;333
63;68;0;914;0;333
64;68;0;627;0;333
65;68;0;623;0;333
66;68;0;287;0;333
67;68;0;287;0;333
68;68;0;287;0;333
69;68;0;287;0;333
70;68;0;287;0;333
58;69;0;1245;0;333
59;69;0;1783;0;333
60;69;0;1783;0;333
61;69;0;1266;0;333
63;69;0;308;0;333
64;69;0;623;0;333
65;69;0;287;0;333
66;69;0;287;0;333
67;69;0;622;0;333
68;69;0;630;0;333
69;69;0;287;0;333
70;69;0;287;0;333
59;70;0;273;0;333
63;70;0;1265;0;333
65;70;0;598;0;333
66;70;0;597;0;333
68;70;0;629;0;333
69;70;0;630;0;333
70;70;0;287;0;333
71;70;0;287;0;333
72;70;0;287;0;333
73;70;0;626;0;333
74;70;0;626;0;333
59;71;0;627;0;333
60;71;0;626;0;333
61;71;0;1817;0;333
64;71;0;623;0;333
65;71;0;287;0;333
66;71;0;598;0;333
68;71;0;28;0;333
69;71;0;629;0;333
70;71;0;630;0;333
71;71;0;287;0;333
72;71;0;287;0;333
73;71;0;287;0;333
74;71;0;626;0;333
59;72;0;629;0;333
60;72;0;628;0;333
61;72;0;626;0;333
63;72;0;627;0;333
64;72;0;623;0;333
65;72;0;287;0;333
66;72;0;287;0;333
68;72;0;1272;0;333
69;72;0;623;0;333
70;72;0;287;0;333
71;72;0;287;0;333
72;72;0;287;0;333
73;72;0;287;0;333
74;72;0;287;0;333
60;73;0;629;0;333
61;73;0;628;0;333
63;73;0;1246;0;333
64;73;0;629;0;333
65;73;0;630;0;333
66;73;0;287;0;333
67;73;0;287;0;333
68;73;0;287;0;333
69;73;0;287;0;333
70;73;0;287;0;333
71;73;0;287;0;333
72;73;0;287;0;333
73;73;0;287;0;333
74;73;0;287;0;333
75;73;0;287;0;333
60;74;0;627;0;333
61;74;0;626;0;333
63;74;0;274;0;333
64;74;0;627;0;333
65;74;0;623;0;333
66;74;0;287;0;333
67;74;0;287;0;333
68;74;0;287;0;333
69;74;0;287;0;333
70;74;0;287;0;333
71;74;0;287;0;333
72;74;0;287;0;333
73;74;0;287;0;333
74;74;0;287;0;333
75;74;0;287;0;333
76;74;0;287;0;333
60;75;0;629;0;333
61;75;0;628;0;333
62;75;0;1783;0;333
63;75;0;1783;0;333
64;75;0;623;0;333
65;75;0;287;0;333
66;75;0;287;0;333
67;75;0;287;0;333
68;75;0;596;0;333
69;75;0;598;0;333
70;75;0;596;0;333
71;75;0;598;0;333
72;75;0;596;0;333
73;75;0;598;0;333
74;75;0;287;0;333
75;75;0;287;0;333
76;75;0;287;0;333
61;76;0;1245;0;333
62;76;0;273;0;333
63;76;0;1783;0;333
64;76;0;623;0;333
65;76;0;287;0;333
66;76;0;287;0;333
67;76;0;596;0;333
68;76;0;598;0;333
69;76;0;287;0;333
70;76;0;287;0;333
71;76;0;287;0;333
72;76;0;287;0;333
73;76;0;596;0;333
74;76;0;287;0;333
75;76;0;287;0;333
76;76;0;287;0;333
77;76;0;287;0;333
61;77;0;1272;0;333
63;77;0;1265;0;333
65;77;0;598;0;333
66;77;0;596;0;333
67;77;0;598;0;333
68;77;0;287;0;333
69;77;0;287;0;333
70;77;0;287;0;333
71;77;0;287;0;333
72;77;0;287;0;333
73;77;0;596;0;333
74;77;0;287;0;333
75;77;0;287;0;333
76;77;0;287;0;333
77;77;0;287;0;333
78;77;0;287;0;333
61;78;0;274;0;333
62;78;0;308;0;333
64;78;0;623;0;333
65;78;0;287;0;333
66;78;0;287;0;333
67;78;0;287;0;333
68;78;0;287;0;333
69;78;0;287;0;333
70;78;0;287;0;333
71;78;0;287;0;333
72;78;0;630;0;333
73;78;0;599;0;333
74;78;0;287;0;333
75;78;0;287;0;333
76;78;0;287;0;333
77;78;0;287;0;333
78;78;0;287;0;333
79;78;0;287;0;333
80;78;0;287;0;333
81;78;0;287;0;333
61;79;0;627;0;333
62;79;0;626;0;333
64;79;0;623;0;333
65;79;0;287;0;333
66;79;0;287;0;333
67;79;0;287;0;333
68;79;0;287;0;333
69;79;0;287;0;333
70;79;0;287;0;333
71;79;0;622;0;333
72;79;0;628;0;333
74;79;0;630;0;333
75;79;0;287;0;333
76;79;0;287;0;333
77;79;0;287;0;333
78;79;0;287;0;333
79;79;0;287;0;333
80;79;0;287;0;333
81;79;0;287;0;333
61;80;0;629;0;333
62;80;0;627;0;333
63;80;0;626;0;333
64;80;0;629;0;333
65;80;0;630;0;333
66;80;0;287;0;333
67;80;0;287;0;333
68;80;0;287;0;333
69;80;0;287;0;333
70;80;0;287;0;333
71;80;0;627;0;333
72;80;0;626;0;333
74;80;0;629;0;333
75;80;0;630;0;333
76;80;0;287;0;333
77;80;0;287;0;333
77;80;0;287;0;333
78;80;0;287;0;333
78;80;0;287;0;333
79;80;0;287;0;333
80;80;0;287;0;333
81;80;0;287;0;333
61;81;0;1782;0;333
62;81;0;629;0;333
63;81;0;628;0;333
64;81;0;626;0;333
65;81;0;623;0;333
66;81;0;287;0;333
67;81;0;287;0;333
68;81;0;287;0;333
69;81;0;287;0;333
70;81;0;287;0;333
71;81;0;629;0;333
72;81;0;628;0;333
75;81;0;629;0;333
76;81;0;630;0;333
77;81;0;287;0;333
78;81;0;287;0;333
79;81;0;287;0;333
80;81;0;287;0;333
81;81;0;287;0;333
82;81;0;287;0;333
83;81;0;287;0;333
62;82;0;914;0;333
63;82;0;629;0;333
64;82;0;628;0;333
65;82;0;629;0;333
66;82;0;630;0;333
67;82;0;287;0;333
68;82;0;287;0;333
69;82;0;287;0;333
70;82;0;287;0;333
71;82;0;287;0;333
72;82;0;914;0;333
74;82;0;1265;0;333
76;82;0;629;0;333
77;82;0;630;0;333
78;82;0;287;0;333
79;82;0;287;0;333
80;82;0;287;0;333
81;82;0;287;0;333
82;82;0;287;0;333
83;82;0;287;0;333
84;82;0;287;0;333
85;82;0;287;0;333
63;83;0;627;0;333
64;83;0;626;0;333
65;83;0;629;0;333
66;83;0;623;0;333
67;83;0;287;0;333
68;83;0;287;0;333
69;83;0;287;0;333
70;83;0;287;0;333
71;83;0;287;0;333
72;83;0;627;0;333
73;83;0;626;0;333
77;83;0;629;0;333
78;83;0;630;0;333
79;83;0;287;0;333
80;83;0;287;0;333
81;83;0;287;0;333
82;83;0;287;0;333
83;83;0;287;0;333
84;83;0;287;0;333
85;83;0;287;0;333
63;84;0;629;0;333
64;84;0;627;0;333
65;84;0;626;0;333
66;84;0;629;0;333
67;84;0;630;0;333
68;84;0;287;0;333
69;84;0;287;0;333
70;84;0;287;0;333
71;84;0;287;0;333
72;84;0;287;0;333
73;84;0;628;0;333
74;84;0;3096;0;333
77;84;0;3093;0;333
78;84;0;629;0;333
79;84;0;630;0;333
80;84;0;287;0;333
81;84;0;287;0;333
82;84;0;287;0;333
83;84;0;287;0;333
84;84;0;287;0;333
85;84;0;287;0;333
64;85;0;629;0;333
65;85;0;628;0;333
66;85;0;627;0;333
67;85;0;623;0;333
68;85;0;287;0;333
69;85;0;287;0;333
70;85;0;287;0;333
71;85;0;287;0;333
72;85;0;287;0;333
73;85;0;627;0;333
74;85;0;626;0;333
75;85;0;915;0;333
76;85;0;1272;0;333
78;85;0;3098;0;333
79;85;0;629;0;333
80;85;0;630;0;333
81;85;0;287;0;333
82;85;0;287;0;333
83;85;0;287;0;333
84;85;0;287;0;333
85;85;0;287;0;333
86;85;0;628;0;333
87;85;0;627;0;333
88;85;0;626;0;333
64;86;0;626;0;333
65;86;0;629;0;333
66;86;0;629;0;333
67;86;0;629;0;333
68;86;0;630;0;333
69;86;0;287;0;333
70;86;0;287;0;333
71;86;0;287;0;333
72;86;0;287;0;333
73;86;0;287;0;333
74;86;0;628;0;333
75;86;0;626;0;333
79;86;0;3095;0;333
80;86;0;629;0;333
81;86;0;622;0;333
82;86;0;630;0;333
83;86;0;287;0;333
84;86;0;287;0;333
85;86;0;287;0;333
86;86;0;287;0;333
87;86;0;629;0;333
88;86;0;628;0;333
64;87;0;629;0;333
65;87;0;628;0;333
66;87;0;626;0;333
67;87;0;629;0;333
68;87;0;623;0;333
69;87;0;287;0;333
70;87;0;287;0;333
71;87;0;287;0;333
72;87;0;287;0;333
73;87;0;287;0;333
74;87;0;287;0;333
75;87;0;628;0;333
80;87;0;3098;0;333
81;87;0;3099;0;333
82;87;0;629;0;333
83;87;0;630;0;333
84;87;0;287;0;333
85;87;0;287;0;333
86;87;0;287;0;333
87;87;0;628;0;333
64;88;0;1783;0;333
64;88;0;274;0;333
65;88;0;627;0;333
66;88;0;626;0;333
67;88;0;627;0;333
68;88;0;629;0;333
69;88;0;630;0;333
70;88;0;287;0;333
71;88;0;287;0;333
72;88;0;287;0;333
73;88;0;287;0;333
74;88;0;287;0;333
75;88;0;287;0;333
76;88;0;626;0;333
79;88;0;1272;0;333
81;88;0;3097;0;333
82;88;0;627;0;333
83;88;0;623;0;333
84;88;0;287;0;333
85;88;0;287;0;333
86;88;0;287;0;333
87;88;0;628;0;333
65;89;0;626;0;333
66;89;0;628;0;333
67;89;0;628;0;333
68;89;0;626;0;333
69;89;0;623;0;333
70;89;0;287;0;333
71;89;0;287;0;333
72;89;0;287;0;333
73;89;0;287;0;333
74;89;0;287;0;333
75;89;0;622;0;333
76;89;0;628;0;333
81;89;0;1245;0;333
82;89;0;623;0;333
83;89;0;287;0;333
84;89;0;287;0;333
85;89;0;287;0;333
86;89;0;622;0;333
66;90;0;626;0;333
67;90;0;629;0;333
68;90;0;627;0;333
69;90;0;623;0;333
70;90;0;287;0;333
71;90;0;287;0;333
72;90;0;287;0;333
73;90;0;287;0;333
74;90;0;622;0;333
75;90;0;628;0;333
76;90;0;914;0;333
81;90;0;1246;0;333
82;90;0;623;0;333
83;90;0;287;0;333
84;90;0;287;0;333
85;90;0;622;0;333
86;90;0;628;0;333
66;91;0;627;0;333
67;91;0;626;0;333
68;91;0;623;0;333
69;91;0;287;0;333
70;91;0;287;0;333
71;91;0;287;0;333
72;91;0;287;0;333
72;91;0;630;0;333
73;91;0;622;0;333
74;91;0;628;0;333
75;91;0;3099;0;333
77;91;0;2937;0;333
79;91;0;1265;0;333
81;91;0;1245;0;333
82;91;0;623;0;333
83;91;0;287;0;333
84;91;0;287;0;333
85;91;0;628;0;333
67;92;0;628;0;333
68;92;0;623;0;333
69;92;0;287;0;333
70;92;0;287;0;333
71;92;0;287;0;333
72;92;0;622;0;333
73;92;0;628;0;333
74;92;0;3095;0;333
75;92;0;1265;0;333
80;92;0;3093;0;333
81;92;0;627;0;333
82;92;0;623;0;333
83;92;0;287;0;333
84;92;0;287;0;333
85;92;0;628;0;333
67;93;0;627;0;333
68;93;0;623;0;333
69;93;0;287;0;333
70;93;0;287;0;333
71;93;0;287;0;333
72;93;0;3098;0;333
73;93;0;3099;0;333
80;93;0;3093;0;333
81;93;0;623;0;333
82;93;0;287;0;333
83;93;0;287;0;333
84;93;0;287;0;333
85;93;0;628;0;333
67;94;0;623;0;333
68;94;0;287;0;333
69;94;0;287;0;333
70;94;0;287;0;333
71;94;0;287;0;333
72;94;0;3097;0;333
75;94;0;1266;0;333
80;94;0;3097;0;333
81;94;0;623;0;333
82;94;0;287;0;333
83;94;0;287;0;333
84;94;0;287;0;333
85;94;0;628;0;333
67;95;0;623;0;333
68;95;0;287;0;333
69;95;0;287;0;333
70;95;0;287;0;333
71;95;0;287;0;333
72;95;0;3097;0;333
77;95;0;29;0;333
80;95;0;915;0;333
81;95;0;623;0;333
82;95;0;287;0;333
83;95;0;287;0;333
84;95;0;287;0;333
85;95;0;628;0;333
67;96;0;623;0;333
68;96;0;287;0;333
69;96;0;287;0;333
70;96;0;287;0;333
71;96;0;287;0;333
72;96;0;287;0;333
79;96;0;3096;0;333
80;96;0;627;0;333
81;96;0;623;0;333
82;96;0;287;0;333
83;96;0;287;0;333
84;96;0;622;0;333
85;96;0;628;0;333
67;97;0;629;0;333
68;97;0;630;0;333
69;97;0;287;0;333
70;97;0;287;0;333
71;97;0;287;0;333
72;97;0;287;0;333
73;97;0;287;0;333
74;97;0;3096;0;333
77;97;0;3096;0;333
78;97;0;627;0;333
79;97;0;626;0;333
80;97;0;623;0;333
81;97;0;287;0;333
82;97;0;287;0;333
83;97;0;622;0;333
84;97;0;628;0;333
67;98;0;1783;0;333
68;98;0;623;0;333
69;98;0;287;0;333
70;98;0;287;0;333
71;98;0;287;0;333
72;98;0;287;0;333
73;98;0;287;0;333
74;98;0;287;0;333
75;98;0;287;0;333
76;98;0;3098;0;333
77;98;0;3100;0;333
78;98;0;623;0;333
79;98;0;287;0;333
80;98;0;287;0;333
81;98;0;287;0;333
82;98;0;622;0;333
83;98;0;628;0;333
84;98;0;628;0;333
68;99;0;623;0;333
69;99;0;287;0;333
70;99;0;287;0;333
71;99;0;287;0;333
72;99;0;287;0;333
73;99;0;287;0;333
74;99;0;287;0;333
75;99;0;287;0;333
76;99;0;287;0;333
77;99;0;287;0;333
78;99;0;287;0;333
79;99;0;287;0;333
80;99;0;287;0;333
81;99;0;287;0;333
82;99;0;628;0;333
68;100;0;623;0;333
69;100;0;287;0;333
70;100;0;287;0;333
71;100;0;287;0;333
72;100;0;287;0;333
73;100;0;287;0;333
74;100;0;287;0;333
75;100;0;287;0;333
76;100;0;287;0;333
77;100;0;287;0;333
78;100;0;287;0;333
79;100;0;287;0;333
80;100;0;287;0;333
81;100;0;622;0;333
82;100;0;628;0;333
68;101;0;629;0;333
69;101;0;630;0;333
70;101;0;287;0;333
71;101;0;287;0;333
72;101;0;287;0;333
73;101;0;287;0;333
74;101;0;287;0;333
75;101;0;287;0;333
76;101;0;287;0;333
77;101;0;287;0;333
78;101;0;622;0;333
79;101;0;622;0;333
80;101;0;622;0;333
81;101;0;628;0;333
69;102;0;623;0;333
70;102;0;287;0;333
71;102;0;287;0;333
72;102;0;287;0;333
73;102;0;287;0;333
74;102;0;287;0;333
75;102;0;622;0;333
76;102;0;622;0;333
77;102;0;622;0;333
78;102;0;629;0;333
79;102;0;627;0;333
80;102;0;626;0;333
81;102;0;628;0;333
69;103;0;629;0;333
70;103;0;630;0;333
71;103;0;287;0;333
72;103;0;287;0;333
73;103;0;622;0;333
74;103;0;622;0;333
75;103;0;627;0;333
76;103;0;626;0;333
76;103;0;628;0;333
77;103;0;627;0;333
78;103;0;627;0;333
79;103;0;629;0;333
80;103;0;628;0;333
70;104;0;629;0;333
70;104;0;629;0;333
71;104;0;622;0;333
72;104;0;622;0;333
73;104;0;629;0;333
74;104;0;628;0;333
75;104;0;629;0;333
76;104;0;628;0;333
77;104;0;629;0;333
78;104;0;628;0;333
70;105;0;629;0;333
71;105;0;626;0;333
72;105;0;628;0;333
73;105;0;629;0;333
74;105;0;626;0;333
75;105;0;627;0;333
76;105;0;626;0;333
77;105;0;628;0;333
75;106;0;629;0;333
76;106;0;628;0;333
19;108;0;627;0;333
20;108;0;626;0;333
21;108;0;626;0;333
19;109;0;623;0;333
20;109;0;287;0;333
21;109;0;626;0;333
18;110;0;627;0;333
19;110;0;623;0;333
20;110;0;287;0;333
21;110;0;626;0;333
16;111;0;627;0;333
17;111;0;626;0;333
18;111;0;629;0;333
19;111;0;630;0;333
20;111;0;622;0;333
21;111;0;628;0;333
15;112;0;1782;0;333
16;112;0;629;0;333
17;112;0;628;0;333
18;112;0;626;0;333
19;112;0;629;0;333
20;112;0;628;0;333
16;113;0;914;0;333
17;113;0;629;0;333
18;113;0;626;0;333
19;113;0;627;0;333
20;113;0;626;0;333
16;114;0;273;0;333
17;114;0;1245;0;333
18;114;0;628;0;333
19;114;0;629;0;333
20;114;0;628;0;333
16;115;0;1783;0;333
17;115;0;274;0;333
18;115;0;1783;0;333
