15;6;0;627;0;333
16;6;0;623;0;333
17;6;0;287;0;333
18;6;0;287;0;333
19;6;0;287;0;333
20;6;0;287;0;333
21;6;0;287;0;333
22;6;0;287;0;333
23;6;0;287;0;333
24;6;0;287;0;333
25;6;0;287;0;333
26;6;0;287;0;333
27;6;0;287;0;333
11;7;0;627;0;333
12;7;0;626;0;333
13;7;0;627;0;333
14;7;0;627;0;333
15;7;0;623;0;333
16;7;0;287;0;333
17;7;0;287;0;333
18;7;0;622;0;333
19;7;0;622;0;333
20;7;0;630;0;333
21;7;0;287;0;333
22;7;0;287;0;333
23;7;0;287;0;333
24;7;0;287;0;333
25;7;0;287;0;333
26;7;0;287;0;333
27;7;0;287;0;333
28;7;0;287;0;333
29;7;0;287;0;333
30;7;0;287;0;333
31;7;0;287;0;333
32;7;0;287;0;333
33;7;0;287;0;333
11;8;0;629;0;333
12;8;0;628;0;333
13;8;0;623;0;333
14;8;0;287;0;333
15;8;0;287;0;333
16;8;0;287;0;333
17;8;0;622;0;333
20;8;0;629;0;333
21;8;0;630;0;333
22;8;0;287;0;333
23;8;0;287;0;333
24;8;0;287;0;333
25;8;0;287;0;333
26;8;0;287;0;333
27;8;0;287;0;333
28;8;0;287;0;333
29;8;0;287;0;333
30;8;0;287;0;333
31;8;0;287;0;333
32;8;0;287;0;333
33;8;0;287;0;333
11;9;0;626;0;333
12;9;0;627;0;333
13;9;0;623;0;333
14;9;0;287;0;333
15;9;0;622;0;333
16;9;0;622;0;333
18;9;0;29;0;333
20;9;0;3098;0;333
21;9;0;623;0;333
22;9;0;287;0;333
23;9;0;287;0;333
24;9;0;287;0;333
25;9;0;287;0;333
26;9;0;287;0;333
27;9;0;287;0;333
28;9;0;287;0;333
29;9;0;622;0;333
30;9;0;630;0;333
31;9;0;287;0;333
32;9;0;287;0;333
33;9;0;287;0;333
34;9;0;287;0;333
35;9;0;287;0;333
36;9;0;287;0;333
37;9;0;287;0;333
38;9;0;287;0;333
39;9;0;287;0;333
10;10;0;626;0;333
11;10;0;627;0;333
12;10;0;629;0;333
13;10;0;623;0;333
14;10;0;287;0;333
15;10;0;627;0;333
16;10;0;626;0;333
20;10;0;3097;0;333
21;10;0;623;0;333
22;10;0;287;0;333
23;10;0;287;0;333
24;10;0;287;0;333
25;10;0;287;0;333
26;10;0;287;0;333
27;10;0;287;0;333
28;10;0;622;0;333
29;10;0;628;0;333
30;10;0;629;0;333
31;10;0;630;0;333
32;10;0;287;0;333
33;10;0;287;0;333
34;10;0;287;0;333
35;10;0;287;0;333
36;10;0;287;0;333
37;10;0;287;0;333
38;10;0;287;0;333
39;10;0;287;0;333
40;10;0;287;0;333
41;10;0;287;0;333
42;10;0;287;0;333
43;10;0;287;0;333
44;10;0;287;0;333
10;11;0;628;0;333
11;11;0;629;0;333
12;11;0;627;0;333
13;11;0;623;0;333
14;11;0;287;0;333
15;11;0;629;0;333
16;11;0;628;0;333
19;11;0;623;0;333
20;11;0;287;0;333
21;11;0;287;0;333
22;11;0;287;0;333
23;11;0;287;0;333
24;11;0;287;0;333
25;11;0;287;0;333
26;11;0;622;0;333
27;11;0;622;0;333
28;11;0;628;0;333
29;11;0;3100;0;333
30;11;0;3099;0;333
31;11;0;623;0;333
32;11;0;287;0;333
33;11;0;287;0;333
34;11;0;287;0;333
35;11;0;287;0;333
36;11;0;287;0;333
37;11;0;287;0;333
38;11;0;287;0;333
39;11;0;287;0;333
40;11;0;287;0;333
41;11;0;287;0;333
42;11;0;287;0;333
43;11;0;287;0;333
44;11;0;287;0;333
10;12;0;626;0;333
11;12;0;628;0;333
12;12;0;623;0;333
13;12;0;287;0;333
14;12;0;287;0;333
15;12;0;626;0;333
16;12;0;915;0;333
18;12;0;1272;0;333
19;12;0;623;0;333
20;12;0;287;0;333
21;12;0;287;0;333
22;12;0;287;0;333
23;12;0;287;0;333
24;12;0;622;0;333
25;12;0;622;0;333
26;12;0;628;0;333
28;12;0;1266;0;333
31;12;0;629;0;333
32;12;0;630;0;333
33;12;0;287;0;333
34;12;0;287;0;333
35;12;0;287;0;333
36;12;0;287;0;333
37;12;0;287;0;333
38;12;0;287;0;333
39;12;0;287;0;333
40;12;0;287;0;333
41;12;0;287;0;333
42;12;0;287;0;333
43;12;0;287;0;333
44;12;0;287;0;333
10;13;0;1783;0;333
10;13;0;274;0;333
11;13;0;626;0;333
12;13;0;623;0;333
13;13;0;287;0;333
14;13;0;622;0;333
15;13;0;628;0;333
19;13;0;623;0;333
19;13;0;625;0;333
20;13;0;287;0;333
21;13;0;287;0;333
22;13;0;287;0;333
23;13;0;622;0;333
24;13;0;628;0;333
32;13;0;622;0;333
33;13;0;630;0;333
34;13;0;287;0;333
35;13;0;287;0;333
36;13;0;287;0;333
37;13;0;287;0;333
38;13;0;287;0;333
39;13;0;287;0;333
40;13;0;287;0;333
41;13;0;287;0;333
42;13;0;287;0;333
43;13;0;287;0;333
44;13;0;287;0;333
10;14;0;629;0;333
11;14;0;628;0;333
12;14;0;623;0;333
13;14;0;287;0;333
18;14;0;3093;0;333
19;14;0;623;0;333
20;14;0;287;0;333
21;14;0;287;0;333
22;14;0;287;0;333
23;14;0;915;0;333
29;14;0;2937;0;333
33;14;0;629;0;333
34;14;0;622;0;333
35;14;0;630;0;333
36;14;0;287;0;333
37;14;0;287;0;333
38;14;0;287;0;333
39;14;0;287;0;333
40;14;0;287;0;333
41;14;0;287;0;333
42;14;0;287;0;333
43;14;0;287;0;333
44;14;0;287;0;333
45;14;0;287;0;333
46;14;0;287;0;333
10;15;0;627;0;333
11;15;0;626;0;333
12;15;0;623;0;333
13;15;0;287;0;333
19;15;0;629;0;333
20;15;0;630;0;333
21;15;0;287;0;333
22;15;0;287;0;333
23;15;0;1245;0;333
26;15;0;1272;0;333
33;15;0;3095;0;333
34;15;0;3098;0;333
35;15;0;629;0;333
36;15;0;630;0;333
37;15;0;287;0;333
38;15;0;287;0;333
39;15;0;287;0;333
40;15;0;287;0;333
41;15;0;287;0;333
42;15;0;287;0;333
43;15;0;287;0;333
44;15;0;287;0;333
45;15;0;287;0;333
46;15;0;287;0;333
10;16;0;629;0;333
11;16;0;628;0;333
12;16;0;623;0;333
13;16;0;287;0;333
19;16;0;627;0;333
20;16;0;623;0;333
21;16;0;287;0;333
22;16;0;287;0;333
23;16;0;287;0;333
24;16;0;3094;0;333
34;16;0;3100;0;333
35;16;0;3098;0;333
36;16;0;623;0;333
37;16;0;287;0;333
38;16;0;287;0;333
39;16;0;287;0;333
40;16;0;287;0;333
41;16;0;622;0;333
42;16;0;622;0;333
43;16;0;630;0;333
44;16;0;287;0;333
45;16;0;287;0;333
46;16;0;287;0;333
10;17;0;1783;0;333
10;17;0;273;0;333
11;17;0;627;0;333
12;17;0;623;0;333
13;17;0;287;0;333
16;17;0;1266;0;333
19;17;0;3093;0;333
20;17;0;623;0;333
21;17;0;287;0;333
22;17;0;287;0;333
23;17;0;287;0;333
24;17;0;3096;0;333
24;17;0;914;0;333
25;17;0;1246;0;333
28;17;0;3096;0;333
29;17;0;627;0;333
30;17;0;626;0;333
34;17;0;914;0;333
35;17;0;627;0;333
36;17;0;623;0;333
37;17;0;287;0;333
38;17;0;287;0;333
39;17;0;287;0;333
40;17;0;622;0;333
41;17;0;628;0;333
42;17;0;28;0;333
43;17;0;629;0;333
44;17;0;630;0;333
45;17;0;287;0;333
46;17;0;287;0;333
10;18;0;1782;0;333
11;18;0;623;0;333
12;18;0;287;0;333
13;18;0;287;0;333
14;18;0;626;0;333
20;18;0;629;0;333
21;18;0;630;0;333
22;18;0;287;0;333
23;18;0;287;0;333
24;18;0;287;0;333
25;18;0;287;0;333
26;18;0;287;0;333
27;18;0;287;0;333
28;18;0;626;0;333
29;18;0;629;0;333
30;18;0;628;0;333
32;18;0;1266;0;333
34;18;0;627;0;333
35;18;0;623;0;333
36;18;0;287;0;333
37;18;0;287;0;333
38;18;0;287;0;333
39;18;0;622;0;333
40;18;0;628;0;333
43;18;0;627;0;333
44;18;0;623;0;333
45;18;0;287;0;333
46;18;0;287;0;333
10;19;0;627;0;333
11;19;0;623;0;333
12;19;0;287;0;333
13;19;0;622;0;333
14;19;0;628;0;333
15;19;0;1246;0;333
20;19;0;2038;0;333
21;19;0;623;0;333
22;19;0;287;0;333
23;19;0;287;0;333
24;19;0;287;0;333
25;19;0;287;0;333
26;19;0;287;0;333
27;19;0;622;0;333
28;19;0;627;0;333
29;19;0;626;0;333
34;19;0;2038;0;333
35;19;0;623;0;333
36;19;0;287;0;333
37;19;0;287;0;333
38;19;0;622;0;333
39;19;0;628;0;333
40;19;0;1246;0;333
43;19;0;3098;0;333
44;19;0;629;0;333
45;19;0;630;0;333
46;19;0;287;0;333
47;19;0;287;0;333
48;19;0;287;0;333
49;19;0;287;0;333
50;19;0;287;0;333
51;19;0;287;0;333
52;19;0;287;0;333
10;20;0;629;0;333
11;20;0;623;0;333
12;20;0;287;0;333
13;20;0;626;0;333
14;20;0;627;0;333
15;20;0;626;0;333
21;20;0;629;0;333
22;20;0;630;0;333
23;20;0;287;0;333
24;20;0;287;0;333
25;20;0;287;0;333
26;20;0;622;0;333
27;20;0;628;0;333
28;20;0;629;0;333
29;20;0;628;0;333
35;20;0;629;0;333
36;20;0;622;0;333
37;20;0;622;0;333
38;20;0;628;0;333
39;20;0;915;0;333
41;20;0;1265;0;333
43;20;0;3099;0;333
44;20;0;3100;0;333
45;20;0;629;0;333
46;20;0;630;0;333
47;20;0;287;0;333
48;20;0;287;0;333
49;20;0;287;0;333
50;20;0;287;0;333
51;20;0;287;0;333
52;20;0;287;0;333
10;21;0;628;0;333
11;21;0;623;0;333
12;21;0;287;0;333
13;21;0;628;0;333
14;21;0;629;0;333
15;21;0;628;0;333
16;21;0;1245;0;333
21;21;0;914;0;333
22;21;0;629;0;333
23;21;0;622;0;333
24;21;0;622;0;333
25;21;0;622;0;333
26;21;0;628;0;333
37;21;0;3095;0;333
45;21;0;1246;0;333
46;21;0;623;0;333
47;21;0;287;0;333
48;21;0;287;0;333
49;21;0;287;0;333
50;21;0;287;0;333
51;21;0;287;0;333
52;21;0;287;0;333
10;22;0;626;0;333
11;22;0;623;0;333
12;22;0;287;0;333
13;22;0;627;0;333
14;22;0;626;0;333
15;22;0;626;0;333
16;22;0;627;0;333
17;22;0;626;0;333
20;22;0;1265;0;333
27;22;0;1272;0;333
37;22;0;1272;0;333
47;22;0;598;0;333
48;22;0;597;0;333
49;22;0;597;0;333
50;22;0;287;0;333
51;22;0;287;0;333
52;22;0;287;0;333
10;23;0;627;0;333
11;23;0;623;0;333
12;23;0;287;0;333
13;23;0;629;0;333
14;23;0;628;0;333
15;23;0;626;0;333
16;23;0;629;0;333
17;23;0;628;0;333
27;23;0;3096;0;333
29;23;0;627;0;333
30;23;0;626;0;333
33;23;0;627;0;333
34;23;0;626;0;333
35;23;0;3099;0;333
39;23;0;914;0;333
40;23;0;3097;0;333
41;23;0;627;0;333
42;23;0;626;0;333
43;23;0;627;0;333
44;23;0;627;0;333
45;23;0;626;0;333
46;23;0;623;0;333
47;23;0;287;0;333
48;23;0;287;0;333
49;23;0;597;0;333
50;23;0;287;0;333
51;23;0;287;0;333
52;23;0;287;0;333
10;24;0;629;0;333
11;24;0;623;0;333
12;24;0;287;0;333
13;24;0;626;0;333
14;24;0;627;0;333
15;24;0;626;0;333
16;24;0;627;0;333
17;24;0;626;0;333
18;24;0;627;0;333
19;24;0;626;0;333
20;24;0;3099;0;333
21;24;0;3097;0;333
22;24;0;627;0;333
23;24;0;626;0;333
24;24;0;627;0;333
25;24;0;626;0;333
26;24;0;627;0;333
27;24;0;626;0;333
28;24;0;627;0;333
29;24;0;629;0;333
30;24;0;628;0;333
31;24;0;627;0;333
32;24;0;626;0;333
33;24;0;629;0;333
34;24;0;628;0;333
35;24;0;626;0;333
36;24;0;627;0;333
37;24;0;626;0;333
38;24;0;627;0;333
39;24;0;626;0;333
40;24;0;626;0;333
41;24;0;629;0;333
42;24;0;628;0;333
43;24;0;623;0;333
44;24;0;287;0;333
45;24;0;287;0;333
46;24;0;287;0;333
47;24;0;287;0;333
48;24;0;287;0;333
49;24;0;598;0;333
50;24;0;287;0;333
51;24;0;287;0;333
52;24;0;287;0;333
10;25;0;626;0;333
11;25;0;623;0;333
12;25;0;287;0;333
13;25;0;287;0;333
14;25;0;629;0;333
15;25;0;628;0;333
16;25;0;629;0;333
17;25;0;628;0;333
18;25;0;629;0;333
19;25;0;628;0;333
20;25;0;627;0;333
21;25;0;626;0;333
22;25;0;629;0;333
23;25;0;628;0;333
24;25;0;623;0;333
25;25;0;287;0;333
26;25;0;287;0;333
27;25;0;287;0;333
28;25;0;287;0;333
29;25;0;287;0;333
30;25;0;287;0;333
31;25;0;287;0;333
32;25;0;287;0;333
33;25;0;287;0;333
34;25;0;287;0;333
35;25;0;287;0;333
36;25;0;287;0;333
37;25;0;287;0;333
38;25;0;287;0;333
39;25;0;287;0;333
40;25;0;287;0;333
41;25;0;287;0;333
42;25;0;287;0;333
43;25;0;287;0;333
44;25;0;287;0;333
45;25;0;287;0;333
46;25;0;287;0;333
47;25;0;287;0;333
48;25;0;287;0;333
49;25;0;597;0;333
50;25;0;287;0;333
51;25;0;287;0;333
52;25;0;287;0;333
9;26;0;627;0;333
10;26;0;626;0;333
11;26;0;629;0;333
12;26;0;630;0;333
13;26;0;287;0;333
14;26;0;287;0;333
15;26;0;287;0;333
16;26;0;287;0;333
17;26;0;287;0;333
18;26;0;287;0;333
19;26;0;287;0;333
20;26;0;287;0;333
21;26;0;287;0;333
22;26;0;287;0;333
23;26;0;287;0;333
24;26;0;287;0;333
25;26;0;287;0;333
26;26;0;287;0;333
27;26;0;287;0;333
28;26;0;287;0;333
29;26;0;287;0;333
30;26;0;287;0;333
31;26;0;287;0;333
32;26;0;287;0;333
33;26;0;287;0;333
34;26;0;287;0;333
35;26;0;287;0;333
36;26;0;287;0;333
37;26;0;287;0;333
38;26;0;287;0;333
39;26;0;287;0;333
40;26;0;287;0;333
41;26;0;287;0;333
42;26;0;287;0;333
43;26;0;287;0;333
44;26;0;287;0;333
45;26;0;287;0;333
46;26;0;287;0;333
47;26;0;287;0;333
48;26;0;287;0;333
49;26;0;599;0;333
50;26;0;287;0;333
51;26;0;287;0;333
52;26;0;287;0;333
53;26;0;287;0;333
54;26;0;287;0;333
55;26;0;287;0;333
56;26;0;287;0;333
9;27;0;274;0;333
10;27;0;628;0;333
11;27;0;626;0;333
12;27;0;629;0;333
13;27;0;622;0;333
14;27;0;622;0;333
15;27;0;622;0;333
16;27;0;622;0;333
17;27;0;622;0;333
18;27;0;622;0;333
19;27;0;622;0;333
20;27;0;622;0;333
21;27;0;622;0;333
22;27;0;622;0;333
23;27;0;630;0;333
24;27;0;287;0;333
25;27;0;287;0;333
26;27;0;287;0;333
27;27;0;287;0;333
28;27;0;287;0;333
29;27;0;287;0;333
30;27;0;287;0;333
31;27;0;287;0;333
32;27;0;287;0;333
33;27;0;287;0;333
34;27;0;622;0;333
35;27;0;622;0;333
36;27;0;622;0;333
37;27;0;622;0;333
38;27;0;622;0;333
39;27;0;622;0;333
40;27;0;622;0;333
41;27;0;622;0;333
42;27;0;630;0;333
43;27;0;287;0;333
44;27;0;287;0;333
45;27;0;287;0;333
46;27;0;287;0;333
47;27;0;287;0;333
48;27;0;287;0;333
49;27;0;598;0;333
50;27;0;287;0;333
51;27;0;287;0;333
52;27;0;597;0;333
53;27;0;598;0;333
54;27;0;597;0;333
55;27;0;598;0;333
56;27;0;287;0;333
11;28;0;629;0;333
12;28;0;628;0;333
13;28;0;1783;0;333
13;28;0;273;0;333
14;28;0;628;0;333
15;28;0;626;0;333
16;28;0;628;0;333
17;28;0;626;0;333
18;28;0;628;0;333
23;28;0;629;0;333
24;28;0;630;0;333
25;28;0;287;0;333
26;28;0;287;0;333
27;28;0;287;0;333
28;28;0;287;0;333
29;28;0;287;0;333
30;28;0;287;0;333
31;28;0;287;0;333
32;28;0;287;0;333
33;28;0;622;0;333
34;28;0;628;0;333
35;28;0;274;0;333
36;28;0;2832;0;333
37;28;0;627;0;333
38;28;0;626;0;333
39;28;0;628;0;333
40;28;0;627;0;333
41;28;0;626;0;333
42;28;0;629;0;333
43;28;0;630;0;333
44;28;0;287;0;333
45;28;0;287;0;333
46;28;0;287;0;333
47;28;0;287;0;333
48;28;0;287;0;333
49;28;0;597;0;333
50;28;0;598;0;333
51;28;0;597;0;333
52;28;0;598;0;333
53;28;0;287;0;333
54;28;0;287;0;333
55;28;0;597;0;333
56;28;0;287;0;333
57;28;0;287;0;333
58;28;0;287;0;333
59;28;0;287;0;333
60;28;0;287;0;333
23;29;0;626;0;333
24;29;0;629;0;333
25;29;0;630;0;333
26;29;0;287;0;333
27;29;0;287;0;333
28;29;0;287;0;333
29;29;0;287;0;333
30;29;0;287;0;333
31;29;0;287;0;333
32;29;0;622;0;333
33;29;0;628;0;333
34;29;0;1783;0;333
37;29;0;629;0;333
38;29;0;628;0;333
39;29;0;626;0;333
40;29;0;629;0;333
41;29;0;628;0;333
42;29;0;915;0;333
43;29;0;629;0;333
44;29;0;630;0;333
45;29;0;287;0;333
46;29;0;287;0;333
47;29;0;287;0;333
48;29;0;287;0;333
49;29;0;287;0;333
50;29;0;287;0;333
51;29;0;287;0;333
52;29;0;287;0;333
53;29;0;287;0;333
54;29;0;287;0;333
55;29;0;598;0;333
56;29;0;597;0;333
57;29;0;598;0;333
58;29;0;597;0;333
59;29;0;598;0;333
60;29;0;287;0;333
24;30;0;273;0;333
25;30;0;623;0;333
26;30;0;287;0;333
27;30;0;287;0;333
28;30;0;287;0;333
29;30;0;287;0;333
30;30;0;287;0;333
31;30;0;622;0;333
32;30;0;628;0;333
33;30;0;387;0;333
35;30;0;274;0;333
37;30;0;387;0;333
38;30;0;1246;0;333
39;30;0;627;0;333
40;30;0;626;0;333
41;30;0;308;0;333
42;30;0;274;0;333
44;30;0;629;0;333
45;30;0;630;0;333
46;30;0;287;0;333
47;30;0;287;0;333
48;30;0;287;0;333
49;30;0;287;0;333
50;30;0;622;0;333
51;30;0;622;0;333
52;30;0;28;0;333
53;30;0;630;0;333
54;30;0;287;0;333
55;30;0;287;0;333
56;30;0;287;0;333
57;30;0;287;0;333
58;30;0;287;0;333
59;30;0;597;0;333
60;30;0;287;0;333
25;31;0;623;0;333
26;31;0;287;0;333
27;31;0;287;0;333
28;31;0;287;0;333
29;31;0;287;0;333
30;31;0;622;0;333
31;31;0;628;0;333
32;31;0;915;0;333
37;31;0;1782;0;333
39;31;0;629;0;333
40;31;0;628;0;333
41;31;0;1782;0;333
42;31;0;1817;0;333
43;31;0;308;0;333
44;31;0;628;0;333
45;31;0;629;0;333
46;31;0;630;0;333
47;31;0;287;0;333
48;31;0;287;0;333
49;31;0;622;0;333
50;31;0;628;0;333
53;31;0;629;0;333
54;31;0;630;0;333
55;31;0;287;0;333
56;31;0;287;0;333
57;31;0;287;0;333
58;31;0;287;0;333
59;31;0;599;0;333
60;31;0;287;0;333
61;31;0;287;0;333
25;32;0;629;0;333
26;32;0;622;0;333
27;32;0;622;0;333
28;32;0;622;0;333
29;32;0;622;0;333
30;32;0;628;0;333
33;32;0;1782;0;333
34;32;0;1782;0;333
37;32;0;1807;0;333
39;32;0;1783;0;333
40;32;0;387;0;333
43;32;0;1790;0;333
45;32;0;1246;0;333
46;32;0;629;0;333
47;32;0;630;0;333
48;32;0;287;0;333
49;32;0;627;0;333
50;32;0;626;0;333
52;32;0;1266;0;333
53;32;0;3100;0;333
54;32;0;623;0;333
55;32;0;287;0;333
56;32;0;287;0;333
57;32;0;287;0;333
58;32;0;622;0;333
60;32;0;630;0;333
61;32;0;287;0;333
62;32;0;287;0;333
63;32;0;287;0;333
64;32;0;287;0;333
65;32;0;287;0;333
29;33;0;626;0;333
30;33;0;627;0;333
31;33;0;626;0;333
33;33;0;1808;0;333
36;33;0;273;0;333
38;33;0;1266;0;333
41;33;0;273;0;333
42;33;0;586;0;333
43;33;0;309;0;333
45;33;0;1265;0;333
46;33;0;914;0;333
47;33;0;623;0;333
48;33;0;287;0;333
49;33;0;629;0;333
50;33;0;628;0;333
53;33;0;627;0;333
54;33;0;623;0;333
55;33;0;287;0;333
56;33;0;287;0;333
57;33;0;287;0;333
60;33;0;629;0;333
61;33;0;622;0;333
62;33;0;622;0;333
63;33;0;630;0;333
64;33;0;287;0;333
65;33;0;287;0;333
30;34;0;629;0;333
31;34;0;628;0;333
45;34;0;387;0;333
46;34;0;627;0;333
47;34;0;623;0;333
48;34;0;287;0;333
49;34;0;626;0;333
52;34;0;627;0;333
53;34;0;623;0;333
54;34;0;287;0;333
55;34;0;287;0;333
56;34;0;287;0;333
57;34;0;287;0;333
58;34;0;626;0;333
61;34;0;3095;0;333
62;34;0;627;0;333
63;34;0;623;0;333
64;34;0;287;0;333
65;34;0;287;0;333
32;35;0;1246;0;333
33;35;0;273;0;333
35;35;0;592;0;333
42;35;0;2169;0;333
44;35;0;1782;0;333
45;35;0;1807;0;333
46;35;0;626;0;333
47;35;0;629;0;333
48;35;0;287;0;333
49;35;0;626;0;333
52;35;0;623;0;333
53;35;0;287;0;333
54;35;0;287;0;333
55;35;0;287;0;333
56;35;0;287;0;333
57;35;0;622;0;333
58;35;0;628;0;333
62;35;0;3093;0;333
63;35;0;623;0;333
64;35;0;287;0;333
65;35;0;287;0;333
33;36;0;274;0;333
35;36;0;542;0;333
36;36;0;1782;0;333
37;36;0;274;0;333
45;36;0;273;0;333
46;36;0;629;0;333
47;36;0;623;0;333
48;36;0;287;0;333
49;36;0;287;0;333
50;36;0;599;0;333
51;36;0;596;0;333
52;36;0;287;0;333
53;36;0;287;0;333
54;36;0;287;0;333
55;36;0;287;0;333
56;36;0;287;0;333
58;36;0;3099;0;333
60;36;0;2937;0;333
63;36;0;629;0;333
64;36;0;630;0;333
65;36;0;287;0;333
34;37;0;1272;0;333
36;37;0;914;0;333
37;37;0;627;0;333
38;37;0;626;0;333
39;37;0;586;0;333
40;37;0;1782;0;333
46;37;0;1266;0;333
47;37;0;629;0;333
48;37;0;622;0;333
49;37;0;622;0;333
51;37;0;1265;0;333
52;37;0;622;0;333
53;37;0;630;0;333
54;37;0;287;0;333
55;37;0;287;0;333
56;37;0;287;0;333
57;37;0;627;0;333
58;37;0;626;0;333
63;37;0;627;0;333
64;37;0;623;0;333
65;37;0;287;0;333
37;38;0;629;0;333
38;38;0;628;0;333
39;38;0;915;0;333
40;38;0;1272;0;333
43;38;0;274;0;333
46;38;0;273;0;333
47;38;0;586;0;333
48;38;0;1782;0;333
49;38;0;274;0;333
52;38;0;1245;0;333
53;38;0;623;0;333
54;38;0;287;0;333
55;38;0;287;0;333
56;38;0;287;0;333
57;38;0;629;0;333
58;38;0;628;0;333
62;38;0;3098;0;333
63;38;0;623;0;333
64;38;0;287;0;333
65;38;0;287;0;333
52;39;0;274;0;333
53;39;0;623;0;333
54;39;0;287;0;333
55;39;0;287;0;333
56;39;0;287;0;333
57;39;0;287;0;333
58;39;0;627;0;333
59;39;0;626;0;333
62;39;0;3097;0;333
63;39;0;623;0;333
64;39;0;287;0;333
65;39;0;287;0;333
35;40;0;1783;0;333
35;40;0;273;0;333
36;40;0;626;0;333
41;40;0;627;0;333
42;40;0;626;0;333
43;40;0;626;0;333
48;40;0;273;0;333
51;40;0;586;0;333
53;40;0;629;0;333
54;40;0;630;0;333
55;40;0;287;0;333
56;40;0;287;0;333
57;40;0;287;0;333
58;40;0;629;0;333
59;40;0;628;0;333
62;40;0;627;0;333
63;40;0;623;0;333
64;40;0;287;0;333
65;40;0;287;0;333
35;41;0;1783;0;333
35;41;0;1807;0;333
36;41;0;274;0;333
41;41;0;629;0;333
42;41;0;287;0;333
43;41;0;626;0;333
45;41;0;1266;0;333
53;41;0;914;0;333
54;41;0;629;0;333
55;41;0;630;0;333
56;41;0;287;0;333
57;41;0;287;0;333
58;41;0;627;0;333
59;41;0;626;0;333
62;41;0;623;0;333
63;41;0;287;0;333
64;41;0;287;0;333
65;41;0;287;0;333
41;42;0;1783;0;333
41;42;0;1272;0;333
42;42;0;622;0;333
43;42;0;1783;0;333
43;42;0;273;0;333
46;42;0;274;0;333
49;42;0;1782;0;333
50;42;0;1782;0;333
54;42;0;274;0;333
55;42;0;629;0;333
56;42;0;630;0;333
57;42;0;287;0;333
58;42;0;629;0;333
59;42;0;628;0;333
62;42;0;623;0;333
62;42;0;625;0;333
63;42;0;287;0;333
64;42;0;287;0;333
65;42;0;287;0;333
45;43;0;1783;0;333
46;43;0;1808;0;333
49;43;0;586;0;333
50;43;0;1782;0;333
55;43;0;1246;0;333
56;43;0;623;0;333
57;43;0;287;0;333
58;43;0;287;0;333
59;43;0;627;0;333
60;43;0;626;0;333
62;43;0;623;0;333
63;43;0;287;0;333
64;43;0;287;0;333
45;44;0;1246;0;333
46;44;0;274;0;333
49;44;0;627;0;333
50;44;0;626;0;333
51;44;0;626;0;333
55;44;0;627;0;333
56;44;0;623;0;333
57;44;0;287;0;333
58;44;0;287;0;333
59;44;0;629;0;333
60;44;0;628;0;333
62;44;0;623;0;333
63;44;0;287;0;333
64;44;0;287;0;333
9;45;0;627;0;333
10;45;0;626;0;333
11;45;0;626;0;333
45;45;0;627;0;333
46;45;0;626;0;333
49;45;0;629;0;333
50;45;0;630;0;333
51;45;0;626;0;333
54;45;0;308;0;333
56;45;0;623;0;333
57;45;0;287;0;333
58;45;0;287;0;333
59;45;0;287;0;333
60;45;0;287;0;333
61;45;0;598;0;333
62;45;0;287;0;333
63;45;0;287;0;333
64;45;0;287;0;333
9;46;0;623;0;333
10;46;0;287;0;333
11;46;0;626;0;333
45;46;0;629;0;333
46;46;0;628;0;333
48;46;0;273;0;333
49;46;0;1265;0;333
50;46;0;629;0;333
51;46;0;628;0;333
55;46;0;273;0;333
56;46;0;623;0;333
57;46;0;287;0;333
58;46;0;287;0;333
59;46;0;287;0;333
60;46;0;287;0;333
61;46;0;597;0;333
62;46;0;287;0;333
63;46;0;287;0;333
64;46;0;287;0;333
9;47;0;387;0;333
9;47;0;1783;0;333
10;47;0;629;0;333
11;47;0;628;0;333
46;47;0;914;0;333
49;47;0;274;0;333
50;47;0;1782;0;333
54;47;0;1817;0;333
55;47;0;387;0;333
56;47;0;629;0;333
57;47;0;630;0;333
58;47;0;287;0;333
59;47;0;287;0;333
60;47;0;287;0;333
61;47;0;598;0;333
62;47;0;287;0;333
63;47;0;287;0;333
64;47;0;287;0;333
46;48;0;1782;0;333
53;48;0;1790;0;333
55;48;0;308;0;333
56;48;0;387;0;333
57;48;0;629;0;333
58;48;0;630;0;333
59;48;0;287;0;333
60;48;0;287;0;333
61;48;0;597;0;333
62;48;0;598;0;333
63;48;0;287;0;333
64;48;0;287;0;333
12;49;0;627;0;333
45;49;0;1265;0;333
50;49;0;586;0;333
54;49;0;585;0;333
55;49;0;1783;0;333
58;49;0;629;0;333
59;49;0;630;0;333
60;49;0;287;0;333
61;49;0;287;0;333
62;49;0;597;0;333
63;49;0;287;0;333
64;49;0;287;0;333
9;50;0;627;0;333
10;50;0;626;0;333
11;50;0;627;0;333
12;50;0;623;0;333
45;50;0;915;0;333
46;50;0;274;0;333
51;50;0;1272;0;333
52;50;0;915;0;333
57;50;0;1817;0;333
58;50;0;914;0;333
59;50;0;623;0;333
60;50;0;287;0;333
61;50;0;287;0;333
62;50;0;598;0;333
63;50;0;287;0;333
64;50;0;287;0;333
9;51;0;629;0;333
10;51;0;628;0;333
11;51;0;623;0;333
12;51;0;287;0;333
45;51;0;627;0;333
46;51;0;626;0;333
54;51;0;582;0;333
55;51;0;273;0;333
56;51;0;1790;0;333
58;51;0;274;0;333
59;51;0;623;0;333
60;51;0;287;0;333
61;51;0;287;0;333
62;51;0;597;0;333
63;51;0;287;0;333
64;51;0;287;0;333
7;52;0;627;0;333
8;52;0;626;0;333
9;52;0;915;0;333
10;52;0;627;0;333
11;52;0;623;0;333
12;52;0;287;0;333
45;52;0;629;0;333
46;52;0;628;0;333
47;52;0;273;0;333
48;52;0;1782;0;333
51;52;0;273;0;333
55;52;0;586;0;333
56;52;0;1782;0;333
57;52;0;308;0;333
58;52;0;627;0;333
59;52;0;623;0;333
60;52;0;287;0;333
61;52;0;597;0;333
62;52;0;598;0;333
63;52;0;287;0;333
64;52;0;287;0;333
7;53;0;629;0;333
8;53;0;628;0;333
9;53;0;1782;0;333
10;53;0;1817;0;333
11;53;0;623;0;333
12;53;0;287;0;333
13;53;0;287;0;333
44;53;0;627;0;333
45;53;0;626;0;333
46;53;0;1254;0;333
47;53;0;387;0;333
53;53;0;1783;0;333
53;53;0;627;0;333
54;53;0;626;0;333
57;53;0;627;0;333
58;53;0;623;0;333
59;53;0;287;0;333
60;53;0;287;0;333
61;53;0;598;0;333
62;53;0;287;0;333
63;53;0;287;0;333
64;53;0;287;0;333
7;54;0;1246;0;333
8;54;0;914;0;333
9;54;0;1790;0;333
10;54;0;387;0;333
11;54;0;623;0;333
12;54;0;287;0;333
13;54;0;287;0;333
44;54;0;629;0;333
45;54;0;628;0;333
46;54;0;627;0;333
47;54;0;626;0;333
50;54;0;1782;0;333
51;54;0;627;0;333
52;54;0;626;0;333
53;54;0;629;0;333
54;54;0;628;0;333
55;54;0;627;0;333
56;54;0;626;0;333
57;54;0;623;0;333
58;54;0;287;0;333
59;54;0;287;0;333
60;54;0;287;0;333
61;54;0;597;0;333
62;54;0;287;0;333
63;54;0;287;0;333
64;54;0;287;0;333
7;55;0;308;0;333
8;55;0;1265;0;333
10;55;0;387;0;333
11;55;0;629;0;333
12;55;0;630;0;333
13;55;0;287;0;333
14;55;0;287;0;333
44;55;0;627;0;333
45;55;0;626;0;333
46;55;0;629;0;333
47;55;0;1254;0;333
50;55;0;627;0;333
51;55;0;629;0;333
52;55;0;628;0;333
53;55;0;626;0;333
54;55;0;626;0;333
55;55;0;623;0;333
56;55;0;287;0;333
56;55;0;287;0;333
57;55;0;287;0;333
58;55;0;287;0;333
59;55;0;287;0;333
60;55;0;287;0;333
61;55;0;598;0;333
62;55;0;287;0;333
3;56;0;627;0;333
4;56;0;626;0;333
5;56;0;626;0;333
8;56;0;542;0;333
10;56;0;1783;0;333
11;56;0;1246;0;333
12;56;0;629;0;333
13;56;0;630;0;333
14;56;0;287;0;333
15;56;0;287;0;333
15;56;0;287;0;333
16;56;0;287;0;333
17;56;0;287;0;333
18;56;0;287;0;333
42;56;0;627;0;333
43;56;0;626;0;333
44;56;0;629;0;333
45;56;0;628;0;333
46;56;0;1807;0;333
48;56;0;273;0;333
50;56;0;623;0;333
51;56;0;287;0;333
52;56;0;287;0;333
53;56;0;287;0;333
54;56;0;287;0;333
55;56;0;287;0;333
56;56;0;287;0;333
57;56;0;287;0;333
58;56;0;287;0;333
59;56;0;287;0;333
60;56;0;287;0;333
61;56;0;597;0;333
62;56;0;287;0;333
3;57;0;623;0;333
4;57;0;287;0;333
5;57;0;626;0;333
7;57;0;1783;0;333
11;57;0;1782;0;333
12;57;0;627;0;333
13;57;0;629;0;333
14;57;0;622;0;333
15;57;0;622;0;333
16;57;0;622;0;333
17;57;0;622;0;333
18;57;0;622;0;333
42;57;0;629;0;333
43;57;0;627;0;333
44;57;0;626;0;333
45;57;0;627;0;333
46;57;0;626;0;333
49;57;0;1783;0;333
50;57;0;629;0;333
51;57;0;287;0;333
52;57;0;622;0;333
53;57;0;622;0;333
54;57;0;622;0;333
55;57;0;630;0;333
56;57;0;287;0;333
57;57;0;287;0;333
58;57;0;287;0;333
59;57;0;287;0;333
60;57;0;287;0;333
61;57;0;598;0;333
62;57;0;287;0;333
3;58;0;629;0;333
4;58;0;630;0;333
5;58;0;626;0;333
7;58;0;1272;0;333
11;58;0;1265;0;333
12;58;0;629;0;333
13;58;0;628;0;333
14;58;0;308;0;333
15;58;0;1790;0;333
16;58;0;628;0;333
17;58;0;629;0;333
18;58;0;628;0;333
19;58;0;1254;0;333
42;58;0;627;0;333
43;58;0;629;0;333
44;58;0;628;0;333
45;58;0;629;0;333
46;58;0;628;0;333
48;58;0;1266;0;333
51;58;0;597;0;333
55;58;0;629;0;333
56;58;0;630;0;333
57;58;0;287;0;333
58;58;0;287;0;333
59;58;0;287;0;333
60;58;0;287;0;333
61;58;0;597;0;333
62;58;0;287;0;333
63;58;0;287;0;333
64;58;0;287;0;333
3;59;0;273;0;333
3;59;0;1783;0;333
4;59;0;629;0;333
5;59;0;628;0;333
7;59;0;914;0;333
8;59;0;387;0;333
11;59;0;273;0;333
15;59;0;274;0;333
16;59;0;1817;0;333
17;59;0;628;0;333
18;59;0;1782;0;333
19;59;0;1807;0;333
42;59;0;627;0;333
43;59;0;626;0;333
44;59;0;627;0;333
45;59;0;626;0;333
46;59;0;1782;0;333
48;59;0;274;0;333
51;59;0;598;0;333
55;59;0;3098;0;333
56;59;0;623;0;333
57;59;0;287;0;333
58;59;0;287;0;333
59;59;0;287;0;333
60;59;0;287;0;333
61;59;0;599;0;333
62;59;0;287;0;333
63;59;0;287;0;333
64;59;0;287;0;333
65;59;0;287;0;333
66;59;0;287;0;333
67;59;0;287;0;333
68;59;0;287;0;333
7;60;0;627;0;333
8;60;0;626;0;333
9;60;0;626;0;333
17;60;0;1782;0;333
19;60;0;1246;0;333
35;60;0;627;0;333
36;60;0;626;0;333
37;60;0;627;0;333
38;60;0;626;0;333
39;60;0;627;0;333
40;60;0;626;0;333
41;60;0;626;0;333
42;60;0;629;0;333
43;60;0;628;0;333
44;60;0;629;0;333
45;60;0;628;0;333
48;60;0;387;0;333
49;60;0;627;0;333
50;60;0;623;0;333
51;60;0;287;0;333
55;60;0;627;0;333
56;60;0;623;0;333
57;60;0;287;0;333
58;60;0;287;0;333
59;60;0;622;0;333
60;60;0;622;0;333
62;60;0;622;0;333
63;60;0;630;0;333
64;60;0;287;0;333
65;60;0;287;0;333
66;60;0;287;0;333
67;60;0;287;0;333
68;60;0;287;0;333
7;61;0;629;0;333
8;61;0;628;0;333
9;61;0;628;0;333
10;61;0;626;0;333
11;61;0;1807;0;333
14;61;0;1783;0;333
16;61;0;1272;0;333
17;61;0;627;0;333
18;61;0;626;0;333
19;61;0;387;0;333
35;61;0;629;0;333
36;61;0;627;0;333
37;61;0;629;0;333
38;61;0;623;0;333
39;61;0;287;0;333
40;61;0;287;0;333
41;61;0;287;0;333
42;61;0;627;0;333
43;61;0;627;0;333
44;61;0;627;0;333
45;61;0;626;0;333
46;61;0;387;0;333
47;61;0;387;0;333
48;61;0;1245;0;333
49;61;0;623;0;333
50;61;0;287;0;333
50;61;0;287;0;333
51;61;0;287;0;333
52;61;0;626;0;333
55;61;0;623;0;333
56;61;0;287;0;333
57;61;0;287;0;333
58;61;0;622;0;333
59;61;0;628;0;333
62;61;0;3100;0;333
63;61;0;629;0;333
64;61;0;630;0;333
65;61;0;287;0;333
66;61;0;287;0;333
67;61;0;287;0;333
68;61;0;287;0;333
9;62;0;629;0;333
10;62;0;628;0;333
11;62;0;915;0;333
16;62;0;387;0;333
17;62;0;629;0;333
18;62;0;627;0;333
19;62;0;626;0;333
32;62;0;627;0;333
33;62;0;627;0;333
34;62;0;627;0;333
35;62;0;627;0;333
36;62;0;623;0;333
37;62;0;287;0;333
38;62;0;287;0;333
39;62;0;287;0;333
40;62;0;287;0;333
41;62;0;287;0;333
42;62;0;287;0;333
43;62;0;287;0;333
44;62;0;629;0;333
45;62;0;628;0;333
46;62;0;1246;0;333
47;62;0;627;0;333
48;62;0;627;0;333
49;62;0;623;0;333
50;62;0;287;0;333
51;62;0;622;0;333
52;62;0;628;0;333
54;62;0;1272;0;333
55;62;0;623;0;333
56;62;0;287;0;333
57;62;0;287;0;333
58;62;0;627;0;333
59;62;0;626;0;333
63;62;0;3093;0;333
64;62;0;629;0;333
65;62;0;630;0;333
66;62;0;287;0;333
67;62;0;287;0;333
68;62;0;287;0;333
11;63;0;1782;0;333
11;63;0;274;0;333
16;63;0;1782;0;333
17;63;0;914;0;333
18;63;0;629;0;333
19;63;0;628;0;333
27;63;0;627;0;333
28;63;0;627;0;333
29;63;0;627;0;333
30;63;0;627;0;333
31;63;0;627;0;333
32;63;0;623;0;333
33;63;0;287;0;333
34;63;0;287;0;333
35;63;0;287;0;333
36;63;0;287;0;333
37;63;0;287;0;333
38;63;0;287;0;333
39;63;0;287;0;333
40;63;0;287;0;333
41;63;0;287;0;333
42;63;0;287;0;333
43;63;0;287;0;333
44;63;0;287;0;333
45;63;0;287;0;333
46;63;0;626;0;333
47;63;0;623;0;333
48;63;0;287;0;333
49;63;0;287;0;333
50;63;0;287;0;333
51;63;0;626;0;333
52;63;0;915;0;333
55;63;0;623;0;333
56;63;0;287;0;333
57;63;0;287;0;333
58;63;0;629;0;333
59;63;0;628;0;333
62;63;0;1265;0;333
64;63;0;3098;0;333
65;63;0;623;0;333
66;63;0;287;0;333
67;63;0;287;0;333
68;63;0;287;0;333
11;64;0;1265;0;333
21;64;0;626;0;333
22;64;0;626;0;333
23;64;0;626;0;333
24;64;0;627;0;333
25;64;0;626;0;333
26;64;0;627;0;333
27;64;0;623;0;333
28;64;0;287;0;333
29;64;0;287;0;333
30;64;0;287;0;333
31;64;0;287;0;333
32;64;0;287;0;333
33;64;0;287;0;333
34;64;0;287;0;333
35;64;0;287;0;333
36;64;0;287;0;333
37;64;0;287;0;333
38;64;0;287;0;333
39;64;0;287;0;333
40;64;0;287;0;333
41;64;0;287;0;333
42;64;0;287;0;333
43;64;0;287;0;333
44;64;0;287;0;333
45;64;0;287;0;333
46;64;0;287;0;333
47;64;0;287;0;333
48;64;0;287;0;333
49;64;0;287;0;333
50;64;0;622;0;333
51;64;0;628;0;333
52;64;0;3094;0;333
55;64;0;629;0;333
56;64;0;622;0;333
57;64;0;622;0;333
58;64;0;628;0;333
59;64;0;3097;0;333
64;64;0;1246;0;333
65;64;0;629;0;333
66;64;0;630;0;333
67;64;0;287;0;333
68;64;0;287;0;333
69;64;0;287;0;333
70;64;0;287;0;333
12;65;0;914;0;333
13;65;0;1783;0;333
14;65;0;1266;0;333
21;65;0;629;0;333
22;65;0;627;0;333
23;65;0;626;0;333
24;65;0;629;0;333
25;65;0;628;0;333
26;65;0;627;0;333
27;65;0;287;0;333
28;65;0;287;0;333
29;65;0;622;0;333
30;65;0;622;0;333
31;65;0;622;0;333
32;65;0;622;0;333
33;65;0;622;0;333
34;65;0;630;0;333
35;65;0;287;0;333
36;65;0;287;0;333
37;65;0;287;0;333
38;65;0;287;0;333
39;65;0;287;0;333
40;65;0;287;0;333
41;65;0;287;0;333
42;65;0;287;0;333
43;65;0;622;0;333
44;65;0;630;0;333
45;65;0;287;0;333
46;65;0;287;0;333
47;65;0;287;0;333
48;65;0;287;0;333
49;65;0;287;0;333
50;65;0;627;0;333
51;65;0;626;0;333
55;65;0;3097;0;333
56;65;0;627;0;333
57;65;0;626;0;333
65;65;0;3098;0;333
66;65;0;623;0;333
67;65;0;287;0;333
68;65;0;287;0;333
69;65;0;287;0;333
70;65;0;287;0;333
17;66;0;274;0;333
18;66;0;1246;0;333
19;66;0;914;0;333
20;66;0;1272;0;333
21;66;0;1246;0;333
22;66;0;629;0;333
23;66;0;628;0;333
24;66;0;626;0;333
25;66;0;626;0;333
26;66;0;627;0;333
27;66;0;287;0;333
28;66;0;622;0;333
29;66;0;628;0;333
30;66;0;3097;0;333
31;66;0;3100;0;333
32;66;0;3098;0;333
33;66;0;3099;0;333
34;66;0;629;0;333
35;66;0;630;0;333
36;66;0;287;0;333
37;66;0;287;0;333
38;66;0;287;0;333
39;66;0;287;0;333
40;66;0;287;0;333
41;66;0;622;0;333
42;66;0;622;0;333
43;66;0;28;0;333
44;66;0;629;0;333
45;66;0;630;0;333
46;66;0;287;0;333
47;66;0;287;0;333
48;66;0;287;0;333
49;66;0;287;0;333
50;66;0;629;0;333
51;66;0;627;0;333
52;66;0;626;0;333
55;66;0;627;0;333
56;66;0;629;0;333
57;66;0;628;0;333
61;66;0;2937;0;333
65;66;0;3093;0;333
66;66;0;629;0;333
67;66;0;622;0;333
68;66;0;630;0;333
69;66;0;287;0;333
70;66;0;287;0;333
16;67;0;1783;0;333
18;67;0;273;0;333
20;67;0;274;0;333
21;67;0;586;0;333
22;67;0;623;0;333
23;67;0;287;0;333
24;67;0;287;0;333
25;67;0;287;0;333
26;67;0;287;0;333
27;67;0;287;0;333
28;67;0;626;0;333
31;67;0;2937;0;333
33;67;0;1272;0;333
34;67;0;914;0;333
35;67;0;629;0;333
36;67;0;622;0;333
37;67;0;622;0;333
38;67;0;630;0;333
39;67;0;287;0;333
40;67;0;287;0;333
41;67;0;626;0;333
42;67;0;3098;0;333
44;67;0;1245;0;333
45;67;0;623;0;333
46;67;0;287;0;333
47;67;0;287;0;333
48;67;0;287;0;333
49;67;0;287;0;333
50;67;0;287;0;333
51;67;0;629;0;333
52;67;0;628;0;333
55;67;0;629;0;333
56;67;0;628;0;333
57;67;0;3098;0;333
66;67;0;3097;0;333
67;67;0;3097;0;333
68;67;0;623;0;333
69;67;0;287;0;333
70;67;0;287;0;333
16;68;0;1266;0;333
21;68;0;1782;0;333
22;68;0;629;0;333
23;68;0;287;0;333
24;68;0;622;0;333
25;68;0;622;0;333
26;68;0;622;0;333
27;68;0;622;0;333
28;68;0;628;0;333
35;68;0;3095;0;333
38;68;0;629;0;333
39;68;0;622;0;333
40;68;0;622;0;333
41;68;0;628;0;333
43;68;0;1266;0;333
44;68;0;3093;0;333
45;68;0;623;0;333
46;68;0;287;0;333
47;68;0;287;0;333
48;68;0;287;0;333
49;68;0;287;0;333
50;68;0;287;0;333
51;68;0;627;0;333
52;68;0;626;0;333
56;68;0;914;0;333
65;68;0;915;0;333
66;68;0;627;0;333
67;68;0;626;0;333
68;68;0;623;0;333
69;68;0;287;0;333
70;68;0;287;0;333
13;69;0;1782;0;333
23;69;0;597;0;333
44;69;0;627;0;333
45;69;0;623;0;333
46;69;0;287;0;333
47;69;0;287;0;333
48;69;0;287;0;333
49;69;0;287;0;333
50;69;0;287;0;333
51;69;0;629;0;333
52;69;0;628;0;333
58;69;0;1272;0;333
65;69;0;627;0;333
66;69;0;623;0;333
67;69;0;287;0;333
68;69;0;287;0;333
69;69;0;287;0;333
70;69;0;287;0;333
13;70;0;915;0;333
14;70;0;387;0;333
15;70;0;1782;0;333
16;70;0;1808;0;333
23;70;0;598;0;333
25;70;0;1266;0;333
40;70;0;1266;0;333
43;70;0;2038;0;333
44;70;0;623;0;333
45;70;0;287;0;333
46;70;0;287;0;333
47;70;0;287;0;333
48;70;0;287;0;333
49;70;0;287;0;333
50;70;0;287;0;333
51;70;0;626;0;333
62;70;0;3099;0;333
63;70;0;627;0;333
64;70;0;626;0;333
65;70;0;623;0;333
66;70;0;287;0;333
67;70;0;287;0;333
68;70;0;287;0;333
69;70;0;287;0;333
70;70;0;287;0;333
71;70;0;287;0;333
72;70;0;287;0;333
73;70;0;287;0;333
74;70;0;287;0;333
13;71;0;627;0;333
14;71;0;626;0;333
15;71;0;1782;0;333
17;71;0;387;0;333
18;71;0;387;0;333
19;71;0;627;0;333
20;71;0;627;0;333
21;71;0;626;0;333
22;71;0;623;0;333
23;71;0;287;0;333
29;71;0;627;0;333
30;71;0;626;0;333
36;71;0;627;0;333
37;71;0;626;0;333
43;71;0;3093;0;333
44;71;0;629;0;333
45;71;0;622;0;333
46;71;0;622;0;333
47;71;0;622;0;333
48;71;0;630;0;333
49;71;0;287;0;333
50;71;0;622;0;333
51;71;0;628;0;333
61;71;0;3098;0;333
62;71;0;627;0;333
63;71;0;623;0;333
64;71;0;287;0;333
65;71;0;287;0;333
66;71;0;287;0;333
67;71;0;287;0;333
68;71;0;287;0;333
69;71;0;287;0;333
70;71;0;287;0;333
71;71;0;287;0;333
72;71;0;287;0;333
73;71;0;287;0;333
74;71;0;287;0;333
13;72;0;629;0;333
14;72;0;627;0;333
15;72;0;626;0;333
16;72;0;627;0;333
17;72;0;626;0;333
18;72;0;627;0;333
19;72;0;623;0;333
20;72;0;287;0;333
21;72;0;287;0;333
22;72;0;287;0;333
23;72;0;287;0;333
24;72;0;287;0;333
25;72;0;287;0;333
26;72;0;287;0;333
27;72;0;287;0;333
28;72;0;287;0;333
29;72;0;629;0;333
30;72;0;628;0;333
31;72;0;1265;0;333
33;72;0;3100;0;333
34;72;0;627;0;333
35;72;0;626;0;333
36;72;0;629;0;333
37;72;0;628;0;333
38;72;0;627;0;333
39;72;0;626;0;333
46;72;0;628;0;333
47;72;0;3099;0;333
48;72;0;629;0;333
49;72;0;622;0;333
50;72;0;628;0;333
51;72;0;3100;0;333
59;72;0;3097;0;333
60;72;0;627;0;333
61;72;0;626;0;333
62;72;0;623;0;333
63;72;0;287;0;333
64;72;0;287;0;333
65;72;0;287;0;333
66;72;0;287;0;333
67;72;0;287;0;333
68;72;0;287;0;333
69;72;0;287;0;333
70;72;0;287;0;333
71;72;0;622;0;333
72;72;0;630;0;333
73;72;0;287;0;333
74;72;0;287;0;333
13;73;0;627;0;333
14;73;0;629;0;333
15;73;0;628;0;333
16;73;0;629;0;333
17;73;0;628;0;333
18;73;0;623;0;333
19;73;0;287;0;333
20;73;0;287;0;333
21;73;0;287;0;333
22;73;0;287;0;333
23;73;0;287;0;333
24;73;0;287;0;333
25;73;0;287;0;333
26;73;0;287;0;333
27;73;0;287;0;333
28;73;0;287;0;333
29;73;0;626;0;333
33;73;0;627;0;333
34;73;0;623;0;333
35;73;0;287;0;333
36;73;0;287;0;333
37;73;0;287;0;333
38;73;0;629;0;333
39;73;0;628;0;333
40;73;0;626;0;333
46;73;0;1265;0;333
48;73;0;1272;0;333
49;73;0;3095;0;333
58;73;0;627;0;333
59;73;0;626;0;333
60;73;0;623;0;333
61;73;0;287;0;333
62;73;0;287;0;333
63;73;0;287;0;333
64;73;0;287;0;333
65;73;0;287;0;333
66;73;0;287;0;333
67;73;0;287;0;333
68;73;0;287;0;333
69;73;0;287;0;333
70;73;0;626;0;333
71;73;0;626;0;333
72;73;0;629;0;333
73;73;0;630;0;333
74;73;0;287;0;333
75;73;0;287;0;333
13;74;0;623;0;333
14;74;0;287;0;333
15;74;0;287;0;333
16;74;0;287;0;333
17;74;0;287;0;333
18;74;0;287;0;333
19;74;0;287;0;333
20;74;0;287;0;333
21;74;0;287;0;333
22;74;0;287;0;333
23;74;0;287;0;333
24;74;0;287;0;333
25;74;0;622;0;333
26;74;0;622;0;333
27;74;0;622;0;333
28;74;0;622;0;333
29;74;0;628;0;333
32;74;0;627;0;333
33;74;0;623;0;333
34;74;0;287;0;333
35;74;0;287;0;333
36;74;0;287;0;333
37;74;0;287;0;333
38;74;0;287;0;333
38;74;0;287;0;333
39;74;0;626;0;333
40;74;0;627;0;333
41;74;0;626;0;333
42;74;0;627;0;333
43;74;0;626;0;333
58;74;0;629;0;333
59;74;0;287;0;333
60;74;0;287;0;333
61;74;0;287;0;333
62;74;0;287;0;333
62;74;0;287;0;333
63;74;0;287;0;333
64;74;0;287;0;333
65;74;0;287;0;333
66;74;0;287;0;333
67;74;0;287;0;333
68;74;0;287;0;333
69;74;0;622;0;333
70;74;0;628;0;333
71;74;0;627;0;333
72;74;0;626;0;333
73;74;0;629;0;333
74;74;0;630;0;333
75;74;0;287;0;333
76;74;0;287;0;333
12;75;0;627;0;333
13;75;0;623;0;333
14;75;0;287;0;333
15;75;0;622;0;333
16;75;0;622;0;333
17;75;0;622;0;333
18;75;0;630;0;333
19;75;0;287;0;333
20;75;0;287;0;333
21;75;0;287;0;333
22;75;0;622;0;333
23;75;0;622;0;333
24;75;0;622;0;333
25;75;0;628;0;333
26;75;0;1246;0;333
27;75;0;3095;0;333
31;75;0;627;0;333
32;75;0;623;0;333
33;75;0;287;0;333
34;75;0;287;0;333
35;75;0;287;0;333
36;75;0;287;0;333
37;75;0;287;0;333
38;75;0;287;0;333
39;75;0;287;0;333
40;75;0;629;0;333
41;75;0;628;0;333
42;75;0;629;0;333
43;75;0;627;0;333
44;75;0;626;0;333
45;75;0;627;0;333
46;75;0;626;0;333
53;75;0;1266;0;333
55;75;0;627;0;333
56;75;0;626;0;333
59;75;0;598;0;333
60;75;0;596;0;333
61;75;0;597;0;333
62;75;0;287;0;333
62;75;0;287;0;333
63;75;0;287;0;333
64;75;0;287;0;333
65;75;0;287;0;333
66;75;0;287;0;333
67;75;0;287;0;333
68;75;0;287;0;333
69;75;0;626;0;333
70;75;0;914;0;333
71;75;0;623;0;333
72;75;0;287;0;333
73;75;0;626;0;333
74;75;0;629;0;333
75;75;0;630;0;333
76;75;0;287;0;333
12;76;0;623;0;333
13;76;0;287;0;333
14;76;0;287;0;333
15;76;0;626;0;333
16;76;0;627;0;333
17;76;0;626;0;333
18;76;0;629;0;333
19;76;0;622;0;333
20;76;0;622;0;333
21;76;0;622;0;333
22;76;0;628;0;333
23;76;0;3099;0;333
24;76;0;3100;0;333
27;76;0;1272;0;333
30;76;0;627;0;333
31;76;0;623;0;333
32;76;0;287;0;333
33;76;0;287;0;333
34;76;0;287;0;333
35;76;0;287;0;333
36;76;0;287;0;333
37;76;0;287;0;333
38;76;0;287;0;333
39;76;0;287;0;333
40;76;0;287;0;333
41;76;0;287;0;333
42;76;0;287;0;333
43;76;0;629;0;333
44;76;0;628;0;333
45;76;0;629;0;333
46;76;0;628;0;333
47;76;0;3100;0;333
54;76;0;627;0;333
55;76;0;629;0;333
56;76;0;628;0;333
58;76;0;623;0;333
59;76;0;287;0;333
60;76;0;287;0;333
61;76;0;596;0;333
62;76;0;597;0;333
63;76;0;287;0;333
64;76;0;287;0;333
65;76;0;622;0;333
66;76;0;622;0;333
67;76;0;622;0;333
68;76;0;622;0;333
69;76;0;628;0;333
70;76;0;3093;0;333
71;76;0;629;0;333
72;76;0;622;0;333
73;76;0;628;0;333
74;76;0;3099;0;333
75;76;0;623;0;333
76;76;0;287;0;333
77;76;0;287;0;333
12;77;0;623;0;333
13;77;0;287;0;333
14;77;0;622;0;333
15;77;0;628;0;333
16;77;0;629;0;333
17;77;0;628;0;333
18;77;0;3098;0;333
19;77;0;3095;0;333
27;77;0;627;0;333
28;77;0;626;0;333
29;77;0;627;0;333
30;77;0;623;0;333
31;77;0;287;0;333
32;77;0;287;0;333
33;77;0;287;0;333
34;77;0;287;0;333
35;77;0;287;0;333
36;77;0;287;0;333
37;77;0;287;0;333
38;77;0;287;0;333
39;77;0;287;0;333
40;77;0;287;0;333
41;77;0;287;0;333
42;77;0;287;0;333
43;77;0;287;0;333
44;77;0;287;0;333
45;77;0;287;0;333
46;77;0;287;0;333
47;77;0;3098;0;333
48;77;0;3099;0;333
52;77;0;627;0;333
53;77;0;626;0;333
54;77;0;623;0;333
55;77;0;287;0;333
56;77;0;287;0;333
57;77;0;287;0;333
58;77;0;287;0;333
59;77;0;287;0;333
60;77;0;287;0;333
61;77;0;287;0;333
62;77;0;596;0;333
63;77;0;287;0;333
64;77;0;622;0;333
65;77;0;628;0;333
66;77;0;3097;0;333
74;77;0;915;0;333
75;77;0;629;0;333
76;77;0;630;0;333
77;77;0;287;0;333
78;77;0;287;0;333
12;78;0;623;0;333
13;78;0;287;0;333
14;78;0;626;0;333
15;78;0;3098;0;333
21;78;0;1266;0;333
26;78;0;627;0;333
27;78;0;629;0;333
28;78;0;628;0;333
29;78;0;623;0;333
30;78;0;287;0;333
31;78;0;287;0;333
32;78;0;622;0;333
33;78;0;622;0;333
34;78;0;622;0;333
35;78;0;622;0;333
36;78;0;622;0;333
37;78;0;622;0;333
38;78;0;630;0;333
39;78;0;287;0;333
40;78;0;287;0;333
41;78;0;287;0;333
42;78;0;287;0;333
43;78;0;287;0;333
44;78;0;287;0;333
45;78;0;287;0;333
46;78;0;287;0;333
47;78;0;287;0;333
48;78;0;287;0;333
52;78;0;623;0;333
53;78;0;287;0;333
54;78;0;287;0;333
55;78;0;287;0;333
56;78;0;287;0;333
57;78;0;287;0;333
58;78;0;287;0;333
59;78;0;287;0;333
60;78;0;287;0;333
61;78;0;287;0;333
62;78;0;599;0;333
63;78;0;287;0;333
64;78;0;626;0;333
65;78;0;1254;0;333
72;78;0;1265;0;333
75;78;0;2038;0;333
76;78;0;629;0;333
77;78;0;630;0;333
78;78;0;287;0;333
79;78;0;287;0;333
80;78;0;287;0;333
81;78;0;287;0;333
12;79;0;623;0;333
13;79;0;287;0;333
14;79;0;628;0;333
15;79;0;914;0;333
18;79;0;2937;0;333
25;79;0;627;0;333
26;79;0;623;0;333
27;79;0;287;0;333
28;79;0;287;0;333
29;79;0;287;0;333
30;79;0;287;0;333
31;79;0;287;0;333
32;79;0;626;0;333
38;79;0;629;0;333
39;79;0;622;0;333
40;79;0;622;0;333
41;79;0;622;0;333
42;79;0;622;0;333
43;79;0;630;0;333
44;79;0;287;0;333
45;79;0;287;0;333
46;79;0;287;0;333
47;79;0;287;0;333
48;79;0;287;0;333
49;79;0;287;0;333
50;79;0;287;0;333
51;79;0;287;0;333
52;79;0;287;0;333
53;79;0;287;0;333
54;79;0;287;0;333
55;79;0;287;0;333
56;79;0;287;0;333
57;79;0;287;0;333
58;79;0;287;0;333
59;79;0;287;0;333
60;79;0;287;0;333
61;79;0;622;0;333
63;79;0;629;0;333
64;79;0;628;0;333
66;79;0;627;0;333
67;79;0;626;0;333
68;79;0;626;0;333
71;79;0;914;0;333
71;79;0;12;0;333
76;79;0;629;0;333
77;79;0;629;0;333
78;79;0;622;0;333
79;79;0;630;0;333
80;79;0;287;0;333
81;79;0;287;0;333
12;80;0;623;0;333
13;80;0;287;0;333
14;80;0;627;0;333
15;80;0;626;0;333
23;80;0;3097;0;333
24;80;0;627;0;333
25;80;0;623;0;333
26;80;0;287;0;333
27;80;0;287;0;333
28;80;0;287;0;333
29;80;0;287;0;333
30;80;0;287;0;333
31;80;0;287;0;333
32;80;0;626;0;333
43;80;0;629;0;333
44;80;0;622;0;333
45;80;0;622;0;333
46;80;0;630;0;333
47;80;0;287;0;333
48;80;0;287;0;333
49;80;0;287;0;333
50;80;0;287;0;333
51;80;0;287;0;333
52;80;0;287;0;333
53;80;0;287;0;333
54;80;0;287;0;333
55;80;0;287;0;333
56;80;0;287;0;333
57;80;0;287;0;333
58;80;0;287;0;333
59;80;0;287;0;333
60;80;0;287;0;333
61;80;0;626;0;333
63;80;0;3095;0;333
64;80;0;3095;0;333
66;80;0;623;0;333
67;80;0;287;0;333
68;80;0;626;0;333
73;80;0;1266;0;333
77;80;0;1254;0;333
78;80;0;3098;0;333
79;80;0;629;0;333
80;80;0;630;0;333
81;80;0;287;0;333
12;81;0;623;0;333
13;81;0;287;0;333
14;81;0;629;0;333
15;81;0;628;0;333
18;81;0;1265;0;333
21;81;0;915;0;333
22;81;0;627;0;333
23;81;0;626;0;333
24;81;0;623;0;333
25;81;0;287;0;333
26;81;0;287;0;333
27;81;0;622;0;333
28;81;0;622;0;333
29;81;0;622;0;333
30;81;0;622;0;333
31;81;0;622;0;333
32;81;0;628;0;333
45;81;0;626;0;333
46;81;0;629;0;333
47;81;0;622;0;333
48;81;0;622;0;333
49;81;0;622;0;333
50;81;0;622;0;333
51;81;0;622;0;333
52;81;0;630;0;333
53;81;0;287;0;333
54;81;0;287;0;333
55;81;0;287;0;333
56;81;0;287;0;333
57;81;0;287;0;333
58;81;0;287;0;333
59;81;0;622;0;333
60;81;0;622;0;333
61;81;0;628;0;333
63;81;0;1272;0;333
66;81;0;629;0;333
67;81;0;622;0;333
68;81;0;628;0;333
69;81;0;3098;0;333
78;81;0;1272;0;333
79;81;0;3097;0;333
80;81;0;629;0;333
81;81;0;287;0;333
82;81;0;287;0;333
83;81;0;287;0;333
12;82;0;623;0;333
13;82;0;287;0;333
14;82;0;626;0;333
15;82;0;3097;0;333
20;82;0;627;0;333
21;82;0;626;0;333
22;82;0;623;0;333
23;82;0;287;0;333
24;82;0;287;0;333
25;82;0;287;0;333
26;82;0;287;0;333
49;82;0;629;0;333
50;82;0;626;0;333
51;82;0;628;0;333
52;82;0;629;0;333
53;82;0;622;0;333
54;82;0;622;0;333
55;82;0;622;0;333
56;82;0;630;0;333
57;82;0;287;0;333
58;82;0;287;0;333
59;82;0;626;0;333
60;82;0;3100;0;333
61;82;0;3095;0;333
65;82;0;1246;0;333
66;82;0;1266;0;333
80;82;0;629;0;333
81;82;0;622;0;333
82;82;0;630;0;333
83;82;0;287;0;333
84;82;0;287;0;333
85;82;0;287;0;333
12;83;0;623;0;333
13;83;0;287;0;333
14;83;0;287;0;333
15;83;0;287;0;333
16;83;0;3094;0;333
16;83;0;1246;0;333
20;83;0;623;0;333
21;83;0;287;0;333
22;83;0;287;0;333
23;83;0;287;0;333
24;83;0;287;0;333
25;83;0;287;0;333
26;83;0;287;0;333
52;83;0;627;0;333
53;83;0;626;0;333
54;83;0;626;0;333
55;83;0;626;0;333
56;83;0;623;0;333
57;83;0;287;0;333
58;83;0;622;0;333
59;83;0;628;0;333
63;83;0;2937;0;333
66;83;0;915;0;333
81;83;0;2038;0;333
82;83;0;629;0;333
83;83;0;622;0;333
84;83;0;630;0;333
85;83;0;287;0;333
12;84;0;629;0;333
13;84;0;622;0;333
14;84;0;630;0;333
15;84;0;287;0;333
16;84;0;287;0;333
17;84;0;599;0;333
18;84;0;596;0;333
19;84;0;287;0;333
20;84;0;287;0;333
21;84;0;287;0;333
22;84;0;287;0;333
23;84;0;287;0;333
24;84;0;287;0;333
25;84;0;287;0;333
26;84;0;287;0;333
52;84;0;623;0;333
53;84;0;287;0;333
54;84;0;287;0;333
55;84;0;626;0;333
56;84;0;623;0;333
57;84;0;287;0;333
58;84;0;627;0;333
59;84;0;626;0;333
63;84;0;1266;0;333
64;84;0;3093;0;333
65;84;0;627;0;333
66;84;0;626;0;333
67;84;0;626;0;333
82;84;0;2926;0;333
83;84;0;626;0;333
84;84;0;623;0;333
85;84;0;287;0;333
14;85;0;629;0;333
15;85;0;622;0;333
16;85;0;622;0;333
19;85;0;630;0;333
20;85;0;287;0;333
21;85;0;287;0;333
22;85;0;287;0;333
23;85;0;287;0;333
24;85;0;287;0;333
25;85;0;287;0;333
26;85;0;622;0;333
52;85;0;629;0;333
53;85;0;622;0;333
54;85;0;622;0;333
55;85;0;628;0;333
56;85;0;623;0;333
57;85;0;287;0;333
58;85;0;629;0;333
59;85;0;628;0;333
65;85;0;623;0;333
66;85;0;287;0;333
67;85;0;626;0;333
71;85;0;1265;0;333
82;85;0;914;0;333
83;85;0;2052;0;333
84;85;0;623;0;333
85;85;0;287;0;333
86;85;0;287;0;333
87;85;0;287;0;333
88;85;0;287;0;333
10;86;0;627;0;333
11;86;0;626;0;333
14;86;0;627;0;333
15;86;0;626;0;333
18;86;0;627;0;333
19;86;0;623;0;333
20;86;0;287;0;333
21;86;0;287;0;333
22;86;0;287;0;333
23;86;0;287;0;333
24;86;0;287;0;333
25;86;0;287;0;333
56;86;0;623;0;333
57;86;0;287;0;333
58;86;0;626;0;333
59;86;0;627;0;333
60;86;0;626;0;333
61;86;0;3100;0;333
64;86;0;3098;0;333
65;86;0;629;0;333
66;86;0;622;0;333
67;86;0;628;0;333
68;86;0;626;0;333
77;86;0;1266;0;333
82;86;0;2926;0;333
83;86;0;627;0;333
84;86;0;629;0;333
85;86;0;630;0;333
86;86;0;287;0;333
87;86;0;287;0;333
88;86;0;287;0;333
10;87;0;387;0;333
10;87;0;1783;0;333
11;87;0;628;0;333
14;87;0;629;0;333
15;87;0;628;0;333
18;87;0;914;0;333
19;87;0;629;0;333
20;87;0;622;0;333
21;87;0;622;0;333
22;87;0;630;0;333
23;87;0;287;0;333
24;87;0;287;0;333
25;87;0;287;0;333
56;87;0;623;0;333
57;87;0;287;0;333
58;87;0;287;0;333
59;87;0;629;0;333
60;87;0;628;0;333
61;87;0;627;0;333
62;87;0;626;0;333
63;87;0;627;0;333
64;87;0;626;0;333
65;87;0;626;0;333
66;87;0;626;0;333
67;87;0;629;0;333
68;87;0;628;0;333
81;87;0;2038;0;333
83;87;0;629;0;333
84;87;0;628;0;333
85;87;0;629;0;333
86;87;0;630;0;333
87;87;0;287;0;333
88;87;0;287;0;333
16;88;0;1265;0;333
17;88;0;274;0;333
19;88;0;1272;0;333
20;88;0;1783;0;333
21;88;0;2832;0;333
22;88;0;623;0;333
23;88;0;287;0;333
24;88;0;287;0;333
25;88;0;287;0;333
56;88;0;623;0;333
57;88;0;287;0;333
58;88;0;287;0;333
59;88;0;287;0;333
60;88;0;287;0;333
61;88;0;629;0;333
62;88;0;628;0;333
63;88;0;629;0;333
64;88;0;628;0;333
65;88;0;627;0;333
66;88;0;626;0;333
67;88;0;626;0;333
68;88;0;626;0;333
85;88;0;627;0;333
86;88;0;623;0;333
87;88;0;287;0;333
88;88;0;287;0;333
13;89;0;627;0;333
14;89;0;626;0;333
17;89;0;273;0;333
21;89;0;273;0;333
22;89;0;623;0;333
23;89;0;287;0;333
24;89;0;287;0;333
25;89;0;626;0;333
56;89;0;629;0;333
57;89;0;622;0;333
58;89;0;622;0;333
59;89;0;630;0;333
60;89;0;287;0;333
61;89;0;287;0;333
62;89;0;287;0;333
63;89;0;287;0;333
64;89;0;626;0;333
65;89;0;629;0;333
66;89;0;628;0;333
67;89;0;629;0;333
68;89;0;628;0;333
78;89;0;1266;0;333
80;89;0;627;0;333
81;89;0;626;0;333
82;89;0;626;0;333
83;89;0;626;0;333
85;89;0;623;0;333
86;89;0;287;0;333
87;89;0;287;0;333
88;89;0;287;0;333
13;90;0;629;0;333
14;90;0;628;0;333
15;90;0;586;0;333
19;90;0;1782;0;333
20;90;0;627;0;333
21;90;0;627;0;333
22;90;0;623;0;333
23;90;0;287;0;333
24;90;0;287;0;333
25;90;0;626;0;333
59;90;0;629;0;333
60;90;0;622;0;333
61;90;0;622;0;333
62;90;0;630;0;333
63;90;0;287;0;333
64;90;0;287;0;333
65;90;0;287;0;333
66;90;0;626;0;333
67;90;0;627;0;333
68;90;0;626;0;333
74;90;0;1265;0;333
79;90;0;627;0;333
80;90;0;623;0;333
81;90;0;287;0;333
82;90;0;287;0;333
83;90;0;626;0;333
85;90;0;629;0;333
86;90;0;630;0;333
87;90;0;287;0;333
88;90;0;287;0;333
13;91;0;915;0;333
14;91;0;1265;0;333
16;91;0;1783;0;333
19;91;0;308;0;333
20;91;0;914;0;333
21;91;0;629;0;333
22;91;0;287;0;333
23;91;0;287;0;333
24;91;0;287;0;333
25;91;0;626;0;333
62;91;0;623;0;333
63;91;0;287;0;333
64;91;0;287;0;333
65;91;0;287;0;333
66;91;0;287;0;333
67;91;0;629;0;333
68;91;0;628;0;333
69;91;0;1245;0;333
79;91;0;2038;0;333
80;91;0;629;0;333
81;91;0;630;0;333
82;91;0;287;0;333
83;91;0;626;0;333
85;91;0;3099;0;333
86;91;0;623;0;333
87;91;0;287;0;333
88;91;0;287;0;333
13;92;0;1782;0;333
16;92;0;1266;0;333
19;92;0;274;0;333
20;92;0;1790;0;333
22;92;0;597;0;333
23;92;0;287;0;333
24;92;0;287;0;333
25;92;0;626;0;333
62;92;0;623;0;333
63;92;0;287;0;333
64;92;0;287;0;333
65;92;0;287;0;333
66;92;0;287;0;333
67;92;0;287;0;333
68;92;0;627;0;333
69;92;0;626;0;333
70;92;0;627;0;333
71;92;0;626;0;333
80;92;0;3098;0;333
81;92;0;629;0;333
82;92;0;622;0;333
83;92;0;628;0;333
85;92;0;915;0;333
86;92;0;623;0;333
87;92;0;287;0;333
17;93;0;273;0;333
22;93;0;598;0;333
23;93;0;622;0;333
24;93;0;622;0;333
25;93;0;628;0;333
62;93;0;623;0;333
63;93;0;287;0;333
64;93;0;287;0;333
65;93;0;287;0;333
66;93;0;287;0;333
67;93;0;287;0;333
68;93;0;287;0;333
69;93;0;628;0;333
70;93;0;629;0;333
71;93;0;628;0;333
72;93;0;3098;0;333
80;93;0;1272;0;333
85;93;0;3093;0;333
86;93;0;623;0;333
87;93;0;287;0;333
13;94;0;273;0;333
14;94;0;387;0;333
19;94;0;586;0;333
20;94;0;915;0;333
21;94;0;627;0;333
22;94;0;287;0;333
24;94;0;1254;0;333
25;94;0;627;0;333
26;94;0;626;0;333
27;94;0;626;0;333
28;94;0;626;0;333
62;94;0;623;0;333
63;94;0;287;0;333
64;94;0;287;0;333
65;94;0;287;0;333
66;94;0;287;0;333
66;94;0;2038;0;333
67;94;0;287;0;333
68;94;0;287;0;333
69;94;0;287;0;333
70;94;0;627;0;333
71;94;0;626;0;333
72;94;0;3099;0;333
73;94;0;3100;0;333
74;94;0;915;0;333
82;94;0;914;0;333
82;94;0;12;0;333
84;94;0;1272;0;333
85;94;0;2038;0;333
86;94;0;623;0;333
87;94;0;287;0;333
88;94;0;287;0;333
89;94;0;287;0;333
13;95;0;627;0;333
14;95;0;626;0;333
15;95;0;1807;0;333
19;95;0;273;0;333
20;95;0;308;0;333
21;95;0;1272;0;333
22;95;0;597;0;333
25;95;0;623;0;333
26;95;0;287;0;333
27;95;0;287;0;333
28;95;0;626;0;333
62;95;0;623;0;333
63;95;0;287;0;333
64;95;0;287;0;333
65;95;0;287;0;333
66;95;0;287;0;333
67;95;0;287;0;333
68;95;0;287;0;333
69;95;0;287;0;333
70;95;0;287;0;333
71;95;0;628;0;333
72;95;0;627;0;333
73;95;0;626;0;333
74;95;0;627;0;333
75;95;0;626;0;333
86;95;0;623;0;333
86;95;0;625;0;333
87;95;0;287;0;333
88;95;0;287;0;333
89;95;0;287;0;333
90;95;0;287;0;333
13;96;0;914;0;333
14;96;0;628;0;333
15;96;0;1782;0;333
22;96;0;598;0;333
24;96;0;308;0;333
25;96;0;629;0;333
26;96;0;630;0;333
27;96;0;287;0;333
28;96;0;626;0;333
62;96;0;623;0;333
63;96;0;287;0;333
64;96;0;287;0;333
65;96;0;287;0;333
66;96;0;287;0;333
67;96;0;287;0;333
68;96;0;287;0;333
69;96;0;287;0;333
70;96;0;287;0;333
71;96;0;287;0;333
72;96;0;629;0;333
73;96;0;628;0;333
74;96;0;629;0;333
75;96;0;628;0;333
83;96;0;627;0;333
84;96;0;626;0;333
86;96;0;623;0;333
87;96;0;287;0;333
88;96;0;287;0;333
89;96;0;287;0;333
90;96;0;287;0;333
13;97;0;1272;0;333
14;97;0;387;0;333
18;97;0;1272;0;333
20;97;0;1782;0;333
21;97;0;629;0;333
22;97;0;287;0;333
24;97;0;274;0;333
25;97;0;1817;0;333
26;97;0;629;0;333
27;97;0;622;0;333
28;97;0;628;0;333
61;97;0;627;0;333
62;97;0;623;0;333
63;97;0;287;0;333
64;97;0;287;0;333
65;97;0;287;0;333
66;97;0;287;0;333
67;97;0;287;0;333
68;97;0;287;0;333
69;97;0;287;0;333
70;97;0;287;0;333
71;97;0;287;0;333
72;97;0;287;0;333
73;97;0;287;0;333
74;97;0;287;0;333
75;97;0;626;0;333
78;97;0;627;0;333
79;97;0;626;0;333
80;97;0;627;0;333
81;97;0;626;0;333
82;97;0;3098;0;333
83;97;0;629;0;333
84;97;0;628;0;333
85;97;0;3097;0;333
86;97;0;623;0;333
87;97;0;287;0;333
88;97;0;287;0;333
89;97;0;287;0;333
90;97;0;287;0;333
14;98;0;274;0;333
15;98;0;542;0;333
16;98;0;593;0;333
21;98;0;1266;0;333
22;98;0;597;0;333
23;98;0;1790;0;333
25;98;0;1782;0;333
26;98;0;308;0;333
27;98;0;628;0;333
28;98;0;1246;0;333
61;98;0;623;0;333
62;98;0;287;0;333
63;98;0;287;0;333
64;98;0;287;0;333
65;98;0;287;0;333
66;98;0;287;0;333
67;98;0;287;0;333
68;98;0;287;0;333
69;98;0;287;0;333
70;98;0;287;0;333
71;98;0;287;0;333
72;98;0;287;0;333
73;98;0;287;0;333
74;98;0;287;0;333
75;98;0;626;0;333
78;98;0;629;0;333
79;98;0;628;0;333
80;98;0;629;0;333
81;98;0;628;0;333
82;98;0;627;0;333
83;98;0;626;0;333
84;98;0;627;0;333
85;98;0;626;0;333
86;98;0;287;0;333
87;98;0;287;0;333
88;98;0;287;0;333
89;98;0;287;0;333
90;98;0;287;0;333
13;99;0;273;0;333
19;99;0;274;0;333
22;99;0;598;0;333
23;99;0;1266;0;333
24;99;0;273;0;333
25;99;0;1245;0;333
26;99;0;1245;0;333
27;99;0;1782;0;333
27;99;0;1245;0;333
28;99;0;1266;0;333
28;99;0;1808;0;333
59;99;0;627;0;333
60;99;0;626;0;333
61;99;0;623;0;333
62;99;0;287;0;333
63;99;0;287;0;333
64;99;0;287;0;333
65;99;0;287;0;333
66;99;0;287;0;333
67;99;0;287;0;333
68;99;0;287;0;333
69;99;0;287;0;333
70;99;0;287;0;333
71;99;0;287;0;333
72;99;0;287;0;333
73;99;0;287;0;333
74;99;0;287;0;333
75;99;0;626;0;333
78;99;0;623;0;333
79;99;0;287;0;333
80;99;0;287;0;333
81;99;0;287;0;333
82;99;0;629;0;333
83;99;0;628;0;333
84;99;0;629;0;333
85;99;0;628;0;333
86;99;0;287;0;333
87;99;0;287;0;333
88;99;0;622;0;333
89;99;0;622;0;333
90;99;0;622;0;333
13;100;0;915;0;333
16;100;0;273;0;333
17;100;0;1783;0;333
17;100;0;627;0;333
18;100;0;626;0;333
19;100;0;1265;0;333
20;100;0;1246;0;333
21;100;0;623;0;333
22;100;0;287;0;333
23;100;0;626;0;333
24;100;0;627;0;333
25;100;0;626;0;333
58;100;0;627;0;333
59;100;0;623;0;333
60;100;0;287;0;333
61;100;0;287;0;333
62;100;0;287;0;333
63;100;0;287;0;333
64;100;0;287;0;333
65;100;0;287;0;333
66;100;0;287;0;333
67;100;0;287;0;333
68;100;0;287;0;333
69;100;0;287;0;333
70;100;0;287;0;333
71;100;0;287;0;333
72;100;0;287;0;333
73;100;0;287;0;333
74;100;0;622;0;333
75;100;0;628;0;333
77;100;0;1265;0;333
78;100;0;629;0;333
79;100;0;630;0;333
80;100;0;287;0;333
81;100;0;287;0;333
82;100;0;287;0;333
83;100;0;287;0;333
84;100;0;287;0;333
85;100;0;287;0;333
86;100;0;287;0;333
87;100;0;287;0;333
88;100;0;626;0;333
13;101;0;1783;0;333
16;101;0;387;0;333
17;101;0;629;0;333
18;101;0;628;0;333
19;101;0;627;0;333
20;101;0;623;0;333
21;101;0;287;0;333
22;101;0;287;0;333
23;101;0;287;0;333
24;101;0;629;0;333
25;101;0;628;0;333
58;101;0;623;0;333
59;101;0;287;0;333
60;101;0;287;0;333
61;101;0;622;0;333
62;101;0;622;0;333
63;101;0;622;0;333
64;101;0;630;0;333
65;101;0;287;0;333
66;101;0;287;0;333
67;101;0;287;0;333
68;101;0;287;0;333
69;101;0;287;0;333
70;101;0;287;0;333
71;101;0;287;0;333
72;101;0;287;0;333
73;101;0;287;0;333
74;101;0;627;0;333
75;101;0;626;0;333
78;101;0;3098;0;333
79;101;0;623;0;333
80;101;0;287;0;333
81;101;0;287;0;333
82;101;0;287;0;333
83;101;0;287;0;333
84;101;0;287;0;333
85;101;0;287;0;333
86;101;0;287;0;333
87;101;0;287;0;333
88;101;0;626;0;333
13;102;0;1266;0;333
15;102;0;627;0;333
16;102;0;626;0;333
17;102;0;627;0;333
18;102;0;627;0;333
19;102;0;623;0;333
20;102;0;287;0;333
21;102;0;287;0;333
22;102;0;287;0;333
23;102;0;287;0;333
24;102;0;627;0;333
25;102;0;626;0;333
57;102;0;627;0;333
58;102;0;623;0;333
59;102;0;287;0;333
60;102;0;622;0;333
61;102;0;628;0;333
62;102;0;3095;0;333
63;102;0;3099;0;333
64;102;0;629;0;333
65;102;0;622;0;333
66;102;0;630;0;333
67;102;0;287;0;333
68;102;0;287;0;333
69;102;0;287;0;333
70;102;0;287;0;333
71;102;0;287;0;333
72;102;0;287;0;333
73;102;0;287;0;333
74;102;0;629;0;333
75;102;0;628;0;333
78;102;0;914;0;333
79;102;0;623;0;333
80;102;0;287;0;333
81;102;0;287;0;333
82;102;0;287;0;333
83;102;0;287;0;333
84;102;0;287;0;333
85;102;0;622;0;333
86;102;0;622;0;333
87;102;0;622;0;333
88;102;0;628;0;333
15;103;0;623;0;333
16;103;0;287;0;333
17;103;0;287;0;333
18;103;0;287;0;333
19;103;0;287;0;333
20;103;0;287;0;333
21;103;0;287;0;333
22;103;0;287;0;333
23;103;0;287;0;333
24;103;0;629;0;333
25;103;0;628;0;333
57;103;0;623;0;333
58;103;0;287;0;333
59;103;0;287;0;333
60;103;0;628;0;333
63;103;0;1245;0;333
64;103;0;914;0;333
65;103;0;3098;0;333
66;103;0;629;0;333
67;103;0;630;0;333
68;103;0;287;0;333
69;103;0;287;0;333
70;103;0;287;0;333
71;103;0;287;0;333
72;103;0;287;0;333
73;103;0;287;0;333
74;103;0;3099;0;333
78;103;0;1245;0;333
79;103;0;623;0;333
80;103;0;287;0;333
81;103;0;287;0;333
82;103;0;287;0;333
83;103;0;287;0;333
84;103;0;287;0;333
85;103;0;626;0;333
7;104;0;274;0;333
8;104;0;626;0;333
9;104;0;627;0;333
10;104;0;626;0;333
15;104;0;629;0;333
16;104;0;287;0;333
17;104;0;622;0;333
18;104;0;622;0;333
19;104;0;622;0;333
20;104;0;630;0;333
21;104;0;287;0;333
22;104;0;287;0;333
23;104;0;287;0;333
57;104;0;623;0;333
58;104;0;287;0;333
59;104;0;622;0;333
60;104;0;628;0;333
65;104;0;3100;0;333
66;104;0;3099;0;333
67;104;0;629;0;333
68;104;0;630;0;333
69;104;0;287;0;333
70;104;0;287;0;333
71;104;0;287;0;333
72;104;0;287;0;333
73;104;0;287;0;333
74;104;0;1245;0;333
77;104;0;2038;0;333
78;104;0;3099;0;333
79;104;0;623;0;333
80;104;0;287;0;333
81;104;0;287;0;333
82;104;0;287;0;333
83;104;0;287;0;333
84;104;0;287;0;333
85;104;0;626;0;333
7;105;0;627;0;333
8;105;0;628;0;333
9;105;0;629;0;333
10;105;0;628;0;333
11;105;0;626;0;333
12;105;0;627;0;333
13;105;0;626;0;333
16;105;0;597;0;333
19;105;0;3095;0;333
20;105;0;629;0;333
21;105;0;630;0;333
22;105;0;287;0;333
23;105;0;287;0;333
57;105;0;623;0;333
58;105;0;287;0;333
59;105;0;627;0;333
60;105;0;626;0;333
63;105;0;1265;0;333
67;105;0;2927;0;333
68;105;0;623;0;333
69;105;0;287;0;333
70;105;0;287;0;333
71;105;0;287;0;333
72;105;0;287;0;333
73;105;0;622;0;333
75;105;0;1266;0;333
78;105;0;3097;0;333
79;105;0;623;0;333
80;105;0;287;0;333
81;105;0;287;0;333
82;105;0;287;0;333
83;105;0;287;0;333
84;105;0;287;0;333
85;105;0;626;0;333
7;106;0;623;0;333
8;106;0;287;0;333
9;106;0;287;0;333
10;106;0;287;0;333
11;106;0;287;0;333
12;106;0;629;0;333
13;106;0;628;0;333
16;106;0;598;0;333
20;106;0;3097;0;333
21;106;0;623;0;333
22;106;0;287;0;333
23;106;0;287;0;333
24;106;0;287;0;333
25;106;0;287;0;333
57;106;0;623;0;333
58;106;0;287;0;333
59;106;0;629;0;333
60;106;0;628;0;333
62;106;0;2937;0;333
66;106;0;29;0;333
68;106;0;629;0;333
69;106;0;622;0;333
70;106;0;622;0;333
70;106;0;624;0;333
71;106;0;622;0;333
72;106;0;622;0;333
73;106;0;628;0;333
77;106;0;627;0;333
78;106;0;627;0;333
79;106;0;287;0;333
80;106;0;287;0;333
81;106;0;287;0;333
82;106;0;622;0;333
83;106;0;622;0;333
84;106;0;622;0;333
85;106;0;628;0;333
6;107;0;627;0;333
7;107;0;623;0;333
8;107;0;287;0;333
9;107;0;287;0;333
10;107;0;287;0;333
11;107;0;287;0;333
12;107;0;287;0;333
13;107;0;627;0;333
14;107;0;274;0;333
15;107;0;623;0;333
16;107;0;287;0;333
17;107;0;3100;0;333
20;107;0;915;0;333
21;107;0;623;0;333
22;107;0;287;0;333
23;107;0;287;0;333
24;107;0;287;0;333
25;107;0;287;0;333
57;107;0;623;0;333
58;107;0;287;0;333
59;107;0;626;0;333
60;107;0;3099;0;333
68;107;0;1265;0;333
76;107;0;627;0;333
77;107;0;623;0;333
78;107;0;287;0;333
79;107;0;287;0;333
80;107;0;622;0;333
81;107;0;622;0;333
82;107;0;628;0;333
6;108;0;623;0;333
7;108;0;287;0;333
8;108;0;287;0;333
9;108;0;287;0;333
10;108;0;287;0;333
11;108;0;287;0;333
12;108;0;287;0;333
13;108;0;287;0;333
14;108;0;287;0;333
15;108;0;287;0;333
16;108;0;287;0;333
17;108;0;626;0;333
19;108;0;1265;0;333
20;108;0;627;0;333
21;108;0;623;0;333
22;108;0;287;0;333
23;108;0;287;0;333
24;108;0;287;0;333
25;108;0;287;0;333
57;108;0;623;0;333
58;108;0;287;0;333
59;108;0;628;0;333
60;108;0;3097;0;333
75;108;0;914;0;333
76;108;0;623;0;333
77;108;0;287;0;333
78;108;0;287;0;333
79;108;0;622;0;333
80;108;0;628;0;333
6;109;0;623;0;333
7;109;0;287;0;333
8;109;0;287;0;333
8;109;0;287;0;333
9;109;0;287;0;333
10;109;0;287;0;333
11;109;0;287;0;333
12;109;0;287;0;333
13;109;0;287;0;333
14;109;0;287;0;333
15;109;0;287;0;333
16;109;0;622;0;333
17;109;0;628;0;333
20;109;0;623;0;333
21;109;0;287;0;333
22;109;0;287;0;333
23;109;0;287;0;333
24;109;0;287;0;333
25;109;0;287;0;333
56;109;0;627;0;333
57;109;0;623;0;333
58;109;0;287;0;333
59;109;0;627;0;333
60;109;0;626;0;333
72;109;0;1265;0;333
74;109;0;627;0;333
75;109;0;627;0;333
76;109;0;623;0;333
77;109;0;287;0;333
78;109;0;622;0;333
79;109;0;628;0;333
6;110;0;629;0;333
7;110;0;630;0;333
8;110;0;287;0;333
9;110;0;287;0;333
10;110;0;287;0;333
11;110;0;287;0;333
12;110;0;287;0;333
13;110;0;287;0;333
14;110;0;287;0;333
15;110;0;622;0;333
16;110;0;628;0;333
17;110;0;3095;0;333
20;110;0;623;0;333
20;110;0;625;0;333
21;110;0;287;0;333
22;110;0;287;0;333
23;110;0;287;0;333
24;110;0;287;0;333
25;110;0;287;0;333
56;110;0;623;0;333
57;110;0;287;0;333
58;110;0;287;0;333
59;110;0;629;0;333
60;110;0;628;0;333
61;110;0;2925;0;333
73;110;0;3097;0;333
74;110;0;623;0;333
75;110;0;287;0;333
76;110;0;287;0;333
77;110;0;287;0;333
78;110;0;626;0;333
7;111;0;629;0;333
8;111;0;622;0;333
9;111;0;630;0;333
10;111;0;287;0;333
11;111;0;287;0;333
12;111;0;287;0;333
13;111;0;287;0;333
14;111;0;622;0;333
15;111;0;628;0;333
16;111;0;3099;0;333
20;111;0;623;0;333
21;111;0;287;0;333
22;111;0;287;0;333
23;111;0;287;0;333
24;111;0;287;0;333
25;111;0;287;0;333
56;111;0;623;0;333
57;111;0;287;0;333
58;111;0;622;0;333
59;111;0;628;0;333
60;111;0;3100;0;333
61;111;0;914;0;333
69;111;0;914;0;333
70;111;0;627;0;333
71;111;0;626;0;333
72;111;0;627;0;333
73;111;0;627;0;333
74;111;0;623;0;333
75;111;0;287;0;333
76;111;0;622;0;333
77;111;0;622;0;333
78;111;0;628;0;333
7;112;0;627;0;333
8;112;0;627;0;333
9;112;0;623;0;333
10;112;0;287;0;333
11;112;0;287;0;333
11;112;0;287;0;333
12;112;0;287;0;333
13;112;0;622;0;333
14;112;0;628;0;333
20;112;0;623;0;333
21;112;0;287;0;333
22;112;0;287;0;333
23;112;0;287;0;333
24;112;0;287;0;333
25;112;0;287;0;333
56;112;0;623;0;333
57;112;0;287;0;333
58;112;0;627;0;333
59;112;0;626;0;333
60;112;0;3098;0;333
63;112;0;627;0;333
64;112;0;626;0;333
66;112;0;2924;0;333
67;112;0;3099;0;333
68;112;0;3097;0;333
69;112;0;627;0;333
70;112;0;629;0;333
71;112;0;628;0;333
72;112;0;623;0;333
73;112;0;287;0;333
74;112;0;287;0;333
75;112;0;287;0;333
76;112;0;626;0;333
7;113;0;629;0;333
8;113;0;626;0;333
9;113;0;623;0;333
10;113;0;287;0;333
11;113;0;287;0;333
12;113;0;287;0;333
13;113;0;626;0;333
14;113;0;914;0;333
20;113;0;629;0;333
21;113;0;630;0;333
22;113;0;287;0;333
23;113;0;287;0;333
24;113;0;287;0;333
25;113;0;287;0;333
28;113;0;627;0;333
29;113;0;626;0;333
30;113;0;626;0;333
56;113;0;623;0;333
57;113;0;287;0;333
58;113;0;629;0;333
59;113;0;628;0;333
60;113;0;627;0;333
61;113;0;626;0;333
62;113;0;3096;0;333
63;113;0;629;0;333
64;113;0;628;0;333
65;113;0;627;0;333
66;113;0;626;0;333
67;113;0;627;0;333
68;113;0;626;0;333
69;113;0;623;0;333
70;113;0;287;0;333
71;113;0;287;0;333
72;113;0;287;0;333
73;113;0;287;0;333
74;113;0;622;0;333
75;113;0;622;0;333
76;113;0;628;0;333
7;114;0;387;0;333
8;114;0;629;0;333
9;114;0;623;0;333
10;114;0;287;0;333
11;114;0;287;0;333
12;114;0;287;0;333
13;114;0;628;0;333
14;114;0;1245;0;333
18;114;0;2170;0;333
20;114;0;914;0;333
21;114;0;623;0;333
22;114;0;287;0;333
23;114;0;287;0;333
24;114;0;287;0;333
25;114;0;287;0;333
28;114;0;623;0;333
29;114;0;287;0;333
30;114;0;626;0;333
56;114;0;623;0;333
57;114;0;287;0;333
58;114;0;627;0;333
59;114;0;626;0;333
60;114;0;629;0;333
61;114;0;627;0;333
62;114;0;626;0;333
63;114;0;627;0;333
64;114;0;626;0;333
65;114;0;629;0;333
66;114;0;628;0;333
67;114;0;629;0;333
68;114;0;628;0;333
69;114;0;623;0;333
70;114;0;287;0;333
71;114;0;622;0;333
72;114;0;622;0;333
73;114;0;622;0;333
74;114;0;628;0;333
7;115;0;273;0;333
8;115;0;627;0;333
9;115;0;629;0;333
10;115;0;630;0;333
11;115;0;287;0;333
12;115;0;287;0;333
13;115;0;627;0;333
14;115;0;626;0;333
16;115;0;2169;0;333
20;115;0;3097;0;333
21;115;0;623;0;333
22;115;0;287;0;333
23;115;0;287;0;333
24;115;0;287;0;333
25;115;0;287;0;333
28;115;0;629;0;333
29;115;0;622;0;333
30;115;0;628;0;333
56;115;0;623;0;333
57;115;0;287;0;333
58;115;0;629;0;333
59;115;0;628;0;333
60;115;0;626;0;333
61;115;0;629;0;333
62;115;0;628;0;333
63;115;0;623;0;333
64;115;0;287;0;333
65;115;0;287;0;333
66;115;0;287;0;333
67;115;0;287;0;333
68;115;0;287;0;333
69;115;0;287;0;333
70;115;0;287;0;333
71;115;0;626;0;333
7;116;0;628;0;333
8;116;0;629;0;333
9;116;0;627;0;333
10;116;0;623;0;333
11;116;0;287;0;333
12;116;0;287;0;333
13;116;0;629;0;333
14;116;0;628;0;333
20;116;0;3099;0;333
21;116;0;629;0;333
22;116;0;630;0;333
23;116;0;287;0;333
24;116;0;287;0;333
25;116;0;622;0;333
56;116;0;623;0;333
57;116;0;287;0;333
58;116;0;287;0;333
59;116;0;287;0;333
60;116;0;287;0;333
61;116;0;287;0;333
62;116;0;287;0;333
63;116;0;287;0;333
64;116;0;287;0;333
65;116;0;622;0;333
66;116;0;622;0;333
67;116;0;622;0;333
68;116;0;622;0;333
69;116;0;622;0;333
70;116;0;622;0;333
71;116;0;628;0;333
7;117;0;627;0;333
8;117;0;627;0;333
9;117;0;629;0;333
10;117;0;623;0;333
11;117;0;287;0;333
12;117;0;287;0;333
13;117;0;627;0;333
14;117;0;626;0;333
17;117;0;1265;0;333
20;117;0;1245;0;333
21;117;0;3097;0;333
22;117;0;623;0;333
23;117;0;287;0;333
24;117;0;287;0;333
56;117;0;629;0;333
57;117;0;622;0;333
58;117;0;622;0;333
59;117;0;622;0;333
60;117;0;622;0;333
61;117;0;622;0;333
62;117;0;622;0;333
63;117;0;622;0;333
64;117;0;622;0;333
65;117;0;628;0;333
7;118;0;626;0;333
8;118;0;627;0;333
9;118;0;627;0;333
10;118;0;623;0;333
11;118;0;287;0;333
12;118;0;287;0;333
13;118;0;629;0;333
14;118;0;628;0;333
20;118;0;627;0;333
21;118;0;623;0;333
22;118;0;287;0;333
23;118;0;287;0;333
24;118;0;287;0;333
27;118;0;627;0;333
28;118;0;627;0;333
29;118;0;626;0;333
30;118;0;626;0;333
31;118;0;626;0;333
32;118;0;626;0;333
57;118;0;274;0;333
58;118;0;627;0;333
59;118;0;626;0;333
60;118;0;626;0;333
61;118;0;626;0;333
62;118;0;627;0;333
63;118;0;626;0;333
64;118;0;627;0;333
65;118;0;626;0;333
7;119;0;629;0;333
8;119;0;626;0;333
9;119;0;623;0;333
10;119;0;287;0;333
11;119;0;287;0;333
12;119;0;287;0;333
13;119;0;627;0;333
14;119;0;626;0;333
19;119;0;3097;0;333
20;119;0;623;0;333
21;119;0;287;0;333
22;119;0;287;0;333
23;119;0;287;0;333
24;119;0;287;0;333
27;119;0;629;0;333
28;119;0;623;0;333
29;119;0;287;0;333
30;119;0;287;0;333
31;119;0;287;0;333
32;119;0;626;0;333
57;119;0;387;0;333
58;119;0;623;0;333
59;119;0;287;0;333
60;119;0;287;0;333
61;119;0;626;0;333
62;119;0;629;0;333
63;119;0;628;0;333
64;119;0;629;0;333
65;119;0;628;0;333
9;120;0;623;0;333
10;120;0;287;0;333
11;120;0;287;0;333
12;120;0;287;0;333
13;120;0;287;0;333
14;120;0;628;0;333
19;120;0;627;0;333
20;120;0;623;0;333
21;120;0;287;0;333
22;120;0;287;0;333
23;120;0;287;0;333
24;120;0;622;0;333
27;120;0;273;0;333
27;120;0;1783;0;333
28;120;0;626;0;333
29;120;0;287;0;333
30;120;0;287;0;333
31;120;0;287;0;333
32;120;0;626;0;333
57;120;0;626;0;333
58;120;0;629;0;333
59;120;0;622;0;333
60;120;0;622;0;333
61;120;0;628;0;333
62;120;0;273;0;333
8;121;0;626;0;333
9;121;0;623;0;333
10;121;0;287;0;333
11;121;0;287;0;333
12;121;0;287;0;333
13;121;0;287;0;333
14;121;0;287;0;333
15;121;0;3099;0;333
16;121;0;627;0;333
17;121;0;626;0;333
18;121;0;3100;0;333
19;121;0;623;0;333
20;121;0;287;0;333
21;121;0;287;0;333
22;121;0;287;0;333
23;121;0;622;0;333
24;121;0;628;0;333
27;121;0;274;0;333
28;121;0;623;0;333
29;121;0;287;0;333
30;121;0;287;0;333
31;121;0;287;0;333
32;121;0;626;0;333
7;122;0;629;0;333
8;122;0;629;0;333
9;122;0;623;0;333
10;122;0;287;0;333
11;122;0;287;0;333
12;122;0;287;0;333
13;122;0;287;0;333
14;122;0;287;0;333
15;122;0;287;0;333
16;122;0;629;0;333
17;122;0;627;0;333
18;122;0;626;0;333
19;122;0;623;0;333
20;122;0;287;0;333
21;122;0;287;0;333
22;122;0;287;0;333
23;122;0;626;0;333
27;122;0;627;0;333
28;122;0;629;0;333
29;122;0;622;0;333
30;122;0;629;0;333
31;122;0;622;0;333
32;122;0;628;0;333
7;123;0;626;0;333
8;123;0;627;0;333
9;123;0;623;0;333
10;123;0;287;0;333
11;123;0;287;0;333
12;123;0;287;0;333
13;123;0;287;0;333
14;123;0;287;0;333
15;123;0;287;0;333
16;123;0;626;0;333
17;123;0;629;0;333
18;123;0;628;0;333
19;123;0;623;0;333
20;123;0;287;0;333
21;123;0;287;0;333
22;123;0;287;0;333
23;123;0;626;0;333
27;123;0;626;0;333
28;123;0;628;0;333
29;123;0;387;0;333
29;123;0;1782;0;333
30;123;0;387;0;333
30;123;0;1783;0;333
31;123;0;626;0;333
32;123;0;274;0;333
53;123;0;627;0;333
55;123;0;626;0;333
7;124;0;627;0;333
8;124;0;623;0;333
9;124;0;287;0;333
10;124;0;287;0;333
11;124;0;287;0;333
12;124;0;287;0;333
13;124;0;287;0;333
14;124;0;287;0;333
15;124;0;287;0;333
16;124;0;287;0;333
17;124;0;287;0;333
18;124;0;287;0;333
19;124;0;287;0;333
20;124;0;287;0;333
21;124;0;287;0;333
22;124;0;287;0;333
23;124;0;626;0;333
53;124;0;623;0;333
54;124;0;287;0;333
55;124;0;626;0;333
7;125;0;623;0;333
8;125;0;287;0;333
9;125;0;287;0;333
10;125;0;287;0;333
11;125;0;287;0;333
12;125;0;287;0;333
13;125;0;287;0;333
14;125;0;287;0;333
15;125;0;287;0;333
16;125;0;287;0;333
17;125;0;287;0;333
18;125;0;287;0;333
19;125;0;287;0;333
20;125;0;287;0;333
21;125;0;287;0;333
22;125;0;287;0;333
23;125;0;626;0;333
53;125;0;629;0;333
54;125;0;622;0;333
55;125;0;628;0;333
7;126;0;629;0;333
8;126;0;630;0;333
9;126;0;287;0;333
10;126;0;287;0;333
11;126;0;287;0;333
12;126;0;287;0;333
13;126;0;287;0;333
14;126;0;287;0;333
15;126;0;287;0;333
16;126;0;287;0;333
17;126;0;287;0;333
18;126;0;287;0;333
19;126;0;287;0;333
20;126;0;287;0;333
21;126;0;287;0;333
22;126;0;287;0;333
23;126;0;626;0;333
8;127;0;623;0;333
9;127;0;287;0;333
10;127;0;287;0;333
11;127;0;287;0;333
12;127;0;287;0;333
13;127;0;287;0;333
14;127;0;287;0;333
15;127;0;287;0;333
16;127;0;287;0;333
17;127;0;287;0;333
18;127;0;287;0;333
19;127;0;287;0;333
20;127;0;287;0;333
21;127;0;287;0;333
22;127;0;287;0;333
23;127;0;626;0;333
27;127;0;627;0;333
28;127;0;626;0;333
8;128;0;629;0;333
9;128;0;622;0;333
10;128;0;622;0;333
11;128;0;622;0;333
12;128;0;630;0;333
13;128;0;287;0;333
14;128;0;287;0;333
15;128;0;287;0;333
16;128;0;287;0;333
17;128;0;287;0;333
18;128;0;287;0;333
19;128;0;287;0;333
20;128;0;287;0;333
21;128;0;287;0;333
22;128;0;287;0;333
23;128;0;626;0;333
27;128;0;1782;0;333
28;128;0;628;0;333
12;129;0;623;0;333
13;129;0;287;0;333
14;129;0;287;0;333
15;129;0;287;0;333
16;129;0;287;0;333
17;129;0;287;0;333
18;129;0;287;0;333
19;129;0;287;0;333
20;129;0;287;0;333
21;129;0;287;0;333
22;129;0;287;0;333
23;129;0;626;0;333
12;130;0;629;0;333
13;130;0;622;0;333
14;130;0;622;0;333
15;130;0;622;0;333
16;130;0;630;0;333
17;130;0;287;0;333
18;130;0;287;0;333
19;130;0;287;0;333
20;130;0;287;0;333
21;130;0;287;0;333
22;130;0;287;0;333
23;130;0;626;0;333
6;131;0;626;0;333
9;131;0;626;0;333
16;131;0;629;0;333
17;131;0;622;0;333
18;131;0;622;0;333
19;131;0;622;0;333
20;131;0;622;0;333
21;131;0;622;0;333
22;131;0;622;0;333
23;131;0;628;0;333
18;132;0;627;0;333
19;132;0;626;0;333
20;132;0;626;0;333
21;132;0;626;0;333
18;133;0;623;0;333
19;133;0;287;0;333
20;133;0;287;0;333
21;133;0;626;0;333
9;134;0;627;0;333
10;134;0;626;0;333
18;134;0;623;0;333
19;134;0;287;0;333
20;134;0;287;0;333
21;134;0;626;0;333
9;135;0;629;0;333
10;135;0;628;0;333
18;135;0;629;0;333
19;135;0;622;0;333
20;135;0;622;0;333
21;135;0;628;0;333
