12;5;627;333
13;5;626;333
10;6;627;333
11;6;626;333
12;6;629;333
13;6;628;333
14;6;623;333
15;6;287;333
16;6;287;333
17;6;287;333
18;6;287;333
19;6;287;333
20;6;287;333
21;6;287;333
22;6;287;333
23;6;287;333
24;6;287;333
25;6;287;333
26;6;287;333
27;6;287;333
10;7;623;333
11;7;287;333
12;7;287;333
13;7;287;333
14;7;287;333
15;7;287;333
16;7;287;333
17;7;287;333
18;7;287;333
18;7;287;333
19;7;287;333
19;7;287;333
20;7;287;333
20;7;287;333
21;7;287;333
21;7;287;333
22;7;287;333
22;7;287;333
23;7;287;333
24;7;287;333
25;7;287;333
26;7;287;333
27;7;287;333
28;7;287;333
29;7;287;333
30;7;287;333
31;7;287;333
32;7;287;333
33;7;287;333
9;8;627;333
10;8;623;333
11;8;287;333
12;8;287;333
13;8;287;333
14;8;287;333
15;8;287;333
16;8;287;333
17;8;287;333
18;8;287;333
19;8;287;333
20;8;287;333
21;8;287;333
22;8;287;333
23;8;287;333
24;8;287;333
25;8;287;333
26;8;287;333
27;8;287;333
28;8;287;333
29;8;287;333
30;8;287;333
31;8;287;333
32;8;287;333
33;8;287;333
9;9;627;333
10;9;626;333
11;9;287;333
12;9;287;333
13;9;622;333
14;9;622;333
15;9;622;333
16;9;622;333
17;9;622;333
18;9;28;333
19;9;630;333
20;9;287;333
21;9;622;333
22;9;622;333
23;9;622;333
24;9;630;333
25;9;287;333
26;9;287;333
27;9;287;333
28;9;287;333
29;9;287;333
30;9;287;333
31;9;287;333
32;9;287;333
33;9;287;333
34;9;287;333
35;9;287;333
36;9;287;333
37;9;287;333
38;9;287;333
39;9;287;333
9;10;627;333
10;10;287;333
11;10;287;333
12;10;287;333
13;10;626;333
14;10;3098;333
16;10;3095;333
19;10;629;333
20;10;622;333
21;10;628;333
22;10;3099;333
23;10;914;333
24;10;629;333
25;10;622;333
26;10;622;333
27;10;622;333
28;10;630;333
29;10;287;333
30;10;287;333
31;10;287;333
32;10;287;333
33;10;287;333
34;10;287;333
35;10;287;333
36;10;287;333
37;10;287;333
38;10;287;333
39;10;287;333
40;10;287;333
41;10;287;333
42;10;287;333
43;10;287;333
44;10;287;333
6;11;627;333
7;11;626;333
8;11;627;333
9;11;629;333
10;11;287;333
11;11;287;333
12;11;287;333
13;11;626;333
16;11;2937;333
19;11;1266;333
26;11;3095;333
27;11;3097;333
28;11;629;333
29;11;622;333
30;11;630;333
31;11;287;333
32;11;287;333
33;11;622;333
34;11;622;333
35;11;630;333
36;11;287;333
37;11;287;333
38;11;287;333
39;11;287;333
40;11;287;333
41;11;287;333
42;11;287;333
43;11;287;333
44;11;287;333
6;12;627;333
7;12;626;333
8;12;627;333
9;12;626;333
10;12;287;333
11;12;287;333
12;12;287;333
13;12;626;333
15;12;1266;333
26;12;1266;333
29;12;3095;333
30;12;623;333
31;12;287;333
32;12;287;333
33;12;626;333
34;12;915;333
35;12;629;333
36;12;622;333
37;12;622;333
38;12;630;333
39;12;287;333
40;12;287;333
41;12;287;333
42;12;287;333
43;12;287;333
44;12;287;333
5;13;627;333
6;13;629;333
7;13;628;333
8;13;629;333
9;13;628;333
10;13;287;333
11;13;287;333
12;13;622;333
13;13;628;333
19;13;1265;333
21;13;627;333
22;13;626;333
23;13;915;333
25;13;627;333
26;13;626;333
30;13;629;333
31;13;622;333
32;13;622;333
33;13;628;333
34;13;3099;333
35;13;3095;333
36;13;3095;333
37;13;1245;333
38;13;629;333
39;13;622;333
39;13;624;333
40;13;622;333
41;13;630;333
42;13;287;333
43;13;287;333
44;13;287;333
5;14;627;333
6;14;626;333
7;14;627;333
8;14;627;333
9;14;626;333
10;14;287;333
11;14;287;333
12;14;626;333
15;14;627;333
16;14;626;333
17;14;627;333
21;14;629;333
22;14;628;333
23;14;627;333
24;14;626;333
25;14;629;333
26;14;628;333
27;14;627;333
28;14;626;333
32;14;3095;333
33;14;3095;333
37;14;1265;333
40;14;3097;333
41;14;623;333
42;14;287;333
43;14;287;333
44;14;287;333
45;14;287;333
46;14;287;333
5;15;629;333
6;15;628;333
7;15;629;333
8;15;629;333
9;15;628;333
10;15;287;333
11;15;287;333
12;15;626;333
15;15;629;333
16;15;628;333
17;15;623;333
18;15;287;333
19;15;287;333
20;15;287;333
21;15;287;333
22;15;287;333
23;15;287;333
24;15;287;333
25;15;287;333
26;15;287;333
27;15;629;333
28;15;628;333
29;15;627;333
30;15;626;333
39;15;2937;333
41;15;629;333
42;15;622;333
43;15;630;333
44;15;287;333
45;15;287;333
46;15;287;333
4;16;627;333
5;16;626;333
6;16;627;333
7;16;627;333
8;16;627;333
9;16;626;333
10;16;287;333
11;16;622;333
12;16;628;333
16;16;914;333
17;16;629;333
18;16;287;333
19;16;622;333
20;16;622;333
21;16;622;333
22;16;622;333
23;16;622;333
24;16;630;333
25;16;287;333
26;16;287;333
27;16;287;333
28;16;626;333
29;16;629;333
30;16;628;333
42;16;1245;333
43;16;623;333
43;16;625;333
44;16;287;333
45;16;287;333
46;16;287;333
4;17;629;333
5;17;628;333
6;17;626;333
7;17;629;333
8;17;629;333
9;17;628;333
10;17;287;333
11;17;629;333
12;17;628;333
15;17;915;333
18;17;597;333
19;17;1272;333
23;17;3097;333
24;17;623;333
25;17;287;333
26;17;287;333
27;17;287;333
28;17;627;333
29;17;626;333
32;17;1272;333
39;17;1272;333
41;17;2038;333
42;17;3097;333
43;17;623;333
44;17;287;333
45;17;287;333
46;17;287;333
2;18;627;333
3;18;626;333
4;18;627;333
5;18;627;333
6;18;626;333
7;18;626;333
8;18;627;333
9;18;626;333
10;18;287;333
11;18;627;333
12;18;626;333
15;18;1272;333
16;18;627;333
17;18;623;333
18;18;598;333
21;18;2937;333
24;18;623;333
25;18;287;333
26;18;287;333
27;18;287;333
28;18;629;333
29;18;628;333
34;18;1265;333
40;18;3096;333
41;18;627;333
42;18;626;333
43;18;623;333
44;18;287;333
45;18;287;333
46;18;287;333
2;19;629;333
3;19;628;333
4;19;626;333
5;19;629;333
6;19;628;333
7;19;626;333
8;19;629;333
9;19;628;333
10;19;287;333
11;19;629;333
12;19;628;333
16;19;629;333
17;19;630;333
18;19;287;333
22;19;1265;333
23;19;3097;333
24;19;623;333
25;19;287;333
26;19;287;333
27;19;287;333
28;19;626;333
33;19;3100;333
38;19;2937;333
40;19;627;333
41;19;623;333
42;19;287;333
43;19;287;333
44;19;287;333
45;19;287;333
46;19;287;333
47;19;287;333
48;19;287;333
49;19;287;333
50;19;287;333
51;19;287;333
52;19;287;333
2;20;627;333
3;20;626;333
4;20;629;333
5;20;629;333
6;20;629;333
7;20;628;333
9;20;3095;333
10;20;597;333
16;20;627;333
17;20;623;333
18;20;287;333
19;20;598;333
20;20;598;333
21;20;598;333
22;20;598;333
23;20;287;333
24;20;287;333
25;20;287;333
26;20;287;333
27;20;622;333
28;20;628;333
32;20;3098;333
33;20;3098;333
34;20;3098;333
38;20;1266;333
39;20;3099;333
40;20;623;333
41;20;287;333
42;20;287;333
43;20;287;333
44;20;287;333
45;20;287;333
46;20;287;333
47;20;287;333
48;20;287;333
49;20;287;333
50;20;287;333
51;20;287;333
52;20;287;333
0;21;627;333
1;21;626;333
2;21;629;333
3;21;627;333
4;21;626;333
5;21;627;333
8;21;2038;333
9;21;3093;333
10;21;598;333
16;21;623;333
17;21;287;333
18;21;287;333
19;21;287;333
20;21;287;333
21;21;287;333
22;21;287;333
23;21;287;333
24;21;622;333
25;21;622;333
26;21;622;333
27;21;3100;333
30;21;627;333
31;21;626;333
32;21;627;333
33;21;626;333
34;21;627;333
35;21;626;333
39;21;627;333
40;21;623;333
41;21;287;333
42;21;287;333
43;21;287;333
44;21;287;333
45;21;287;333
46;21;287;333
47;21;287;333
48;21;287;333
49;21;287;333
50;21;287;333
51;21;287;333
52;21;287;333
0;22;629;333
1;22;628;333
2;22;627;333
3;22;629;333
4;22;628;333
5;22;626;333
7;22;3101;333
8;22;1783;333
9;22;3093;333
10;22;287;333
11;22;627;333
12;22;626;333
14;22;1266;333
16;22;629;333
17;22;622;333
18;22;622;333
19;22;622;333
19;22;624;333
20;22;622;333
21;22;622;333
22;22;622;333
23;22;622;333
24;22;628;333
25;22;915;333
26;22;3099;333
30;22;623;333
31;22;287;333
32;22;629;333
33;22;628;333
34;22;629;333
35;22;628;333
36;22;915;333
37;22;3097;333
38;22;627;333
39;22;623;333
40;22;287;333
41;22;287;333
42;22;287;333
43;22;287;333
44;22;622;333
45;22;622;333
46;22;630;333
47;22;287;333
48;22;287;333
49;22;287;333
50;22;287;333
51;22;287;333
52;22;287;333
0;23;627;333
1;23;626;333
2;23;626;333
3;23;629;333
4;23;628;333
9;23;623;333
10;23;287;333
11;23;629;333
12;23;628;333
18;23;1266;333
28;23;2937;333
29;23;3098;333
30;23;623;333
31;23;287;333
32;23;287;333
33;23;287;333
34;23;287;333
35;23;627;333
36;23;626;333
37;23;627;333
38;23;623;333
39;23;287;333
40;23;287;333
41;23;287;333
42;23;287;333
43;23;287;333
44;23;626;333
45;23;3100;333
46;23;623;333
47;23;287;333
48;23;287;333
49;23;287;333
50;23;287;333
51;23;287;333
52;23;287;333
0;24;629;333
1;24;628;333
2;24;629;333
3;24;1783;333
8;24;627;333
9;24;626;333
10;24;287;333
11;24;627;333
12;24;626;333
13;24;3099;333
14;24;3096;333
21;24;1266;333
28;24;1272;333
29;24;627;333
30;24;623;333
31;24;287;333
32;24;287;333
33;24;287;333
34;24;287;333
35;24;629;333
36;24;628;333
37;24;623;333
38;24;287;333
39;24;287;333
40;24;287;333
41;24;287;333
42;24;287;333
43;24;622;333
44;24;628;333
45;24;914;333
46;24;629;333
47;24;630;333
48;24;287;333
49;24;287;333
50;24;287;333
51;24;287;333
52;24;287;333
52;24;287;333
0;25;629;333
1;25;3094;333
2;25;2038;333
6;25;627;333
7;25;626;333
8;25;629;333
9;25;628;333
10;25;287;333
11;25;629;333
12;25;628;333
13;25;627;333
14;25;626;333
15;25;627;333
16;25;626;333
17;25;3099;333
18;25;3096;333
19;25;3096;333
20;25;3097;333
21;25;629;333
22;25;629;333
23;25;3100;333
24;25;627;333
25;25;626;333
28;25;3093;333
29;25;623;333
30;25;287;333
31;25;287;333
32;25;287;333
33;25;287;333
34;25;287;333
35;25;287;333
36;25;287;333
37;25;623;333
38;25;287;333
39;25;287;333
40;25;287;333
41;25;287;333
42;25;287;333
43;25;3099;333
44;25;3095;333
46;25;914;333
47;25;629;333
48;25;622;333
48;25;624;333
49;25;622;333
50;25;630;333
51;25;287;333
52;25;287;333
52;25;287;333
2;26;3101;333
3;26;2937;333
6;26;629;333
7;26;628;333
8;26;627;333
9;26;287;333
10;26;287;333
11;26;287;333
12;26;287;333
13;26;629;333
14;26;628;333
15;26;629;333
16;26;628;333
17;26;287;333
18;26;287;333
19;26;287;333
20;26;287;333
21;26;287;333
21;26;629;333
22;26;287;333
22;26;629;333
23;26;287;333
24;26;287;333
25;26;628;333
29;26;623;333
30;26;287;333
31;26;287;333
32;26;287;333
33;26;622;333
34;26;622;333
35;26;622;333
36;26;630;333
37;26;287;333
38;26;287;333
39;26;287;333
40;26;287;333
41;26;287;333
42;26;287;333
43;26;626;333
46;26;1265;333
49;26;3097;333
50;26;623;333
51;26;287;333
52;26;287;333
52;26;287;333
53;26;287;333
54;26;287;333
55;26;287;333
56;26;287;333
3;27;3096;333
5;27;627;333
6;27;629;333
7;27;628;333
8;27;629;333
9;27;287;333
10;27;287;333
11;27;287;333
12;27;287;333
13;27;287;333
14;27;287;333
15;27;287;333
16;27;287;333
17;27;287;333
18;27;287;333
19;27;287;333
20;27;287;333
21;27;287;333
22;27;287;333
23;27;287;333
24;27;287;333
25;27;627;333
26;27;626;333
27;27;627;333
28;27;626;333
29;27;623;333
30;27;287;333
31;27;287;333
32;27;626;333
33;27;628;333
34;27;3099;333
35;27;3098;333
36;27;629;333
37;27;622;333
38;27;630;333
39;27;287;333
40;27;287;333
41;27;287;333
42;27;622;333
43;27;628;333
46;27;2937;333
50;27;623;333
51;27;287;333
52;27;287;333
52;27;287;333
53;27;287;333
54;27;287;333
55;27;287;333
56;27;287;333
0;28;1783;333
3;28;627;333
4;28;626;333
5;28;626;333
6;28;627;333
7;28;626;333
8;28;629;333
9;28;622;333
10;28;630;333
11;28;287;333
12;28;287;333
13;28;287;333
14;28;287;333
15;28;287;333
16;28;287;333
17;28;287;333
18;28;287;333
19;28;622;333
20;28;622;333
21;28;622;333
22;28;630;333
23;28;287;333
24;28;287;333
25;28;629;333
26;28;628;333
27;28;629;333
28;28;628;333
29;28;623;333
30;28;287;333
31;28;287;333
32;28;626;333
33;28;627;333
34;28;626;333
36;28;28;333
37;28;915;333
38;28;629;333
39;28;630;333
40;28;287;333
41;28;287;333
42;28;626;333
50;28;629;333
51;28;622;333
52;28;622;333
53;28;622;333
54;28;630;333
55;28;287;333
56;28;287;333
57;28;287;333
58;28;287;333
59;28;287;333
60;28;287;333
2;29;626;333
3;29;629;333
4;29;628;333
5;29;627;333
6;29;627;333
7;29;626;333
8;29;627;333
9;29;626;333
10;29;629;333
11;29;622;333
12;29;622;333
13;29;622;333
14;29;622;333
15;29;622;333
16;29;622;333
17;29;622;333
18;29;622;333
19;29;628;333
22;29;623;333
23;29;287;333
24;29;287;333
25;29;287;333
26;29;287;333
27;29;287;333
28;29;287;333
29;29;287;333
30;29;287;333
31;29;287;333
32;29;287;333
33;29;629;333
34;29;628;333
38;29;914;333
39;29;623;333
40;29;287;333
41;29;622;333
42;29;628;333
44;29;1266;333
46;29;627;333
47;29;626;333
53;29;3098;333
54;29;629;333
55;29;630;333
56;29;287;333
57;29;287;333
58;29;287;333
59;29;287;333
60;29;287;333
0;30;629;333
1;30;628;333
2;30;628;333
3;30;627;333
4;30;626;333
5;30;626;333
6;30;629;333
7;30;628;333
8;30;629;333
9;30;628;333
14;30;629;333
15;30;622;333
16;30;628;333
22;30;629;333
23;30;630;333
24;30;287;333
25;30;287;333
26;30;287;333
27;30;287;333
28;30;287;333
29;30;287;333
30;30;287;333
31;30;287;333
32;30;287;333
33;30;627;333
34;30;626;333
36;30;1272;333
37;30;1272;333
38;30;3093;333
39;30;623;333
40;30;287;333
41;30;626;333
42;30;914;333
45;30;627;333
46;30;626;333
47;30;628;333
54;30;1272;333
54;30;3095;333
55;30;629;333
56;30;630;333
57;30;287;333
58;30;287;333
59;30;287;333
60;30;287;333
0;31;629;333
1;31;628;333
2;31;626;333
3;31;627;333
4;31;626;333
5;31;627;333
6;31;627;333
7;31;626;333
22;31;629;333
23;31;629;333
24;31;630;333
25;31;287;333
26;31;287;333
27;31;287;333
28;31;287;333
29;31;287;333
30;31;287;333
31;31;287;333
32;31;287;333
33;31;629;333
34;31;628;333
39;31;629;333
40;31;622;333
41;31;628;333
44;31;627;333
45;31;629;333
46;31;628;333
47;31;626;333
48;31;623;333
49;31;627;333
50;31;626;333
54;31;2038;333
55;31;1246;333
56;31;629;333
57;31;630;333
58;31;287;333
59;31;287;333
60;31;287;333
61;31;287;333
0;32;627;333
1;32;626;333
2;32;627;333
3;32;626;333
4;32;628;333
5;32;626;333
6;32;629;333
7;32;628;333
23;32;629;333
24;32;623;333
25;32;287;333
26;32;287;333
27;32;287;333
28;32;287;333
29;32;287;333
30;32;287;333
31;32;287;333
32;32;287;333
33;32;3100;333
36;32;2937;333
39;32;1265;333
43;32;627;333
44;32;623;333
45;32;287;333
46;32;287;333
47;32;287;333
48;32;287;333
49;32;629;333
50;32;628;333
56;32;3098;333
57;32;629;333
58;32;630;333
59;32;287;333
60;32;287;333
61;32;287;333
62;32;287;333
63;32;287;333
64;32;287;333
65;32;287;333
0;33;627;333
1;33;626;333
2;33;629;333
3;33;628;333
4;33;629;333
5;33;628;333
24;33;629;333
25;33;622;333
26;33;622;333
27;33;622;333
28;33;630;333
29;33;287;333
30;33;287;333
31;33;287;333
32;33;287;333
33;33;287;333
41;33;3096;333
42;33;915;333
43;33;623;333
44;33;287;333
45;33;287;333
46;33;287;333
47;33;287;333
48;33;287;333
49;33;287;333
50;33;627;333
51;33;626;333
57;33;2927;333
58;33;629;333
59;33;622;333
60;33;622;333
61;33;622;333
62;33;622;333
63;33;630;333
64;33;287;333
65;33;287;333
0;34;629;333
1;34;628;333
2;34;626;333
3;34;629;333
28;34;629;333
29;34;630;333
30;34;287;333
31;34;287;333
32;34;287;333
33;34;287;333
34;34;287;333
35;34;3098;333
40;34;627;333
41;34;626;333
42;34;627;333
43;34;623;333
44;34;287;333
45;34;287;333
46;34;287;333
47;34;287;333
48;34;287;333
49;34;287;333
50;34;629;333
51;34;628;333
61;34;914;333
62;34;3099;333
63;34;623;333
64;34;287;333
65;34;287;333
0;35;627;333
1;35;629;333
2;35;628;333
29;35;629;333
30;35;622;333
31;35;630;333
32;35;287;333
33;35;287;333
34;35;287;333
35;35;287;333
37;35;3096;333
39;35;914;333
40;35;629;333
41;35;628;333
42;35;623;333
43;35;287;333
44;35;287;333
45;35;287;333
46;35;287;333
47;35;622;333
48;35;622;333
49;35;622;333
50;35;628;333
55;35;1272;333
56;35;627;333
57;35;626;333
58;35;626;333
59;35;626;333
61;35;627;333
62;35;623;333
63;35;287;333
64;35;287;333
65;35;287;333
0;36;629;333
1;36;628;333
30;36;629;333
31;36;629;333
32;36;630;333
33;36;287;333
34;36;287;333
35;36;287;333
36;36;287;333
37;36;287;333
38;36;287;333
39;36;287;333
40;36;287;333
41;36;287;333
42;36;287;333
43;36;287;333
44;36;287;333
45;36;287;333
46;36;287;333
47;36;627;333
48;36;626;333
49;36;3094;333
56;36;623;333
57;36;287;333
58;36;287;333
59;36;626;333
61;36;623;333
62;36;287;333
63;36;287;333
64;36;287;333
65;36;287;333
32;37;629;333
33;37;630;333
34;37;287;333
35;37;287;333
36;37;287;333
37;37;287;333
38;37;287;333
39;37;287;333
40;37;287;333
41;37;287;333
42;37;287;333
43;37;287;333
44;37;287;333
45;37;287;333
46;37;287;333
47;37;629;333
48;37;627;333
49;37;626;333
50;37;627;333
51;37;626;333
53;37;1265;333
56;37;629;333
57;37;630;333
58;37;287;333
59;37;626;333
60;37;3093;333
61;37;623;333
62;37;287;333
63;37;287;333
64;37;287;333
65;37;287;333
33;38;629;333
34;38;622;333
35;38;622;333
36;38;630;333
37;38;287;333
38;38;287;333
39;38;287;333
40;38;287;333
41;38;287;333
42;38;287;333
43;38;287;333
44;38;287;333
45;38;287;333
46;38;287;333
47;38;287;333
48;38;629;333
49;38;628;333
50;38;629;333
51;38;628;333
56;38;1246;333
57;38;629;333
58;38;622;333
59;38;628;333
61;38;623;333
62;38;287;333
63;38;287;333
64;38;287;333
65;38;287;333
34;39;627;333
35;39;626;333
36;39;629;333
37;39;622;333
38;39;622;333
39;39;622;333
40;39;622;333
41;39;622;333
42;39;622;333
43;39;622;333
44;39;630;333
45;39;287;333
46;39;287;333
47;39;287;333
48;39;287;333
49;39;627;333
50;39;626;333
61;39;629;333
62;39;630;333
63;39;287;333
64;39;287;333
65;39;287;333
34;40;623;333
35;40;287;333
36;40;287;333
37;40;626;333
38;40;629;333
39;40;628;333
40;40;623;333
41;40;287;333
42;40;287;333
43;40;287;333
44;40;623;333
45;40;287;333
46;40;287;333
47;40;287;333
48;40;287;333
49;40;629;333
50;40;628;333
51;40;3098;333
61;40;3097;333
62;40;629;333
63;40;630;333
64;40;287;333
65;40;287;333
12;41;626;333
34;41;623;333
35;41;287;333
36;41;287;333
37;41;626;333
38;41;627;333
39;41;626;333
40;41;623;333
41;41;287;333
42;41;287;333
43;41;287;333
44;41;623;333
45;41;287;333
46;41;287;333
47;41;287;333
48;41;622;333
49;41;628;333
54;41;1266;333
58;41;3098;333
59;41;627;333
60;41;626;333
61;41;627;333
62;41;627;333
63;41;623;333
64;41;287;333
65;41;287;333
11;42;627;333
12;42;626;333
33;42;629;333
34;42;629;333
35;42;622;333
36;42;622;333
37;42;628;333
38;42;629;333
39;42;628;333
40;42;623;333
41;42;287;333
42;42;287;333
43;42;287;333
44;42;623;333
45;42;287;333
46;42;287;333
47;42;622;333
48;42;628;333
55;42;3100;333
56;42;627;333
57;42;626;333
58;42;627;333
59;42;629;333
60;42;628;333
61;42;623;333
62;42;287;333
63;42;287;333
64;42;287;333
65;42;287;333
9;43;627;333
10;43;626;333
11;43;629;333
12;43;628;333
13;43;626;333
33;43;627;333
34;43;626;333
35;43;627;333
36;43;626;333
39;43;629;333
40;43;629;333
41;43;622;333
42;43;622;333
43;43;622;333
44;43;623;333
45;43;287;333
46;43;287;333
47;43;1246;333
48;43;3100;333
55;43;2038;333
56;43;629;333
57;43;628;333
58;43;623;333
59;43;287;333
60;43;287;333
61;43;287;333
62;43;287;333
63;43;287;333
64;43;287;333
8;44;627;333
9;44;629;333
10;44;628;333
11;44;626;333
12;44;627;333
13;44;626;333
33;44;629;333
34;44;628;333
35;44;629;333
36;44;628;333
42;44;627;333
43;44;626;333
44;44;623;333
45;44;287;333
46;44;287;333
47;44;3094;333
57;44;3093;333
58;44;629;333
59;44;630;333
60;44;287;333
61;44;287;333
62;44;287;333
63;44;287;333
64;44;287;333
7;45;627;333
8;45;623;333
9;45;287;333
10;45;287;333
11;45;287;333
12;45;629;333
13;45;628;333
14;45;627;333
15;45;626;333
42;45;629;333
43;45;628;333
44;45;623;333
45;45;287;333
46;45;287;333
49;45;3096;333
56;45;29;333
58;45;627;333
59;45;623;333
60;45;287;333
61;45;287;333
62;45;287;333
63;45;287;333
64;45;287;333
5;46;627;333
6;46;626;333
7;46;629;333
8;46;623;333
9;46;287;333
10;46;287;333
11;46;287;333
12;46;627;333
13;46;626;333
14;46;629;333
15;46;628;333
43;46;629;333
44;46;623;333
45;46;287;333
46;46;287;333
47;46;287;333
48;46;3100;333
49;46;627;333
50;46;626;333
52;46;1265;333
57;46;2038;333
58;46;629;333
59;46;622;333
60;46;630;333
61;46;287;333
62;46;287;333
63;46;287;333
64;46;287;333
2;47;626;333
3;47;627;333
4;47;626;333
5;47;629;333
6;47;628;333
7;47;627;333
8;47;623;333
9;47;287;333
10;47;287;333
11;47;287;333
12;47;623;333
13;47;287;333
14;47;287;333
15;47;287;333
44;47;629;333
45;47;630;333
46;47;287;333
47;47;287;333
48;47;287;333
49;47;629;333
50;47;628;333
56;47;422;333
57;47;1266;333
58;47;914;333
59;47;3098;333
60;47;629;333
61;47;630;333
62;47;287;333
63;47;287;333
64;47;287;333
0;48;627;333
1;48;626;333
2;48;627;333
3;48;629;333
4;48;628;333
5;48;627;333
6;48;626;333
7;48;629;333
8;48;629;333
9;48;622;333
10;48;622;333
11;48;622;333
12;48;628;333
13;48;287;333
14;48;287;333
15;48;287;333
44;48;626;333
45;48;623;333
46;48;287;333
47;48;287;333
48;48;287;333
49;48;287;333
50;48;626;333
58;48;2926;333
59;48;627;333
60;48;626;333
61;48;623;333
62;48;287;333
63;48;287;333
64;48;287;333
0;49;629;333
1;49;628;333
2;49;629;333
3;49;629;333
4;49;628;333
5;49;629;333
6;49;628;333
7;49;627;333
8;49;627;333
9;49;629;333
10;49;628;333
11;49;623;333
12;49;287;333
13;49;287;333
14;49;287;333
15;49;287;333
16;49;287;333
44;49;627;333
45;49;623;333
46;49;287;333
47;49;287;333
48;49;287;333
49;49;622;333
50;49;628;333
59;49;629;333
60;49;628;333
61;49;623;333
62;49;287;333
63;49;287;333
64;49;287;333
0;50;627;333
1;50;626;333
2;50;626;333
3;50;629;333
4;50;627;333
5;50;629;333
6;50;628;333
7;50;629;333
8;50;623;333
9;50;287;333
10;50;287;333
11;50;287;333
12;50;287;333
13;50;287;333
14;50;287;333
15;50;287;333
16;50;287;333
44;50;623;333
45;50;287;333
46;50;287;333
47;50;287;333
48;50;622;333
49;50;915;333
58;50;1265;333
60;50;629;333
61;50;287;333
62;50;287;333
63;50;287;333
64;50;287;333
0;51;629;333
1;51;628;333
2;51;626;333
3;51;627;333
4;51;629;333
5;51;628;333
6;51;627;333
7;51;626;333
8;51;623;333
9;51;287;333
10;51;287;333
11;51;287;333
12;51;287;333
13;51;287;333
14;51;287;333
15;51;287;333
16;51;287;333
17;51;287;333
18;51;287;333
44;51;623;333
45;51;287;333
46;51;622;333
47;51;622;333
48;51;628;333
54;51;915;333
55;51;627;333
56;51;626;333
57;51;627;333
58;51;626;333
61;51;597;333
62;51;597;333
63;51;287;333
64;51;287;333
0;52;629;333
1;52;628;333
2;52;628;333
3;52;629;333
4;52;627;333
5;52;626;333
6;52;623;333
7;52;287;333
8;52;287;333
9;52;287;333
10;52;287;333
11;52;287;333
12;52;287;333
13;52;287;333
14;52;287;333
15;52;287;333
16;52;287;333
17;52;287;333
18;52;287;333
19;52;287;333
43;52;627;333
44;52;623;333
45;52;287;333
46;52;627;333
47;52;626;333
50;52;1266;333
51;52;627;333
52;52;626;333
54;52;627;333
55;52;629;333
56;52;628;333
57;52;629;333
58;52;623;333
59;52;287;333
60;52;287;333
61;52;287;333
62;52;598;333
63;52;287;333
64;52;287;333
0;53;629;333
1;53;628;333
2;53;626;333
3;53;627;333
4;53;626;333
5;53;628;333
6;53;623;333
7;53;287;333
8;53;287;333
9;53;287;333
10;53;287;333
11;53;287;333
12;53;287;333
13;53;287;333
14;53;287;333
15;53;287;333
16;53;287;333
17;53;287;333
18;53;287;333
19;53;287;333
20;53;287;333
43;53;623;333
44;53;287;333
45;53;287;333
46;53;629;333
47;53;628;333
50;53;3099;333
51;53;629;333
52;53;628;333
53;53;627;333
54;53;623;333
55;53;287;333
56;53;287;333
57;53;287;333
58;53;287;333
59;53;287;333
60;53;597;333
61;53;598;333
62;53;597;333
63;53;287;333
64;53;287;333
0;54;629;333
1;54;628;333
2;54;627;333
3;54;626;333
4;54;628;333
5;54;626;333
6;54;623;333
7;54;287;333
8;54;287;333
9;54;287;333
10;54;287;333
11;54;287;333
12;54;287;333
13;54;287;333
14;54;287;333
15;54;287;333
16;54;287;333
17;54;287;333
18;54;287;333
19;54;287;333
20;54;287;333
42;54;626;333
43;54;623;333
44;54;287;333
45;54;287;333
46;54;627;333
47;54;626;333
50;54;627;333
51;54;626;333
52;54;626;333
53;54;623;333
54;54;287;333
55;54;287;333
56;54;287;333
57;54;287;333
58;54;287;333
59;54;287;333
60;54;598;333
61;54;287;333
62;54;287;333
63;54;287;333
64;54;287;333
0;55;627;333
1;55;626;333
2;55;629;333
3;55;628;333
4;55;627;333
5;55;626;333
6;55;623;333
7;55;287;333
8;55;287;333
9;55;287;333
10;55;287;333
11;55;287;333
12;55;287;333
13;55;287;333
14;55;287;333
15;55;287;333
16;55;287;333
17;55;287;333
18;55;287;333
19;55;287;333
20;55;287;333
21;55;287;333
22;55;627;333
41;55;627;333
42;55;626;333
43;55;623;333
44;55;287;333
45;55;287;333
46;55;629;333
47;55;628;333
50;55;623;333
50;55;625;333
51;55;287;333
52;55;287;333
53;55;287;333
54;55;287;333
55;55;287;333
56;55;287;333
57;55;287;333
58;55;287;333
59;55;598;333
60;55;597;333
61;55;287;333
62;55;287;333
0;56;629;333
1;56;628;333
2;56;623;333
3;56;287;333
4;56;287;333
5;56;287;333
6;56;623;333
7;56;287;333
8;56;287;333
9;56;287;333
10;56;287;333
11;56;287;333
12;56;287;333
13;56;287;333
14;56;287;333
15;56;287;333
16;56;287;333
17;56;287;333
18;56;287;333
19;56;287;333
20;56;287;333
21;56;287;333
22;56;629;333
41;56;623;333
42;56;287;333
43;56;287;333
44;56;287;333
45;56;287;333
46;56;626;333
47;56;3094;333
50;56;623;333
51;56;287;333
52;56;287;333
53;56;287;333
54;56;287;333
55;56;287;333
56;56;287;333
57;56;287;333
58;56;287;333
59;56;597;333
60;56;287;333
61;56;287;333
62;56;287;333
0;57;629;333
1;57;628;333
2;57;623;333
3;57;287;333
4;57;287;333
5;57;287;333
6;57;623;333
7;57;287;333
8;57;287;333
9;57;287;333
10;57;287;333
11;57;287;333
12;57;287;333
13;57;287;333
14;57;287;333
15;57;287;333
16;57;287;333
17;57;287;333
18;57;287;333
19;57;287;333
20;57;287;333
21;57;287;333
41;57;623;333
42;57;287;333
43;57;287;333
44;57;287;333
45;57;287;333
46;57;628;333
50;57;629;333
51;57;622;333
52;57;630;333
53;57;287;333
54;57;287;333
55;57;287;333
56;57;287;333
57;57;597;333
58;57;596;333
59;57;598;333
60;57;287;333
61;57;287;333
62;57;287;333
0;58;627;333
1;58;626;333
2;58;623;333
3;58;287;333
4;58;287;333
5;58;287;333
6;58;623;333
7;58;287;333
8;58;287;333
9;58;287;333
10;58;287;333
11;58;287;333
12;58;287;333
13;58;287;333
14;58;287;333
15;58;287;333
16;58;287;333
17;58;287;333
18;58;287;333
19;58;287;333
20;58;627;333
21;58;629;333
39;58;627;333
40;58;626;333
41;58;623;333
42;58;287;333
43;58;287;333
44;58;287;333
45;58;287;333
46;58;626;333
49;58;1272;333
50;58;2038;333
51;58;915;333
52;58;629;333
53;58;630;333
54;58;287;333
55;58;287;333
56;58;287;333
57;58;599;333
58;58;287;333
59;58;287;333
60;58;287;333
61;58;287;333
62;58;287;333
62;58;287;333
63;58;287;333
63;58;287;333
64;58;287;333
0;59;629;333
1;59;628;333
2;59;623;333
3;59;287;333
4;59;287;333
5;59;287;333
6;59;623;333
7;59;287;333
8;59;287;333
9;59;287;333
10;59;287;333
11;59;287;333
12;59;287;333
13;59;287;333
14;59;287;333
15;59;287;333
16;59;287;333
17;59;287;333
18;59;287;333
19;59;287;333
20;59;623;333
38;59;626;333
39;59;629;333
40;59;628;333
41;59;623;333
42;59;287;333
43;59;287;333
44;59;287;333
45;59;287;333
46;59;628;333
49;59;3099;333
50;59;914;333
51;59;3097;333
52;59;627;333
53;59;630;333
54;59;287;333
55;59;287;333
56;59;287;333
57;59;597;333
58;59;287;333
59;59;287;333
60;59;287;333
61;59;287;333
62;59;287;333
63;59;287;333
64;59;287;333
65;59;287;333
66;59;287;333
67;59;287;333
68;59;287;333
0;60;627;333
1;60;626;333
2;60;629;333
3;60;622;333
4;60;622;333
5;60;622;333
6;60;623;333
7;60;287;333
8;60;287;333
9;60;287;333
10;60;287;333
11;60;287;333
12;60;287;333
13;60;287;333
14;60;287;333
15;60;287;333
16;60;287;333
17;60;287;333
18;60;287;333
19;60;287;333
20;60;623;333
21;60;287;333
34;60;623;333
35;60;287;333
36;60;287;333
37;60;287;333
38;60;287;333
39;60;287;333
40;60;287;333
41;60;287;333
42;60;287;333
43;60;287;333
44;60;287;333
45;60;287;333
46;60;626;333
49;60;623;333
50;60;626;333
51;60;626;333
52;60;623;333
53;60;287;333
54;60;287;333
55;60;287;333
56;60;287;333
57;60;599;333
58;60;597;333
59;60;596;333
60;60;597;333
61;60;596;333
62;60;597;333
63;60;287;333
64;60;287;333
65;60;287;333
66;60;287;333
67;60;287;333
68;60;287;333
0;61;629;333
1;61;628;333
2;61;629;333
3;61;629;333
4;61;627;333
5;61;626;333
6;61;623;333
7;61;287;333
8;61;287;333
9;61;287;333
10;61;287;333
11;61;287;333
12;61;287;333
13;61;287;333
14;61;287;333
15;61;287;333
16;61;287;333
17;61;287;333
18;61;287;333
19;61;287;333
20;61;623;333
21;61;287;333
34;61;623;333
35;61;287;333
36;61;287;333
37;61;287;333
38;61;287;333
39;61;287;333
40;61;287;333
41;61;287;333
42;61;287;333
43;61;287;333
44;61;287;333
45;61;287;333
46;61;628;333
49;61;623;333
50;61;287;333
51;61;287;333
52;61;287;333
53;61;287;333
54;61;287;333
55;61;287;333
56;61;287;333
57;61;287;333
58;61;287;333
59;61;287;333
60;61;287;333
61;61;287;333
62;61;597;333
63;61;287;333
64;61;287;333
65;61;287;333
66;61;287;333
67;61;287;333
68;61;287;333
0;62;627;333
1;62;626;333
2;62;626;333
3;62;626;333
4;62;629;333
5;62;628;333
6;62;629;333
7;62;622;333
8;62;630;333
9;62;287;333
10;62;287;333
11;62;287;333
12;62;287;333
13;62;287;333
14;62;287;333
15;62;287;333
16;62;287;333
17;62;287;333
18;62;287;333
19;62;287;333
20;62;629;333
21;62;622;333
25;62;626;333
26;62;627;333
31;62;623;333
32;62;287;333
33;62;287;333
34;62;287;333
35;62;287;333
36;62;287;333
37;62;287;333
38;62;287;333
39;62;287;333
40;62;287;333
41;62;287;333
42;62;622;333
43;62;622;333
44;62;622;333
45;62;622;333
46;62;628;333
49;62;629;333
50;62;630;333
51;62;287;333
52;62;287;333
53;62;287;333
54;62;287;333
55;62;287;333
56;62;287;333
57;62;287;333
58;62;287;333
59;62;287;333
60;62;287;333
61;62;287;333
62;62;598;333
63;62;622;333
64;62;630;333
65;62;287;333
66;62;287;333
67;62;287;333
68;62;287;333
0;63;629;333
1;63;628;333
2;63;627;333
3;63;626;333
4;63;627;333
5;63;627;333
6;63;626;333
7;63;629;333
8;63;629;333
9;63;622;333
10;63;630;333
11;63;287;333
12;63;287;333
13;63;287;333
14;63;287;333
15;63;287;333
16;63;287;333
17;63;287;333
18;63;287;333
19;63;287;333
20;63;629;333
21;63;628;333
22;63;629;333
23;63;628;333
24;63;629;333
25;63;626;333
26;63;623;333
27;63;287;333
28;63;287;333
29;63;287;333
30;63;287;333
31;63;287;333
32;63;287;333
33;63;287;333
34;63;287;333
35;63;287;333
36;63;287;333
37;63;287;333
38;63;287;333
39;63;287;333
40;63;287;333
41;63;287;333
42;63;626;333
43;63;3098;333
44;63;3099;333
45;63;914;333
49;63;627;333
50;63;623;333
51;63;287;333
52;63;287;333
53;63;287;333
54;63;287;333
55;63;287;333
56;63;287;333
57;63;287;333
58;63;287;333
59;63;287;333
60;63;287;333
61;63;622;333
63;63;3098;333
64;63;629;333
65;63;630;333
66;63;287;333
67;63;287;333
68;63;287;333
0;64;627;333
1;64;626;333
2;64;629;333
3;64;628;333
4;64;629;333
5;64;629;333
6;64;628;333
7;64;629;333
8;64;629;333
9;64;628;333
10;64;623;333
11;64;287;333
12;64;287;333
13;64;287;333
14;64;287;333
15;64;622;333
16;64;622;333
17;64;622;333
18;64;622;333
19;64;622;333
20;64;626;333
21;64;287;333
22;64;287;333
23;64;287;333
24;64;287;333
25;64;287;333
26;64;287;333
27;64;287;333
28;64;287;333
29;64;287;333
30;64;287;333
31;64;287;333
32;64;287;333
33;64;287;333
34;64;287;333
35;64;287;333
36;64;287;333
37;64;287;333
38;64;287;333
39;64;622;333
40;64;622;333
41;64;622;333
42;64;628;333
47;64;1272;333
48;64;2038;333
49;64;623;333
50;64;287;333
51;64;287;333
52;64;287;333
53;64;287;333
54;64;287;333
55;64;287;333
56;64;287;333
57;64;287;333
58;64;287;333
59;64;287;333
60;64;622;333
61;64;628;333
63;64;914;333
64;64;3099;333
65;64;629;333
66;64;630;333
67;64;287;333
68;64;287;333
69;64;287;333
70;64;287;333
0;65;627;333
1;65;626;333
2;65;627;333
3;65;626;333
4;65;627;333
5;65;626;333
6;65;627;333
7;65;627;333
8;65;626;333
9;65;628;333
10;65;629;333
11;65;630;333
12;65;287;333
13;65;287;333
14;65;287;333
15;65;629;333
16;65;628;333
17;65;629;333
18;65;628;333
19;65;629;333
20;65;628;333
21;65;287;333
22;65;287;333
23;65;287;333
24;65;287;333
25;65;287;333
26;65;287;333
27;65;287;333
28;65;287;333
29;65;287;333
30;65;287;333
31;65;287;333
32;65;287;333
33;65;287;333
34;65;287;333
35;65;287;333
36;65;287;333
37;65;287;333
38;65;287;333
39;65;626;333
41;65;914;333
44;65;1266;333
48;65;1245;333
49;65;629;333
50;65;622;333
50;65;624;333
51;65;622;333
52;65;622;333
53;65;630;333
54;65;287;333
55;65;287;333
56;65;287;333
57;65;287;333
58;65;287;333
59;65;287;333
60;65;627;333
61;65;626;333
64;65;1246;333
65;65;3100;333
66;65;629;333
67;65;630;333
68;65;287;333
69;65;287;333
70;65;287;333
0;66;629;333
1;66;628;333
2;66;627;333
3;66;626;333
4;66;627;333
5;66;626;333
6;66;629;333
7;66;629;333
8;66;628;333
9;66;628;333
10;66;629;333
11;66;629;333
12;66;623;333
13;66;623;333
14;66;630;333
15;66;287;333
16;66;287;333
17;66;287;333
18;66;287;333
19;66;287;333
20;66;287;333
21;66;287;333
22;66;287;333
23;66;287;333
24;66;287;333
25;66;287;333
26;66;287;333
27;66;287;333
28;66;287;333
29;66;287;333
30;66;287;333
31;66;287;333
32;66;287;333
33;66;287;333
34;66;287;333
35;66;287;333
36;66;622;333
37;66;622;333
38;66;622;333
39;66;628;333
52;66;3100;333
53;66;623;333
54;66;287;333
55;66;287;333
56;66;287;333
57;66;287;333
58;66;287;333
59;66;287;333
60;66;629;333
61;66;628;333
62;66;914;333
65;66;1272;333
66;66;3097;333
67;66;623;333
68;66;287;333
69;66;287;333
70;66;287;333
2;67;629;333
3;67;628;333
4;67;629;333
5;67;627;333
6;67;627;333
7;67;626;333
8;67;629;333
9;67;628;333
10;67;627;333
11;67;626;333
12;67;627;333
13;67;626;333
14;67;622;333
15;67;287;333
16;67;287;333
17;67;287;333
18;67;287;333
19;67;287;333
20;67;287;333
21;67;287;333
22;67;287;333
23;67;287;333
24;67;287;333
25;67;287;333
26;67;622;333
27;67;622;333
28;67;622;333
29;67;622;333
30;67;622;333
31;67;622;333
32;67;622;333
33;67;630;333
34;67;287;333
35;67;287;333
36;67;626;333
37;67;3099;333
38;67;1245;333
39;67;3095;333
42;67;3100;333
43;67;627;333
44;67;626;333
45;67;626;333
53;67;623;333
54;67;287;333
55;67;287;333
56;67;287;333
57;67;287;333
58;67;287;333
59;67;627;333
60;67;626;333
64;67;2937;333
66;67;914;333
67;67;623;333
68;67;287;333
69;67;287;333
70;67;287;333
5;68;629;333
6;68;629;333
7;68;627;333
8;68;626;333
9;68;626;333
10;68;629;333
11;68;628;333
12;68;627;333
13;68;626;333
14;68;622;333
15;68;287;333
15;68;287;333
16;68;287;333
17;68;287;333
18;68;287;333
19;68;287;333
20;68;622;333
21;68;630;333
22;68;287;333
23;68;287;333
24;68;287;333
25;68;287;333
26;68;626;333
29;68;914;333
30;68;3098;333
31;68;627;333
32;68;626;333
33;68;629;333
34;68;622;333
35;68;622;333
36;68;628;333
42;68;627;333
43;68;623;333
44;68;287;333
45;68;626;333
53;68;629;333
54;68;630;333
55;68;287;333
56;68;287;333
57;68;287;333
58;68;287;333
59;68;629;333
60;68;628;333
66;68;3093;333
67;68;623;333
67;68;625;333
68;68;287;333
69;68;287;333
70;68;287;333
7;69;629;333
8;69;627;333
9;69;626;333
10;69;626;333
11;69;627;333
12;69;623;333
13;69;287;333
14;69;287;333
15;69;287;333
16;69;287;333
17;69;287;333
18;69;622;333
19;69;622;333
20;69;628;333
21;69;629;333
22;69;622;333
23;69;622;333
24;69;622;333
25;69;622;333
26;69;628;333
27;69;626;333
30;69;3093;333
31;69;629;333
32;69;628;333
33;69;3100;333
35;69;3095;333
39;69;1266;333
41;69;2038;333
42;69;629;333
43;69;630;333
44;69;622;333
45;69;628;333
47;69;1272;333
48;69;2038;333
49;69;627;333
50;69;626;333
53;69;3099;333
54;69;629;333
55;69;630;333
56;69;287;333
57;69;287;333
58;69;287;333
59;69;626;333
60;69;627;333
61;69;626;333
66;69;3097;333
67;69;623;333
68;69;287;333
69;69;287;333
70;69;287;333
8;70;629;333
9;70;628;333
10;70;628;333
11;70;623;333
12;70;623;333
13;70;287;333
14;70;287;333
15;70;287;333
16;70;622;333
17;70;622;333
18;70;628;333
19;70;3095;333
23;70;914;333
25;70;914;333
26;70;629;333
27;70;628;333
42;70;3098;333
43;70;629;333
44;70;628;333
45;70;3095;333
47;70;3096;333
48;70;627;333
49;70;629;333
50;70;628;333
54;70;3098;333
55;70;623;333
56;70;287;333
57;70;287;333
58;70;287;333
59;70;287;333
60;70;629;333
61;70;628;333
65;70;3093;333
66;70;627;333
67;70;623;333
68;70;287;333
69;70;287;333
70;70;287;333
71;70;287;333
72;70;287;333
73;70;287;333
74;70;287;333
11;71;629;333
12;71;623;333
13;71;287;333
14;71;287;333
15;71;287;333
16;71;626;333
19;71;627;333
20;71;626;333
21;71;626;333
22;71;626;333
23;71;1265;333
30;71;3093;333
31;71;627;333
32;71;626;333
33;71;3100;333
34;71;3100;333
35;71;1245;333
43;71;1272;333
46;71;627;333
47;71;626;333
48;71;623;333
49;71;287;333
50;71;287;333
52;71;1265;333
55;71;629;333
56;71;630;333
57;71;287;333
58;71;287;333
59;71;287;333
60;71;287;333
61;71;627;333
62;71;626;333
66;71;623;333
67;71;287;333
68;71;287;333
69;71;287;333
70;71;287;333
71;71;287;333
72;71;287;333
73;71;287;333
74;71;287;333
12;72;623;333
13;72;287;333
14;72;287;333
15;72;287;333
16;72;626;333
19;72;623;333
20;72;287;333
21;72;287;333
22;72;626;333
25;72;1266;333
25;72;2937;333
29;72;2038;333
30;72;627;333
31;72;629;333
32;72;628;333
33;72;626;333
34;72;626;333
35;72;626;333
36;72;627;333
37;72;626;333
38;72;3096;333
45;72;914;333
46;72;623;333
47;72;287;333
48;72;287;333
49;72;287;333
50;72;287;333
51;72;287;333
55;72;3099;333
56;72;623;333
57;72;287;333
58;72;287;333
59;72;287;333
60;72;287;333
61;72;629;333
62;72;628;333
66;72;623;333
67;72;287;333
68;72;287;333
69;72;287;333
70;72;287;333
71;72;287;333
72;72;287;333
73;72;287;333
74;72;287;333
12;73;623;333
13;73;287;333
14;73;287;333
15;73;287;333
16;73;626;333
19;73;623;333
20;73;287;333
21;73;287;333
22;73;626;333
29;73;1246;333
30;73;623;333
30;73;625;333
31;73;287;333
32;73;287;333
33;73;287;333
34;73;287;333
35;73;287;333
36;73;629;333
37;73;628;333
41;73;3096;333
43;73;3096;333
44;73;3098;333
45;73;3098;333
46;73;623;333
47;73;287;333
48;73;287;333
49;73;287;333
50;73;287;333
51;73;287;333
56;73;629;333
57;73;630;333
58;73;287;333
59;73;287;333
60;73;287;333
61;73;287;333
62;73;627;333
63;73;626;333
65;73;3097;333
66;73;623;333
67;73;287;333
68;73;287;333
69;73;287;333
70;73;287;333
71;73;287;333
72;73;287;333
73;73;287;333
74;73;287;333
75;73;287;333
11;74;627;333
12;74;623;333
13;74;287;333
14;74;287;333
15;74;287;333
16;74;626;333
18;74;1246;333
19;74;629;333
20;74;622;333
21;74;622;333
22;74;628;333
26;74;1272;333
29;74;3098;333
30;74;623;333
31;74;287;333
32;74;287;333
33;74;287;333
34;74;287;333
35;74;287;333
36;74;287;333
37;74;287;333
38;74;627;333
39;74;626;333
43;74;626;333
44;74;626;333
45;74;626;333
46;74;623;333
47;74;287;333
48;74;287;333
49;74;287;333
50;74;287;333
51;74;287;333
52;74;3094;333
56;74;3100;333
57;74;623;333
58;74;287;333
59;74;287;333
60;74;287;333
61;74;287;333
62;74;629;333
63;74;628;333
65;74;1272;333
65;74;627;333
66;74;629;333
67;74;622;333
68;74;622;333
68;74;624;333
69;74;622;333
70;74;630;333
71;74;287;333
72;74;287;333
73;74;287;333
74;74;287;333
75;74;287;333
76;74;287;333
11;75;623;333
12;75;287;333
13;75;287;333
14;75;287;333
15;75;287;333
16;75;626;333
18;75;1266;333
20;75;2937;333
22;75;914;333
26;75;3093;333
27;75;627;333
28;75;626;333
29;75;3100;333
30;75;623;333
31;75;287;333
32;75;287;333
33;75;287;333
34;75;287;333
35;75;287;333
36;75;287;333
37;75;287;333
38;75;629;333
39;75;628;333
40;75;627;333
41;75;626;333
42;75;626;333
43;75;287;333
44;75;287;333
45;75;287;333
46;75;287;333
47;75;287;333
48;75;287;333
49;75;287;333
50;75;287;333
51;75;287;333
52;75;287;333
54;75;1265;333
57;75;629;333
58;75;630;333
59;75;287;333
60;75;287;333
61;75;287;333
62;75;626;333
63;75;3097;333
65;75;629;333
66;75;628;333
67;75;3095;333
68;75;914;333
69;75;3100;333
70;75;623;333
71;75;287;333
72;75;287;333
73;75;287;333
74;75;287;333
75;75;287;333
76;75;287;333
11;76;623;333
12;76;287;333
13;76;287;333
14;76;287;333
15;76;622;333
16;76;628;333
26;76;2038;333
27;76;629;333
28;76;627;333
29;76;626;333
30;76;623;333
31;76;287;333
32;76;287;333
33;76;287;333
34;76;287;333
35;76;287;333
36;76;287;333
37;76;287;333
38;76;287;333
39;76;287;333
40;76;287;333
41;76;287;333
42;76;287;333
43;76;287;333
44;76;287;333
45;76;287;333
46;76;287;333
47;76;287;333
48;76;287;333
49;76;287;333
50;76;287;333
51;76;287;333
52;76;287;333
56;76;1265;333
57;76;3098;333
58;76;629;333
59;76;622;333
60;76;622;333
61;76;622;333
62;76;628;333
63;76;626;333
68;76;1266;333
70;76;629;333
71;76;630;333
72;76;287;333
73;76;287;333
74;76;287;333
75;76;287;333
76;76;287;333
77;76;287;333
10;77;626;333
11;77;623;333
12;77;287;333
13;77;287;333
14;77;287;333
15;77;627;333
16;77;626;333
18;77;627;333
19;77;626;333
26;77;1246;333
27;77;3093;333
28;77;629;333
29;77;628;333
30;77;623;333
31;77;287;333
32;77;287;333
33;77;287;333
34;77;287;333
35;77;287;333
36;77;287;333
37;77;287;333
38;77;287;333
39;77;287;333
40;77;287;333
41;77;287;333
42;77;287;333
43;77;287;333
44;77;287;333
45;77;287;333
46;77;287;333
47;77;287;333
48;77;287;333
49;77;287;333
50;77;287;333
51;77;287;333
52;77;287;333
53;77;3094;333
59;77;2937;333
60;77;3095;333
61;77;915;333
62;77;629;333
63;77;628;333
71;77;629;333
72;77;630;333
73;77;287;333
74;77;287;333
75;77;287;333
76;77;287;333
77;77;287;333
78;77;287;333
9;78;627;333
10;78;626;333
11;78;623;333
12;78;287;333
13;78;287;333
14;78;287;333
15;78;629;333
16;78;628;333
17;78;627;333
18;78;626;333
19;78;628;333
20;78;1272;333
22;78;1266;333
26;78;627;333
27;78;626;333
28;78;627;333
29;78;626;333
30;78;623;333
31;78;287;333
32;78;287;333
33;78;287;333
34;78;287;333
35;78;287;333
36;78;287;333
37;78;287;333
38;78;287;333
39;78;287;333
40;78;287;333
41;78;287;333
42;78;287;333
43;78;287;333
44;78;287;333
45;78;287;333
46;78;287;333
47;78;287;333
48;78;287;333
49;78;287;333
50;78;287;333
51;78;287;333
52;78;287;333
53;78;287;333
54;78;287;333
57;78;1265;333
71;78;2038;333
72;78;629;333
73;78;630;333
74;78;287;333
75;78;287;333
76;78;287;333
77;78;287;333
78;78;287;333
79;78;287;333
80;78;287;333
81;78;287;333
9;79;629;333
10;79;628;333
11;79;623;333
12;79;287;333
12;79;3100;333
13;79;287;333
14;79;287;333
15;79;627;333
16;79;626;333
17;79;629;333
18;79;628;333
19;79;3094;333
26;79;629;333
27;79;628;333
28;79;629;333
29;79;628;333
30;79;623;333
31;79;287;333
32;79;287;333
33;79;622;333
34;79;622;333
35;79;622;333
36;79;622;333
37;79;630;333
38;79;287;333
39;79;287;333
40;79;287;333
41;79;287;333
42;79;287;333
43;79;287;333
44;79;287;333
45;79;287;333
46;79;287;333
47;79;287;333
48;79;287;333
49;79;287;333
50;79;287;333
51;79;287;333
52;79;287;333
53;79;287;333
54;79;287;333
64;79;1266;333
72;79;915;333
73;79;629;333
74;79;630;333
75;79;287;333
76;79;287;333
77;79;287;333
78;79;287;333
79;79;287;333
80;79;287;333
81;79;287;333
10;80;627;333
11;80;623;333
12;80;287;333
13;80;287;333
14;80;287;333
15;80;629;333
16;80;628;333
17;80;3099;333
18;80;3100;333
21;80;627;333
22;80;626;333
23;80;626;333
24;80;626;333
25;80;626;333
26;80;626;333
27;80;626;333
28;80;626;333
29;80;626;333
30;80;623;333
31;80;287;333
32;80;287;333
33;80;627;333
34;80;626;333
35;80;627;333
36;80;626;333
37;80;629;333
38;80;622;333
39;80;622;333
40;80;622;333
41;80;622;333
42;80;630;333
43;80;287;333
44;80;287;333
45;80;287;333
46;80;287;333
47;80;287;333
48;80;287;333
49;80;287;333
50;80;287;333
51;80;287;333
52;80;287;333
53;80;287;333
54;80;287;333
55;80;3094;333
60;80;1272;333
72;80;1265;333
73;80;3093;333
74;80;629;333
75;80;630;333
76;80;287;333
77;80;287;333
78;80;287;333
79;80;287;333
80;80;287;333
81;80;287;333
10;81;629;333
11;81;623;333
12;81;287;333
13;81;287;333
14;81;287;333
15;81;627;333
16;81;626;333
17;81;3100;333
18;81;1265;333
20;81;3093;333
21;81;623;333
22;81;287;333
23;81;287;333
24;81;287;333
25;81;287;333
26;81;287;333
27;81;287;333
28;81;287;333
29;81;287;333
30;81;287;333
31;81;287;333
32;81;287;333
33;81;629;333
34;81;627;333
35;81;626;333
42;81;629;333
43;81;622;333
44;81;630;333
45;81;287;333
46;81;287;333
47;81;287;333
48;81;287;333
49;81;287;333
50;81;287;333
51;81;287;333
52;81;287;333
53;81;287;333
54;81;287;333
55;81;287;333
56;81;287;333
74;81;333;333
75;81;629;333
76;81;630;333
77;81;287;333
78;81;287;333
79;81;287;333
80;81;287;333
81;81;287;333
82;81;287;333
83;81;287;333
0;82;1807;333
10;82;627;333
11;82;623;333
12;82;287;333
13;82;287;333
14;82;287;333
15;82;629;333
21;82;623;333
22;82;287;333
23;82;287;333
24;82;287;333
25;82;287;333
26;82;287;333
27;82;622;333
28;82;622;333
29;82;622;333
30;82;622;333
31;82;622;333
32;82;622;333
33;82;628;333
34;82;629;333
35;82;628;333
44;82;629;333
45;82;622;333
46;82;622;333
47;82;622;333
48;82;630;333
49;82;287;333
50;82;287;333
51;82;287;333
52;82;287;333
53;82;287;333
54;82;287;333
55;82;287;333
56;82;287;333
57;82;3098;333
76;82;629;333
77;82;622;333
78;82;622;333
79;82;630;333
80;82;287;333
81;82;287;333
82;82;287;333
83;82;287;333
84;82;287;333
85;82;287;333
0;83;1783;333
10;83;629;333
11;83;623;333
12;83;287;333
13;83;287;333
14;83;287;333
15;83;287;333
16;83;287;333
20;83;3097;333
21;83;623;333
22;83;287;333
23;83;287;333
24;83;287;333
25;83;287;333
26;83;287;333
27;83;626;333
28;83;627;333
29;83;626;333
30;83;629;333
31;83;628;333
48;83;629;333
49;83;622;333
50;83;622;333
51;83;630;333
52;83;287;333
53;83;287;333
54;83;287;333
55;83;287;333
56;83;287;333
57;83;3098;333
58;83;3097;333
59;83;627;333
60;83;626;333
61;83;627;333
62;83;626;333
63;83;626;333
64;83;3098;333
67;83;1266;333
77;83;915;333
78;83;3099;333
79;83;629;333
80;83;622;333
81;83;630;333
82;83;287;333
83;83;287;333
84;83;287;333
85;83;287;333
9;84;627;333
10;84;626;333
11;84;623;333
12;84;287;333
13;84;287;333
14;84;287;333
15;84;287;333
16;84;287;333
20;84;629;333
21;84;630;333
22;84;287;333
23;84;287;333
24;84;287;333
25;84;287;333
26;84;287;333
27;84;628;333
28;84;629;333
29;84;628;333
49;84;629;333
50;84;628;333
51;84;623;333
52;84;287;333
53;84;287;333
54;84;287;333
55;84;287;333
56;84;287;333
57;84;287;333
58;84;287;333
59;84;287;333
60;84;628;333
61;84;623;333
62;84;287;333
63;84;626;333
64;84;627;333
65;84;626;333
72;84;1265;333
80;84;3093;333
81;84;629;333
82;84;622;333
83;84;630;333
84;84;287;333
85;84;287;333
8;85;627;333
9;85;629;333
10;85;628;333
11;85;629;333
12;85;622;333
13;85;630;333
14;85;287;333
15;85;287;333
16;85;287;333
20;85;627;333
21;85;623;333
22;85;287;333
23;85;287;333
24;85;287;333
25;85;287;333
26;85;287;333
27;85;629;333
28;85;627;333
29;85;626;333
51;85;623;333
52;85;287;333
53;85;287;333
54;85;287;333
55;85;287;333
56;85;287;333
57;85;287;333
58;85;287;333
59;85;287;333
60;85;626;333
61;85;629;333
62;85;622;333
63;85;628;333
64;85;629;333
65;85;628;333
66;85;3098;333
73;85;2926;333
78;85;1272;333
82;85;3098;333
83;85;623;333
84;85;287;333
85;85;287;333
86;85;287;333
87;85;287;333
88;85;287;333
8;86;629;333
9;86;623;333
10;86;287;333
11;86;287;333
12;86;627;333
13;86;623;333
14;86;287;333
15;86;287;333
16;86;287;333
17;86;1272;333
20;86;623;333
21;86;287;333
22;86;287;333
23;86;287;333
24;86;287;333
25;86;287;333
26;86;622;333
27;86;628;333
28;86;629;333
29;86;628;333
51;86;629;333
52;86;622;333
53;86;622;333
54;86;622;333
55;86;630;333
56;86;287;333
57;86;287;333
58;86;287;333
59;86;287;333
60;86;626;333
61;86;626;333
62;86;626;333
63;86;626;333
63;86;626;333
64;86;627;333
65;86;626;333
66;86;626;333
67;86;1246;333
74;86;627;333
75;86;626;333
82;86;914;333
83;86;623;333
84;86;287;333
85;86;287;333
86;86;287;333
87;86;287;333
88;86;287;333
8;87;627;333
9;87;623;333
10;87;287;333
11;87;287;333
12;87;629;333
13;87;623;333
14;87;287;333
15;87;287;333
16;87;287;333
20;87;623;333
21;87;287;333
22;87;287;333
23;87;287;333
24;87;287;333
25;87;287;333
26;87;626;333
53;87;627;333
54;87;626;333
55;87;623;333
56;87;287;333
57;87;287;333
58;87;287;333
59;87;287;333
60;87;287;333
61;87;287;333
62;87;287;333
63;87;626;333
64;87;623;333
65;87;287;333
66;87;626;333
67;87;627;333
68;87;626;333
74;87;629;333
75;87;628;333
76;87;914;333
83;87;629;333
84;87;622;333
85;87;622;333
86;87;630;333
87;87;287;333
88;87;287;333
8;88;629;333
9;88;630;333
10;88;622;333
11;88;622;333
12;88;627;333
13;88;623;333
14;88;287;333
15;88;287;333
16;88;287;333
19;88;627;333
20;88;629;333
21;88;28;333
22;88;630;333
23;88;287;333
24;88;287;333
25;88;287;333
26;88;628;333
53;88;629;333
54;88;628;333
55;88;623;333
56;88;287;333
57;88;287;333
58;88;287;333
59;88;287;333
60;88;287;333
61;88;287;333
62;88;287;333
63;88;626;333
64;88;629;333
65;88;622;333
66;88;628;333
67;88;629;333
68;88;628;333
69;88;3097;333
72;88;1265;333
74;88;2038;333
75;88;3097;333
76;88;627;333
77;88;626;333
78;88;627;333
79;88;626;333
84;88;915;333
85;88;3098;333
86;88;623;333
87;88;287;333
88;88;287;333
9;89;629;333
10;89;627;333
11;89;626;333
12;89;623;333
13;89;287;333
14;89;287;333
15;89;287;333
16;89;287;333
17;89;3094;333
19;89;629;333
20;89;628;333
22;89;623;333
23;89;287;333
24;89;287;333
25;89;287;333
53;89;629;333
54;89;626;333
55;89;623;333
56;89;287;333
57;89;287;333
58;89;287;333
59;89;287;333
60;89;287;333
61;89;287;333
62;89;287;333
63;89;287;333
64;89;287;333
65;89;627;333
66;89;626;333
67;89;627;333
68;89;626;333
69;89;626;333
75;89;3099;333
76;89;629;333
77;89;627;333
78;89;629;333
79;89;628;333
82;89;1265;333
85;89;627;333
86;89;623;333
87;89;287;333
88;89;287;333
9;90;629;333
10;90;629;333
11;90;628;333
12;90;623;333
13;90;287;333
14;90;287;333
15;90;287;333
16;90;287;333
17;90;3100;333
18;90;1265;333
22;90;623;333
23;90;287;333
24;90;287;333
25;90;287;333
54;90;629;333
55;90;629;333
56;90;622;333
57;90;622;333
58;90;630;333
59;90;287;333
60;90;287;333
61;90;287;333
62;90;287;333
63;90;287;333
64;90;287;333
65;90;629;333
66;90;628;333
67;90;623;333
68;90;287;333
69;90;626;333
76;90;3093;333
77;90;623;333
78;90;287;333
79;90;287;333
85;90;623;333
86;90;287;333
87;90;287;333
88;90;287;333
10;91;627;333
11;91;626;333
12;91;623;333
13;91;287;333
14;91;287;333
15;91;287;333
16;91;3099;333
17;91;626;333
21;91;3098;333
22;91;623;333
23;91;287;333
24;91;287;333
25;91;287;333
58;91;629;333
59;91;622;333
60;91;622;333
61;91;630;333
62;91;287;333
63;91;287;333
64;91;287;333
65;91;287;333
66;91;287;333
67;91;629;333
68;91;622;333
69;91;628;333
70;91;1246;333
74;91;1265;333
76;91;3097;333
77;91;623;333
78;91;287;333
79;91;287;333
80;91;626;333
85;91;623;333
86;91;287;333
87;91;287;333
88;91;287;333
10;92;629;333
11;92;628;333
12;92;623;333
13;92;287;333
14;92;287;333
15;92;287;333
16;92;622;333
17;92;628;333
19;92;1265;333
21;92;914;333
22;92;623;333
23;92;287;333
24;92;287;333
25;92;287;333
61;92;623;333
62;92;287;333
63;92;287;333
64;92;287;333
65;92;287;333
66;92;287;333
67;92;287;333
68;92;627;333
69;92;626;333
70;92;626;333
75;92;627;333
76;92;626;333
77;92;623;333
78;92;287;333
79;92;287;333
80;92;628;333
85;92;623;333
85;92;625;333
86;92;287;333
87;92;287;333
10;93;629;333
11;93;628;333
12;93;623;333
13;93;287;333
14;93;287;333
15;93;287;333
17;93;2937;333
22;93;623;333
22;93;625;333
23;93;287;333
24;93;287;333
25;93;287;333
61;93;623;333
62;93;287;333
63;93;287;333
64;93;287;333
65;93;287;333
66;93;287;333
67;93;622;333
68;93;623;333
69;93;287;333
70;93;626;333
73;93;627;333
74;93;626;333
75;93;623;333
76;93;287;333
77;93;287;333
78;93;287;333
79;93;287;333
80;93;3098;333
85;93;623;333
86;93;287;333
87;93;287;333
12;94;623;333
13;94;287;333
14;94;287;333
15;94;287;333
16;94;3096;333
21;94;3093;333
21;94;1272;333
22;94;623;333
23;94;287;333
24;94;287;333
25;94;287;333
26;94;287;333
27;94;287;333
28;94;287;333
60;94;627;333
61;94;623;333
62;94;287;333
63;94;287;333
64;94;287;333
65;94;287;333
66;94;622;333
67;94;628;333
68;94;629;333
69;94;622;333
70;94;628;333
73;94;629;333
74;94;628;333
75;94;623;333
76;94;287;333
77;94;287;333
78;94;287;333
79;94;287;333
80;94;627;333
81;94;626;333
83;94;1266;333
85;94;629;333
86;94;630;333
87;94;287;333
88;94;287;333
89;94;287;333
12;95;623;333
13;95;287;333
14;95;287;333
15;95;287;333
16;95;627;333
17;95;626;333
21;95;3093;333
22;95;629;333
23;95;630;333
24;95;287;333
25;95;287;333
26;95;287;333
27;95;287;333
28;95;287;333
60;95;629;333
61;95;623;333
62;95;287;333
63;95;287;333
64;95;287;333
65;95;622;333
66;95;628;333
67;95;3098;333
68;95;627;333
69;95;626;333
74;95;1246;333
75;95;623;333
76;95;287;333
77;95;287;333
78;95;287;333
79;95;287;333
80;95;629;333
81;95;628;333
85;95;627;333
86;95;623;333
87;95;287;333
88;95;287;333
89;95;287;333
90;95;287;333
11;96;627;333
12;96;623;333
13;96;287;333
14;96;287;333
15;96;287;333
16;96;629;333
17;96;628;333
18;96;3096;333
21;96;627;333
22;96;627;333
23;96;623;333
24;96;287;333
25;96;287;333
26;96;287;333
27;96;287;333
28;96;287;333
59;96;627;333
60;96;627;333
61;96;623;333
62;96;287;333
63;96;287;333
64;96;622;333
65;96;628;333
66;96;3095;333
68;96;629;333
69;96;628;333
70;96;626;333
73;96;1272;333
74;96;2038;333
74;96;3093;333
75;96;629;333
76;96;630;333
77;96;287;333
78;96;287;333
79;96;287;333
80;96;626;333
81;96;3098;333
85;96;629;333
86;96;630;333
87;96;287;333
88;96;287;333
89;96;287;333
90;96;287;333
11;97;629;333
12;97;623;333
13;97;287;333
14;97;287;333
15;97;287;333
16;97;3097;333
17;97;627;333
18;97;626;333
21;97;623;333
22;97;287;333
23;97;287;333
24;97;287;333
25;97;287;333
26;97;287;333
27;97;287;333
28;97;287;333
59;97;629;333
60;97;623;333
61;97;287;333
62;97;287;333
63;97;287;333
64;97;628;333
65;97;3097;333
68;97;914;333
69;97;629;333
70;97;628;333
74;97;627;333
75;97;626;333
76;97;629;333
77;97;630;333
78;97;287;333
79;97;287;333
80;97;628;333
81;97;3097;333
85;97;915;333
86;97;629;333
87;97;630;333
88;97;287;333
89;97;287;333
90;97;287;333
11;98;627;333
12;98;623;333
13;98;287;333
14;98;287;333
15;98;287;333
16;98;3097;333
17;98;629;333
18;98;628;333
22;98;598;333
23;98;597;333
24;98;598;333
25;98;287;333
26;98;287;333
27;98;287;333
28;98;287;333
57;98;626;333
58;98;627;333
59;98;626;333
60;98;623;333
61;98;287;333
62;98;287;333
63;98;287;333
64;98;627;333
65;98;626;333
69;98;333;333
70;98;3101;333
74;98;629;333
75;98;628;333
76;98;3100;333
77;98;623;333
78;98;287;333
79;98;287;333
80;98;627;333
81;98;626;333
85;98;2038;333
86;98;3099;333
87;98;623;333
88;98;287;333
89;98;287;333
90;98;287;333
11;99;629;333
12;99;623;333
13;99;287;333
14;99;287;333
15;99;287;333
16;99;1246;333
17;99;3099;333
20;99;3097;333
21;99;623;333
22;99;287;333
23;99;287;333
24;99;598;333
25;99;287;333
26;99;287;333
27;99;287;333
28;99;287;333
56;99;627;333
57;99;627;333
58;99;623;333
59;99;287;333
60;99;287;333
61;99;287;333
62;99;287;333
63;99;287;333
64;99;629;333
65;99;628;333
66;99;3094;333
69;99;1272;333
73;99;3101;333
74;99;333;333
75;99;915;333
76;99;3093;333
77;99;623;333
77;99;625;333
78;99;287;333
79;99;287;333
80;99;629;333
81;99;628;333
85;99;3097;333
86;99;627;333
87;99;623;333
88;99;287;333
89;99;287;333
90;99;287;333
11;100;627;333
12;100;623;333
13;100;287;333
14;100;287;333
15;100;287;333
16;100;627;333
17;100;626;333
18;100;1265;333
19;100;3093;333
19;100;627;333
20;100;626;333
21;100;623;333
22;100;287;333
23;100;287;333
24;100;597;333
25;100;287;333
26;100;622;333
27;100;622;333
28;100;622;333
56;100;629;333
57;100;623;333
58;100;287;333
59;100;287;333
60;100;287;333
61;100;287;333
62;100;287;333
63;100;287;333
64;100;3097;333
76;100;3098;333
77;100;623;333
78;100;287;333
79;100;622;333
80;100;628;333
84;100;627;333
85;100;623;333
86;100;623;333
87;100;287;333
88;100;287;333
89;100;622;333
90;100;628;333
10;101;627;333
11;101;626;333
12;101;623;333
13;101;287;333
14;101;287;333
15;101;287;333
16;101;629;333
17;101;628;333
19;101;623;333
20;101;287;333
21;101;287;333
22;101;287;333
23;101;597;333
24;101;598;333
25;101;287;333
26;101;627;333
27;101;626;333
55;101;626;333
56;101;627;333
57;101;623;333
58;101;287;333
59;101;622;333
60;101;622;333
61;101;630;333
62;101;287;333
63;101;287;333
64;101;287;333
69;101;627;333
70;101;626;333
71;101;627;333
72;101;626;333
76;101;627;333
77;101;287;333
78;101;287;333
79;101;626;333
83;101;627;333
84;101;623;333
85;101;287;333
86;101;287;333
87;101;287;333
88;101;287;333
8;102;627;333
9;102;626;333
10;102;629;333
11;102;628;333
12;102;623;333
13;102;287;333
14;102;287;333
15;102;287;333
16;102;3097;333
19;102;623;333
20;102;287;333
21;102;598;333
22;102;597;333
23;102;598;333
24;102;287;333
25;102;287;333
26;102;629;333
27;102;628;333
55;102;627;333
56;102;623;333
57;102;287;333
58;102;287;333
59;102;626;333
61;102;629;333
62;102;630;333
63;102;287;333
64;102;287;333
65;102;287;333
66;102;3100;333
68;102;3096;333
69;102;629;333
70;102;628;333
71;102;629;333
72;102;628;333
73;102;3098;333
75;102;287;333
76;102;287;333
77;102;622;333
78;102;622;333
79;102;628;333
81;102;1272;333
82;102;914;333
83;102;623;333
84;102;287;333
85;102;287;333
86;102;287;333
87;102;287;333
88;102;287;333
6;103;627;333
7;103;626;333
8;103;629;333
9;103;628;333
10;103;627;333
11;103;626;333
12;103;623;333
13;103;287;333
14;103;287;333
15;103;287;333
16;103;287;333
17;103;287;333
18;103;287;333
19;103;287;333
20;103;287;333
21;103;597;333
22;103;287;333
23;103;287;333
24;103;287;333
25;103;287;333
26;103;627;333
27;103;626;333
55;103;629;333
56;103;623;333
57;103;287;333
58;103;626;333
59;103;628;333
62;103;629;333
63;103;630;333
64;103;287;333
65;103;287;333
66;103;287;333
67;103;287;333
68;103;287;333
69;103;287;333
70;103;287;333
71;103;287;333
72;103;287;333
73;103;287;333
74;103;287;333
75;103;287;333
76;103;622;333
77;103;628;333
78;103;3100;333
82;103;627;333
83;103;623;333
84;103;287;333
85;103;287;333
86;103;622;333
87;103;622;333
88;103;622;333
6;104;623;333
7;104;287;333
7;104;287;333
8;104;287;333
9;104;287;333
10;104;287;333
11;104;628;333
12;104;623;333
13;104;287;333
14;104;287;333
15;104;287;333
16;104;287;333
17;104;287;333
18;104;287;333
19;104;287;333
20;104;287;333
21;104;598;333
22;104;287;333
23;104;287;333
24;104;622;333
25;104;622;333
26;104;628;333
27;104;628;333
54;104;627;333
55;104;626;333
56;104;623;333
57;104;287;333
58;104;626;333
62;104;914;333
63;104;629;333
64;104;630;333
65;104;287;333
66;104;287;333
67;104;287;333
68;104;287;333
69;104;287;333
70;104;287;333
71;104;287;333
72;104;287;333
73;104;287;333
74;104;622;333
75;104;622;333
76;104;628;333
81;104;627;333
82;104;623;333
83;104;287;333
84;104;287;333
85;104;287;333
6;105;623;333
7;105;287;333
8;105;287;333
9;105;287;333
10;105;287;333
11;105;287;333
12;105;287;333
13;105;287;333
14;105;287;333
15;105;287;333
16;105;287;333
17;105;287;333
18;105;287;333
19;105;287;333
20;105;287;333
21;105;597;333
22;105;287;333
23;105;287;333
24;105;629;333
25;105;628;333
26;105;627;333
54;105;629;333
55;105;628;333
56;105;623;333
57;105;287;333
58;105;627;333
59;105;626;333
62;105;1246;333
63;105;627;333
64;105;629;333
65;105;622;333
66;105;622;333
67;105;630;333
68;105;287;333
69;105;287;333
70;105;287;333
71;105;622;333
72;105;622;333
73;105;622;333
74;105;628;333
75;105;915;333
76;105;1272;333
80;105;627;333
81;105;623;333
82;105;287;333
83;105;287;333
84;105;287;333
85;105;287;333
4;106;627;333
5;106;627;333
6;106;623;333
7;106;287;333
8;106;287;333
9;106;287;333
10;106;287;333
11;106;287;333
12;106;287;333
13;106;287;333
14;106;287;333
15;106;287;333
16;106;287;333
17;106;287;333
18;106;287;333
19;106;597;333
20;106;597;333
21;106;598;333
22;106;287;333
23;106;287;333
24;106;287;333
25;106;287;333
26;106;629;333
54;106;626;333
55;106;627;333
56;106;623;333
57;106;287;333
58;106;629;333
59;106;628;333
63;106;629;333
64;106;622;333
65;106;628;333
66;106;28;333
67;106;629;333
68;106;622;333
69;106;622;333
69;106;624;333
70;106;622;333
71;106;628;333
72;106;3100;333
73;106;914;333
79;106;627;333
80;106;623;333
81;106;287;333
82;106;287;333
83;106;287;333
84;106;287;333
85;106;287;333
4;107;623;333
5;107;623;333
6;107;287;333
7;107;287;333
8;107;287;333
9;107;287;333
10;107;287;333
11;107;287;333
12;107;287;333
13;107;287;333
14;107;287;333
15;107;287;333
16;107;287;333
17;107;599;333
18;107;597;333
19;107;598;333
20;107;287;333
21;107;287;333
22;107;287;333
23;107;287;333
24;107;287;333
25;107;287;333
54;107;627;333
55;107;626;333
56;107;623;333
57;107;287;333
58;107;287;333
59;107;627;333
60;107;626;333
64;107;2927;333
68;107;2927;333
78;107;627;333
79;107;623;333
80;107;287;333
81;107;287;333
82;107;287;333
83;107;626;333
84;107;622;333
85;107;628;333
4;108;629;333
5;108;623;333
6;108;287;333
7;108;287;333
8;108;287;333
9;108;287;333
10;108;287;333
11;108;287;333
12;108;287;333
13;108;287;333
14;108;287;333
15;108;287;333
16;108;287;333
17;108;599;333
18;108;287;333
19;108;287;333
20;108;287;333
21;108;287;333
22;108;287;333
23;108;287;333
24;108;287;333
25;108;287;333
54;108;629;333
55;108;627;333
56;108;623;333
57;108;287;333
58;108;287;333
59;108;629;333
60;108;628;333
63;108;1265;333
75;108;1265;333
77;108;627;333
78;108;623;333
79;108;287;333
80;108;287;333
81;108;622;333
82;108;622;333
83;108;628;333
3;109;627;333
4;109;626;333
5;109;623;333
6;109;287;333
7;109;287;333
8;109;287;333
9;109;287;333
10;109;287;333
11;109;287;333
12;109;287;333
13;109;287;333
14;109;287;333
15;109;287;333
16;109;287;333
17;109;599;333
18;109;287;333
19;109;287;333
20;109;287;333
21;109;287;333
22;109;287;333
23;109;287;333
24;109;287;333
25;109;287;333
54;109;629;333
55;109;623;333
56;109;287;333
57;109;287;333
58;109;287;333
59;109;287;333
68;109;1266;333
76;109;3098;333
77;109;623;333
78;109;287;333
79;109;287;333
80;109;622;333
3;110;629;333
4;110;628;333
5;110;623;333
6;110;287;333
7;110;287;333
8;110;287;333
9;110;287;333
10;110;287;333
11;110;287;333
12;110;287;333
13;110;287;333
14;110;287;333
15;110;287;333
16;110;287;333
17;110;599;333
18;110;287;333
19;110;287;333
20;110;287;333
21;110;287;333
22;110;287;333
23;110;287;333
24;110;287;333
25;110;287;333
54;110;629;333
55;110;623;333
56;110;287;333
57;110;287;333
58;110;287;333
59;110;287;333
60;110;287;333
61;110;627;333
62;110;626;333
74;110;3097;333
75;110;627;333
76;110;626;333
77;110;623;333
78;110;287;333
79;110;626;333
80;110;628;333
3;111;627;333
4;111;626;333
5;111;623;333
6;111;287;333
6;111;623;333
7;111;287;333
8;111;287;333
9;111;287;333
10;111;287;333
11;111;287;333
12;111;287;333
13;111;287;333
14;111;287;333
15;111;622;333
16;111;622;333
18;111;630;333
19;111;287;333
20;111;287;333
21;111;287;333
22;111;287;333
23;111;287;333
24;111;287;333
25;111;287;333
26;111;627;333
27;111;626;333
28;111;627;333
53;111;627;333
54;111;626;333
55;111;623;333
56;111;287;333
57;111;287;333
58;111;287;333
59;111;287;333
60;111;287;333
61;111;629;333
62;111;628;333
63;111;626;333
73;111;627;333
74;111;626;333
75;111;623;333
76;111;287;333
77;111;287;333
78;111;287;333
79;111;626;333
3;112;629;333
4;112;628;333
5;112;623;333
6;112;287;333
6;112;623;333
7;112;287;333
8;112;287;333
9;112;287;333
10;112;287;333
11;112;287;333
12;112;287;333
13;112;287;333
14;112;287;333
15;112;627;333
16;112;626;333
18;112;623;333
19;112;287;333
20;112;287;333
21;112;287;333
22;112;287;333
23;112;287;333
24;112;287;333
25;112;287;333
26;112;627;333
27;112;627;333
28;112;629;333
53;112;629;333
54;112;628;333
55;112;623;333
56;112;287;333
57;112;287;333
58;112;287;333
59;112;287;333
60;112;287;333
61;112;627;333
62;112;629;333
63;112;628;333
65;112;2937;333
70;112;1265;333
72;112;627;333
73;112;629;333
74;112;628;333
75;112;623;333
76;112;287;333
77;112;626;333
78;112;622;333
79;112;628;333
3;113;627;333
4;113;626;333
5;113;623;333
6;113;287;333
6;113;623;333
7;113;287;333
8;113;287;333
9;113;287;333
10;113;287;333
11;113;287;333
12;113;287;333
13;113;287;333
14;113;287;333
15;113;629;333
16;113;628;333
18;113;623;333
19;113;287;333
20;113;287;333
21;113;287;333
22;113;287;333
23;113;287;333
24;113;287;333
25;113;287;333
26;113;629;333
27;113;623;333
28;113;287;333
29;113;287;333
30;113;287;333
53;113;627;333
54;113;626;333
55;113;623;333
56;113;287;333
57;113;287;333
58;113;287;333
59;113;287;333
60;113;622;333
61;113;629;333
62;113;628;333
63;113;3100;333
64;113;1272;333
67;113;1272;333
68;113;627;333
69;113;626;333
70;113;627;333
71;113;626;333
72;113;623;333
73;113;287;333
74;113;287;333
75;113;287;333
76;113;287;333
77;113;626;333
3;114;629;333
4;114;628;333
5;114;623;333
6;114;287;333
6;114;623;333
7;114;287;333
8;114;287;333
9;114;287;333
10;114;287;333
11;114;622;333
12;114;622;333
13;114;622;333
14;114;622;333
14;114;624;333
15;114;628;333
18;114;629;333
19;114;622;333
20;114;630;333
21;114;287;333
22;114;287;333
23;114;287;333
24;114;287;333
25;114;287;333
26;114;627;333
27;114;623;333
28;114;287;333
29;114;287;333
30;114;287;333
53;114;629;333
54;114;628;333
55;114;623;333
56;114;287;333
57;114;287;333
58;114;287;333
59;114;622;333
60;114;628;333
61;114;915;333
62;114;2937;333
63;114;1266;333
64;114;3098;333
65;114;3099;333
66;114;626;333
67;114;627;333
68;114;629;333
69;114;628;333
70;114;623;333
71;114;287;333
72;114;287;333
73;114;287;333
74;114;287;333
75;114;626;333
76;114;622;333
77;114;628;333
4;115;627;333
5;115;623;333
6;115;287;333
6;115;623;333
7;115;287;333
8;115;287;333
9;115;287;333
10;115;287;333
11;115;626;333
12;115;3099;333
13;115;3095;333
18;115;3095;333
19;115;3098;333
20;115;623;333
21;115;287;333
22;115;287;333
23;115;287;333
24;115;287;333
25;115;287;333
26;115;629;333
27;115;623;333
28;115;287;333
29;115;287;333
30;115;287;333
54;115;627;333
55;115;623;333
56;115;287;333
57;115;287;333
58;115;287;333
59;115;628;333
60;115;3094;333
63;115;3096;333
64;115;627;333
64;115;627;333
65;115;629;333
66;115;628;333
67;115;623;333
68;115;287;333
69;115;287;333
70;115;287;333
71;115;287;333
72;115;626;333
73;115;622;333
74;115;622;333
75;115;628;333
4;116;629;333
5;116;623;333
6;116;287;333
6;116;623;333
7;116;287;333
8;116;287;333
9;116;287;333
10;116;622;333
11;116;628;333
12;116;1246;333
18;116;914;333
19;116;1246;333
20;116;629;333
21;116;630;333
22;116;287;333
23;116;287;333
24;116;287;333
25;116;287;333
26;116;627;333
27;116;629;333
28;116;622;333
29;116;622;333
30;116;622;333
31;116;628;333
54;116;629;333
55;116;623;333
56;116;287;333
57;116;287;333
58;116;622;333
59;116;3100;333
60;116;914;333
62;116;3097;333
63;116;627;333
64;116;623;333
65;116;287;333
66;116;287;333
67;116;287;333
68;116;287;333
69;116;287;333
70;116;287;333
71;116;287;333
72;116;626;333
4;117;627;333
5;117;623;333
6;117;287;333
6;117;623;333
7;117;287;333
8;117;287;333
9;117;287;333
10;117;3095;333
11;117;3095;333
21;117;623;333
22;117;287;333
23;117;287;333
24;117;287;333
25;117;626;333
26;117;629;333
27;117;627;333
28;117;626;333
29;117;627;333
30;117;626;333
31;117;627;333
32;117;626;333
54;117;627;333
55;117;623;333
56;117;287;333
57;117;287;333
58;117;626;333
59;117;627;333
60;117;626;333
61;117;627;333
62;117;626;333
63;117;623;333
64;117;287;333
65;117;287;333
66;117;622;333
67;117;622;333
68;117;622;333
69;117;622;333
70;117;622;333
71;117;622;333
72;117;628;333
4;118;629;333
5;118;623;333
6;118;287;333
6;118;623;333
7;118;287;333
8;118;287;333
9;118;622;333
20;118;627;333
21;118;287;333
22;118;287;333
23;118;287;333
24;118;287;333
25;118;627;333
26;118;627;333
27;118;629;333
28;118;628;333
29;118;629;333
30;118;628;333
31;118;629;333
32;118;628;333
54;118;629;333
55;118;629;333
56;118;630;333
57;118;287;333
58;118;287;333
59;118;629;333
60;118;628;333
61;118;629;333
62;118;628;333
63;118;287;333
64;118;287;333
65;118;287;333
66;118;626;333
67;118;627;333
68;118;626;333
69;118;626;333
5;119;623;333
6;119;287;333
6;119;623;333
7;119;287;333
8;119;287;333
9;119;3100;333
17;119;3093;333
17;119;422;333
18;119;627;333
19;119;626;333
20;119;623;333
21;119;287;333
22;119;287;333
23;119;287;333
24;119;287;333
25;119;629;333
26;119;623;333
27;119;287;333
28;119;287;333
29;119;287;333
30;119;287;333
31;119;287;333
32;119;629;333
33;119;628;333
53;119;627;333
54;119;627;333
55;119;626;333
56;119;623;333
57;119;287;333
58;119;287;333
59;119;287;333
60;119;287;333
61;119;287;333
62;119;287;333
63;119;287;333
64;119;287;333
65;119;287;333
66;119;629;333
67;119;629;333
68;119;628;333
5;120;623;333
6;120;287;333
6;120;623;333
7;120;287;333
8;120;287;333
9;120;3100;333
17;120;2069;333
17;120;914;333
18;120;623;333
19;120;287;333
20;120;287;333
21;120;287;333
22;120;287;333
23;120;287;333
24;120;287;333
25;120;627;333
26;120;623;333
27;120;287;333
28;120;287;333
29;120;287;333
30;120;287;333
31;120;287;333
32;120;627;333
33;120;626;333
53;120;629;333
54;120;629;333
55;120;628;333
56;120;623;333
57;120;287;333
58;120;287;333
59;120;287;333
60;120;287;333
61;120;287;333
62;120;287;333
63;120;622;333
64;120;622;333
65;120;622;333
66;120;628;333
67;120;626;333
5;121;623;333
6;121;287;333
6;121;623;333
7;121;287;333
8;121;287;333
9;121;3100;333
13;121;2937;333
17;121;2872;333
18;121;623;333
19;121;287;333
20;121;287;333
21;121;287;333
22;121;287;333
23;121;287;333
24;121;287;333
25;121;629;333
26;121;623;333
27;121;287;333
28;121;287;333
29;121;287;333
30;121;287;333
31;121;287;333
32;121;629;333
33;121;628;333
51;121;627;333
52;121;626;333
53;121;627;333
54;121;626;333
55;121;627;333
56;121;626;333
57;121;622;333
58;121;622;333
59;121;622;333
60;121;622;333
61;121;622;333
62;121;622;333
63;121;628;333
64;121;629;333
65;121;628;333
66;121;629;333
67;121;628;333
5;122;623;333
6;122;287;333
6;122;623;333
7;122;287;333
8;122;287;333
9;122;3100;333
10;122;3096;333
17;122;915;333
18;122;629;333
19;122;622;333
20;122;630;333
21;122;287;333
22;122;287;333
23;122;287;333
24;122;627;333
25;122;626;333
26;122;623;333
27;122;287;333
28;122;287;333
29;122;287;333
30;122;287;333
31;122;287;333
32;122;627;333
33;122;626;333
51;122;629;333
52;122;627;333
53;122;629;333
54;122;628;333
55;122;629;333
56;122;628;333
57;122;626;333
58;122;629;333
59;122;628;333
60;122;629;333
61;122;628;333
62;122;629;333
63;122;628;333
64;122;627;333
65;122;626;333
5;123;623;333
6;123;287;333
6;123;623;333
7;123;287;333
8;123;287;333
9;123;627;333
10;123;626;333
19;123;3093;333
20;123;623;333
21;123;287;333
22;123;287;333
23;123;287;333
24;123;629;333
25;123;628;333
26;123;623;333
27;123;287;333
28;123;287;333
29;123;287;333
30;123;287;333
31;123;287;333
32;123;629;333
33;123;628;333
51;123;626;333
52;123;623;333
53;123;287;333
54;123;287;333
55;123;287;333
56;123;629;333
57;123;628;333
58;123;627;333
59;123;626;333
60;123;627;333
61;123;626;333
62;123;627;333
63;123;626;333
64;123;629;333
65;123;628;333
5;124;623;333
6;124;287;333
6;124;623;333
7;124;287;333
8;124;287;333
9;124;287;333
10;124;628;333
18;124;29;333
19;124;3093;333
20;124;623;333
21;124;287;333
22;124;287;333
23;124;287;333
24;124;627;333
25;124;626;333
26;124;629;333
27;124;622;333
28;124;622;333
29;124;622;333
30;124;622;333
31;124;622;333
50;124;627;333
51;124;626;333
52;124;623;333
53;124;287;333
54;124;287;333
55;124;287;333
56;124;627;333
57;124;626;333
58;124;629;333
59;124;628;333
60;124;629;333
61;124;628;333
62;124;629;333
63;124;628;333
4;125;627;333
5;125;623;333
6;125;287;333
6;125;623;333
7;125;287;333
8;125;287;333
9;125;287;333
10;125;3097;333
19;125;3093;333
20;125;623;333
20;125;625;333
21;125;287;333
22;125;287;333
23;125;287;333
24;125;629;333
25;125;628;333
26;125;626;333
27;125;627;333
28;125;626;333
29;125;627;333
30;125;626;333
31;125;626;333
50;125;629;333
51;125;628;333
52;125;623;333
53;125;287;333
54;125;287;333
55;125;287;333
56;125;629;333
57;125;628;333
58;125;627;333
59;125;626;333
60;125;626;333
4;126;623;333
5;126;623;333
6;126;287;333
6;126;623;333
7;126;287;333
8;126;287;333
9;126;287;333
10;126;3096;333
19;126;1246;333
20;126;623;333
21;126;287;333
22;126;287;333
23;126;287;333
24;126;627;333
25;126;626;333
26;126;627;333
27;126;629;333
28;126;628;333
29;126;629;333
30;126;628;333
31;126;626;333
50;126;627;333
51;126;626;333
52;126;629;333
53;126;622;333
54;126;622;333
55;126;622;333
56;126;627;333
57;126;626;333
58;126;629;333
59;126;628;333
4;127;629;333
5;127;629;333
6;127;622;333
7;127;630;333
8;127;287;333
9;127;287;333
10;127;3098;333
11;127;3096;333
12;127;3096;333
14;127;3096;333
15;127;627;333
16;127;626;333
18;127;3093;333
19;127;627;333
20;127;623;333
21;127;287;333
22;127;287;333
23;127;287;333
24;127;629;333
25;127;628;333
26;127;623;333
27;127;287;333
28;127;287;333
29;127;626;333
30;127;629;333
31;127;628;333
50;127;629;333
51;127;628;333
52;127;629;333
53;127;627;333
54;127;627;333
55;127;626;333
56;127;629;333
57;127;628;333
4;128;627;333
5;128;626;333
6;128;627;333
7;128;623;333
8;128;287;333
9;128;287;333
10;128;287;333
11;128;287;333
12;128;287;333
13;128;287;333
14;128;287;333
15;128;287;333
16;128;628;333
17;128;3093;333
18;128;627;333
19;128;623;333
20;128;287;333
21;128;287;333
22;128;287;333
23;128;287;333
24;128;627;333
25;128;626;333
26;128;623;333
27;128;287;333
28;128;287;333
29;128;628;333
53;128;629;333
54;128;629;333
55;128;628;333
4;129;629;333
5;129;628;333
6;129;629;333
7;129;629;333
8;129;622;333
9;129;622;333
10;129;622;333
11;129;630;333
12;129;287;333
13;129;287;333
14;129;287;333
15;129;287;333
16;129;3098;333
17;129;3099;333
18;129;623;333
19;129;623;333
20;129;287;333
21;129;287;333
22;129;287;333
23;129;287;333
24;129;629;333
25;129;628;333
26;129;629;333
27;129;622;333
28;129;622;333
29;129;628;333
5;130;627;333
6;130;626;333
7;130;626;333
8;130;627;333
9;130;626;333
10;130;626;333
11;130;623;333
12;130;287;333
13;130;287;333
14;130;287;333
15;130;287;333
16;130;287;333
17;130;287;333
18;130;287;333
19;130;287;333
20;130;287;333
21;130;287;333
22;130;287;333
23;130;287;333
24;130;627;333
25;130;626;333
26;130;627;333
27;130;626;333
28;130;629;333
29;130;628;333
5;131;623;333
6;131;287;333
7;131;626;333
8;131;623;333
9;131;287;333
10;131;626;333
11;131;629;333
12;131;622;333
13;131;622;333
14;131;622;333
15;131;630;333
16;131;287;333
17;131;287;333
18;131;287;333
19;131;287;333
20;131;287;333
21;131;287;333
22;131;287;333
23;131;287;333
24;131;629;333
25;131;628;333
26;131;629;333
27;131;628;333
5;132;629;333
6;132;622;333
7;132;628;333
8;132;629;333
9;132;622;333
10;132;628;333
11;132;627;333
12;132;626;333
13;132;627;333
14;132;626;333
15;132;629;333
16;132;622;333
17;132;630;333
18;132;287;333
19;132;287;333
20;132;287;333
21;132;287;333
22;132;622;333
23;132;622;333
24;132;628;333
25;132;626;333
7;133;629;333
8;133;627;333
9;133;629;333
10;133;628;333
11;133;629;333
12;133;628;333
13;133;629;333
14;133;628;333
15;133;627;333
16;133;626;333
17;133;623;333
18;133;287;333
19;133;287;333
20;133;287;333
21;133;287;333
22;133;629;333
23;133;627;333
24;133;626;333
8;134;623;333
9;134;287;333
10;134;287;333
11;134;627;333
12;134;626;333
13;134;627;333
14;134;626;333
15;134;629;333
16;134;628;333
17;134;623;333
18;134;287;333
19;134;287;333
20;134;287;333
21;134;287;333
22;134;627;333
23;134;629;333
24;134;628;333
8;135;623;333
9;135;287;333
10;135;287;333
11;135;629;333
12;135;628;333
13;135;629;333
14;135;628;333
15;135;627;333
16;135;626;333
17;135;623;333
18;135;287;333
19;135;287;333
20;135;287;333
21;135;287;333
22;135;629;333
8;136;629;333
9;136;622;333
10;136;622;333
11;136;628;333
16;136;628;333
17;136;629;333
18;136;622;333
19;136;622;333
20;136;622;333
21;136;622;333
22;136;628;333
17;137;629;333
18;137;628;333
19;137;629;333
20;137;628;333
21;137;626;333
