18;0;0;622;0;333
19;0;0;622;0;333
20;0;0;622;0;333
21;0;0;622;0;333
22;0;0;622;0;333
23;0;0;622;0;333
24;0;0;622;0;333
25;0;0;622;0;333
26;0;0;630;0;333
27;0;0;287;0;333
65;0;0;287;0;333
66;0;0;287;0;333
67;0;0;287;0;333
68;0;0;287;0;333
69;0;0;287;0;333
70;0;0;287;0;333
71;0;0;287;0;333
72;0;0;287;0;333
73;0;0;287;0;333
74;0;0;287;0;333
75;0;0;287;0;333
76;0;0;287;0;333
77;0;0;287;0;333
78;0;0;287;0;333
79;0;0;287;0;333
80;0;0;287;0;333
81;0;0;287;0;333
82;0;0;599;0;333
86;0;0;1273;0;333
87;0;0;596;0;333
88;0;0;287;0;333
89;0;0;287;0;333
90;0;0;287;0;333
19;1;0;412;0;333
20;1;0;418;0;333
23;1;0;418;0;333
26;1;0;623;0;333
27;1;0;287;0;333
65;1;0;597;0;333
66;1;0;597;0;333
67;1;0;597;0;333
68;1;0;597;0;333
69;1;0;701;0;333
70;1;0;701;0;333
71;1;0;701;0;333
72;1;0;597;0;333
73;1;0;622;0;333
74;1;0;622;0;333
75;1;0;701;0;333
76;1;0;701;0;333
77;1;0;701;0;333
78;1;0;719;0;333
79;1;0;287;0;333
80;1;0;287;0;333
81;1;0;287;0;333
82;1;0;599;0;333
86;1;0;1273;0;333
86;1;0;1276;0;333
87;1;0;596;0;333
88;1;0;287;0;333
89;1;0;287;0;333
90;1;0;287;0;333
24;2;0;422;0;333
25;2;0;415;0;333
26;2;0;623;0;333
27;2;0;287;0;333
66;2;0;395;0;333
67;2;0;1254;0;333
72;2;0;1254;0;333
73;2;0;3095;0;333
77;2;0;395;0;333
78;2;0;596;0;333
79;2;0;287;0;333
80;2;0;287;0;333
81;2;0;287;0;333
82;2;0;599;0;333
86;2;0;1273;0;333
87;2;0;596;0;333
88;2;0;287;0;333
89;2;0;287;0;333
90;2;0;287;0;333
20;3;0;422;0;333
22;3;0;631;0;333
26;3;0;623;0;333
27;3;0;287;0;333
67;3;0;1266;0;333
69;3;0;525;0;333
69;3;0;1257;0;333
74;3;0;523;0;333
74;3;0;1251;0;333
76;3;0;1278;0;333
78;3;0;596;0;333
79;3;0;287;0;333
80;3;0;287;0;333
81;3;0;287;0;333
82;3;0;599;0;333
86;3;0;1257;0;333
87;3;0;596;0;333
87;3;0;1273;0;333
88;3;0;287;0;333
89;3;0;287;0;333
90;3;0;287;0;333
25;4;0;409;0;333
26;4;0;623;0;333
27;4;0;287;0;333
71;4;0;2937;0;333
78;4;0;703;0;333
79;4;0;287;0;333
80;4;0;287;0;333
81;4;0;287;0;333
82;4;0;599;0;333
87;4;0;596;0;333
87;4;0;1257;0;333
88;4;0;287;0;333
89;4;0;287;0;333
90;4;0;287;0;333
23;5;0;422;0;333
24;5;0;232;0;333
26;5;0;623;0;333
27;5;0;287;0;333
67;5;0;1266;0;333
71;5;0;1278;0;333
75;5;0;1278;0;333
78;5;0;623;0;333
79;5;0;287;0;333
80;5;0;287;0;333
81;5;0;287;0;333
82;5;0;599;0;333
86;5;0;1246;0;333
87;5;0;596;0;333
87;5;0;420;0;333
88;5;0;287;0;333
89;5;0;287;0;333
90;5;0;287;0;333
16;6;0;287;0;333
17;6;0;287;0;333
18;6;0;700;0;333
19;6;0;700;0;333
20;6;0;1251;0;333
23;6;0;1276;0;333
24;6;0;700;0;333
24;6;0;3096;0;333
25;6;0;700;0;333
26;6;0;623;0;333
26;6;0;700;0;333
27;6;0;287;0;333
67;6;0;1254;0;333
76;6;0;721;0;333
77;6;0;700;0;333
78;6;0;623;0;333
79;6;0;287;0;333
80;6;0;287;0;333
81;6;0;287;0;333
85;6;0;338;0;333
87;6;0;596;0;333
88;6;0;287;0;333
89;6;0;287;0;333
90;6;0;287;0;333
0;7;0;287;0;333
1;7;0;287;0;333
2;7;0;287;0;333
3;7;0;287;0;333
4;7;0;287;0;333
5;7;0;287;0;333
6;7;0;287;0;333
7;7;0;287;0;333
8;7;0;287;0;333
9;7;0;287;0;333
10;7;0;287;0;333
11;7;0;287;0;333
12;7;0;287;0;333
13;7;0;287;0;333
14;7;0;287;0;333
15;7;0;287;0;333
16;7;0;287;0;333
17;7;0;622;0;333
18;7;0;628;0;333
19;7;0;232;0;333
20;7;0;1246;0;333
23;7;0;1251;0;333
24;7;0;1276;0;333
24;7;0;401;0;333
25;7;0;3098;0;333
26;7;0;623;0;333
27;7;0;287;0;333
28;7;0;287;0;333
29;7;0;287;0;333
30;7;0;287;0;333
31;7;0;287;0;333
32;7;0;287;0;333
33;7;0;287;0;333
34;7;0;287;0;333
35;7;0;287;0;333
36;7;0;287;0;333
76;7;0;703;0;333
77;7;0;599;0;333
78;7;0;597;0;333
79;7;0;597;0;333
80;7;0;597;0;333
81;7;0;597;0;333
85;7;0;1246;0;333
85;7;0;338;0;333
87;7;0;596;0;333
88;7;0;287;0;333
89;7;0;287;0;333
90;7;0;287;0;333
0;8;0;287;0;333
1;8;0;287;0;333
2;8;0;287;0;333
3;8;0;287;0;333
4;8;0;287;0;333
5;8;0;287;0;333
6;8;0;287;0;333
7;8;0;287;0;333
8;8;0;287;0;333
9;8;0;287;0;333
10;8;0;287;0;333
11;8;0;287;0;333
12;8;0;287;0;333
13;8;0;622;0;333
14;8;0;622;0;333
15;8;0;622;0;333
16;8;0;622;0;333
17;8;0;628;0;333
18;8;0;3099;0;333
26;8;0;629;0;333
27;8;0;622;0;333
28;8;0;622;0;333
29;8;0;287;0;333
30;8;0;597;0;333
31;8;0;287;0;333
32;8;0;622;0;333
33;8;0;630;0;333
34;8;0;287;0;333
35;8;0;287;0;333
36;8;0;287;0;333
37;8;0;287;0;333
38;8;0;287;0;333
39;8;0;287;0;333
40;8;0;287;0;333
41;8;0;287;0;333
42;8;0;287;0;333
43;8;0;287;0;333
44;8;0;287;0;333
45;8;0;287;0;333
46;8;0;287;0;333
47;8;0;287;0;333
76;8;0;623;0;333
77;8;0;599;0;333
84;8;0;338;0;333
85;8;0;420;0;333
87;8;0;287;0;333
88;8;0;287;0;333
89;8;0;287;0;333
90;8;0;287;0;333
0;9;0;287;0;333
1;9;0;287;0;333
2;9;0;287;0;333
3;9;0;287;0;333
4;9;0;287;0;333
5;9;0;287;0;333
6;9;0;287;0;333
7;9;0;287;0;333
8;9;0;287;0;333
9;9;0;287;0;333
10;9;0;287;0;333
11;9;0;622;0;333
12;9;0;622;0;333
13;9;0;628;0;333
20;9;0;1273;0;333
23;9;0;1265;0;333
31;9;0;417;0;333
33;9;0;629;0;333
34;9;0;622;0;333
35;9;0;622;0;333
36;9;0;622;0;333
37;9;0;622;0;333
38;9;0;622;0;333
39;9;0;622;0;333
40;9;0;630;0;333
41;9;0;287;0;333
42;9;0;287;0;333
43;9;0;287;0;333
44;9;0;287;0;333
45;9;0;287;0;333
46;9;0;287;0;333
47;9;0;287;0;333
65;9;0;287;0;333
66;9;0;287;0;333
67;9;0;287;0;333
68;9;0;287;0;333
69;9;0;700;0;333
70;9;0;712;0;333
71;9;0;700;0;333
72;9;0;623;0;333
72;9;0;700;0;333
73;9;0;287;0;333
74;9;0;287;0;333
75;9;0;287;0;333
76;9;0;287;0;333
77;9;0;599;0;333
78;9;0;1276;0;333
82;9;0;338;0;333
84;9;0;420;0;333
87;9;0;623;0;333
88;9;0;287;0;333
89;9;0;287;0;333
90;9;0;287;0;333
0;10;0;287;0;333
1;10;0;287;0;333
2;10;0;287;0;333
3;10;0;287;0;333
4;10;0;287;0;333
5;10;0;287;0;333
6;10;0;287;0;333
7;10;0;287;0;333
8;10;0;622;0;333
9;10;0;622;0;333
10;10;0;622;0;333
11;10;0;628;0;333
40;10;0;629;0;333
41;10;0;630;0;333
42;10;0;287;0;333
43;10;0;287;0;333
44;10;0;287;0;333
45;10;0;287;0;333
46;10;0;287;0;333
47;10;0;287;0;333
65;10;0;287;0;333
66;10;0;622;0;333
67;10;0;622;0;333
68;10;0;622;0;333
69;10;0;628;0;333
72;10;0;626;0;333
72;10;0;401;0;333
73;10;0;622;0;333
74;10;0;622;0;333
75;10;0;622;0;333
76;10;0;622;0;333
77;10;0;233;0;333
82;10;0;420;0;333
87;10;0;623;0;333
88;10;0;287;0;333
89;10;0;287;0;333
90;10;0;287;0;333
0;11;0;287;0;333
1;11;0;287;0;333
2;11;0;287;0;333
3;11;0;287;0;333
4;11;0;287;0;333
5;11;0;287;0;333
6;11;0;622;0;333
6;11;0;622;0;333
7;11;0;622;0;333
8;11;0;628;0;333
25;11;0;1278;0;333
41;11;0;629;0;333
42;11;0;630;0;333
43;11;0;287;0;333
44;11;0;287;0;333
45;11;0;287;0;333
46;11;0;287;0;333
47;11;0;287;0;333
65;11;0;287;0;333
66;11;0;626;0;333
67;11;0;627;0;333
68;11;0;626;0;333
72;11;0;3095;0;333
73;11;0;3095;0;333
75;11;0;233;0;333
77;11;0;420;0;333
78;11;0;338;0;333
87;11;0;623;0;333
88;11;0;287;0;333
89;11;0;287;0;333
90;11;0;287;0;333
0;12;0;287;0;333
1;12;0;287;0;333
2;12;0;287;0;333
3;12;0;287;0;333
4;12;0;287;0;333
5;12;0;287;0;333
10;12;0;1272;0;333
39;12;0;1246;0;333
42;12;0;629;0;333
43;12;0;630;0;333
44;12;0;287;0;333
45;12;0;287;0;333
46;12;0;287;0;333
47;12;0;287;0;333
65;12;0;287;0;333
66;12;0;626;0;333
67;12;0;629;0;333
68;12;0;628;0;333
78;12;0;338;0;333
82;12;0;338;0;333
84;12;0;1265;0;333
87;12;0;623;0;333
88;12;0;287;0;333
89;12;0;287;0;333
90;12;0;287;0;333
0;13;0;287;0;333
1;13;0;287;0;333
2;13;0;287;0;333
3;13;0;287;0;333
4;13;0;287;0;333
5;13;0;622;0;333
6;13;0;628;0;333
17;13;0;3096;0;333
43;13;0;629;0;333
44;13;0;630;0;333
45;13;0;287;0;333
46;13;0;287;0;333
47;13;0;287;0;333
65;13;0;287;0;333
66;13;0;626;0;333
75;13;0;1265;0;333
77;13;0;420;0;333
81;13;0;338;0;333
82;13;0;420;0;333
87;13;0;623;0;333
88;13;0;287;0;333
89;13;0;287;0;333
90;13;0;287;0;333
184;13;0;287;0;333
185;13;0;287;0;333
186;13;0;287;0;333
187;13;0;287;0;333
188;13;0;287;0;333
189;13;0;287;0;333
190;13;0;287;0;333
191;13;0;287;0;333
192;13;0;287;0;333
193;13;0;287;0;333
194;13;0;287;0;333
195;13;0;287;0;333
196;13;0;287;0;333
197;13;0;287;0;333
198;13;0;287;0;333
199;13;0;287;0;333
200;13;0;287;0;333
201;13;0;287;0;333
202;13;0;287;0;333
203;13;0;287;0;333
204;13;0;287;0;333
205;13;0;287;0;333
206;13;0;287;0;333
207;13;0;287;0;333
208;13;0;287;0;333
209;13;0;287;0;333
210;13;0;287;0;333
211;13;0;287;0;333
212;13;0;287;0;333
213;13;0;287;0;333
214;13;0;287;0;333
215;13;0;287;0;333
216;13;0;287;0;333
217;13;0;287;0;333
218;13;0;287;0;333
219;13;0;287;0;333
0;14;0;287;0;333
1;14;0;287;0;333
2;14;0;287;0;333
3;14;0;287;0;333
4;14;0;287;0;333
6;14;0;3094;0;333
17;14;0;627;0;333
44;14;0;623;0;333
45;14;0;287;0;333
46;14;0;287;0;333
47;14;0;287;0;333
65;14;0;287;0;333
76;14;0;338;0;333
87;14;0;623;0;333
88;14;0;287;0;333
89;14;0;287;0;333
90;14;0;287;0;333
184;14;0;287;0;333
185;14;0;287;0;333
186;14;0;287;0;333
187;14;0;287;0;333
188;14;0;287;0;333
189;14;0;287;0;333
190;14;0;287;0;333
191;14;0;287;0;333
192;14;0;287;0;333
193;14;0;287;0;333
194;14;0;287;0;333
195;14;0;287;0;333
196;14;0;287;0;333
197;14;0;287;0;333
198;14;0;287;0;333
199;14;0;287;0;333
200;14;0;287;0;333
201;14;0;287;0;333
202;14;0;287;0;333
203;14;0;287;0;333
204;14;0;287;0;333
204;14;0;287;0;333
205;14;0;287;0;333
205;14;0;287;0;333
206;14;0;287;0;333
206;14;0;287;0;333
207;14;0;287;0;333
207;14;0;287;0;333
208;14;0;287;0;333
208;14;0;287;0;333
209;14;0;287;0;333
209;14;0;287;0;333
210;14;0;287;0;333
210;14;0;287;0;333
211;14;0;287;0;333
211;14;0;287;0;333
212;14;0;287;0;333
212;14;0;287;0;333
213;14;0;287;0;333
213;14;0;287;0;333
214;14;0;287;0;333
214;14;0;287;0;333
215;14;0;287;0;333
215;14;0;287;0;333
216;14;0;287;0;333
216;14;0;287;0;333
217;14;0;287;0;333
217;14;0;287;0;333
218;14;0;287;0;333
218;14;0;287;0;333
219;14;0;287;0;333
219;14;0;287;0;333
0;15;0;287;0;333
1;15;0;287;0;333
2;15;0;287;0;333
3;15;0;287;0;333
4;15;0;622;0;333
5;15;0;628;0;333
6;15;0;3094;0;333
17;15;0;623;0;333
17;15;0;623;0;333
18;15;0;287;0;333
43;15;0;3093;0;333
44;15;0;623;0;333
45;15;0;287;0;333
46;15;0;287;0;333
47;15;0;287;0;333
65;15;0;287;0;333
71;15;0;1251;0;333
81;15;0;420;0;333
87;15;0;629;0;333
88;15;0;630;0;333
89;15;0;287;0;333
90;15;0;287;0;333
184;15;0;287;0;333
185;15;0;287;0;333
186;15;0;287;0;333
187;15;0;287;0;333
188;15;0;287;0;333
189;15;0;287;0;333
190;15;0;287;0;333
191;15;0;287;0;333
192;15;0;287;0;333
193;15;0;287;0;333
194;15;0;287;0;333
195;15;0;287;0;333
196;15;0;287;0;333
197;15;0;287;0;333
198;15;0;287;0;333
199;15;0;287;0;333
200;15;0;287;0;333
201;15;0;287;0;333
202;15;0;287;0;333
203;15;0;287;0;333
204;15;0;287;0;333
205;15;0;287;0;333
206;15;0;287;0;333
207;15;0;287;0;333
208;15;0;287;0;333
209;15;0;287;0;333
210;15;0;287;0;333
211;15;0;287;0;333
212;15;0;287;0;333
213;15;0;287;0;333
214;15;0;287;0;333
215;15;0;287;0;333
216;15;0;287;0;333
217;15;0;287;0;333
218;15;0;287;0;333
219;15;0;287;0;333
0;16;0;287;0;333
1;16;0;287;0;333
2;16;0;287;0;333
3;16;0;622;0;333
4;16;0;628;0;333
12;16;0;1273;0;333
17;16;0;623;0;333
18;16;0;287;0;333
41;16;0;1273;0;333
44;16;0;629;0;333
45;16;0;630;0;333
46;16;0;287;0;333
47;16;0;287;0;333
65;16;0;287;0;333
70;16;0;1272;0;333
75;16;0;606;0;333
76;16;0;602;0;333
77;16;0;603;0;333
78;16;0;603;0;333
79;16;0;602;0;333
80;16;0;601;0;333
86;16;0;1272;0;333
88;16;0;629;0;333
89;16;0;630;0;333
90;16;0;287;0;333
184;16;0;287;0;333
185;16;0;287;0;333
186;16;0;287;0;333
187;16;0;287;0;333
188;16;0;287;0;333
189;16;0;287;0;333
190;16;0;287;0;333
191;16;0;287;0;333
192;16;0;287;0;333
193;16;0;287;0;333
194;16;0;622;0;333
195;16;0;622;0;333
196;16;0;622;0;333
197;16;0;622;0;333
198;16;0;630;0;333
199;16;0;287;0;333
200;16;0;287;0;333
201;16;0;287;0;333
202;16;0;287;0;333
203;16;0;287;0;333
203;16;0;287;0;333
204;16;0;287;0;333
205;16;0;287;0;333
206;16;0;287;0;333
207;16;0;287;0;333
208;16;0;287;0;333
209;16;0;287;0;333
210;16;0;287;0;333
211;16;0;287;0;333
212;16;0;287;0;333
212;16;0;287;0;333
213;16;0;287;0;333
213;16;0;287;0;333
214;16;0;287;0;333
214;16;0;287;0;333
215;16;0;287;0;333
215;16;0;287;0;333
216;16;0;287;0;333
216;16;0;287;0;333
217;16;0;287;0;333
217;16;0;287;0;333
218;16;0;287;0;333
218;16;0;287;0;333
219;16;0;287;0;333
219;16;0;287;0;333
0;17;0;287;0;333
1;17;0;287;0;333
2;17;0;622;0;333
3;17;0;628;0;333
15;17;0;627;0;333
17;17;0;623;0;333
18;17;0;287;0;333
44;17;0;416;0;333
45;17;0;623;0;333
46;17;0;287;0;333
47;17;0;287;0;333
65;17;0;287;0;333
75;17;0;338;0;333
89;17;0;623;0;333
90;17;0;287;0;333
184;17;0;287;0;333
185;17;0;287;0;333
186;17;0;287;0;333
187;17;0;287;0;333
188;17;0;287;0;333
189;17;0;287;0;333
190;17;0;287;0;333
191;17;0;287;0;333
192;17;0;287;0;333
193;17;0;287;0;333
198;17;0;629;0;333
199;17;0;622;0;333
200;17;0;622;0;333
201;17;0;622;0;333
202;17;0;630;0;333
203;17;0;287;0;333
204;17;0;287;0;333
205;17;0;287;0;333
206;17;0;287;0;333
207;17;0;622;0;333
208;17;0;622;0;333
209;17;0;622;0;333
210;17;0;622;0;333
211;17;0;287;0;333
212;17;0;287;0;333
213;17;0;287;0;333
214;17;0;287;0;333
215;17;0;287;0;333
216;17;0;287;0;333
217;17;0;287;0;333
217;17;0;287;0;333
218;17;0;287;0;333
218;17;0;287;0;333
219;17;0;287;0;333
219;17;0;287;0;333
0;18;0;287;0;333
1;18;0;622;0;333
2;18;0;628;0;333
3;18;0;3098;0;333
13;18;0;408;0;333
14;18;0;627;0;333
15;18;0;623;0;333
16;18;0;287;0;333
17;18;0;287;0;333
18;18;0;287;0;333
41;18;0;1265;0;333
45;18;0;629;0;333
46;18;0;630;0;333
47;18;0;287;0;333
65;18;0;287;0;333
74;18;0;338;0;333
89;18;0;623;0;333
90;18;0;287;0;333
165;18;0;287;0;333
166;18;0;287;0;333
167;18;0;287;0;333
168;18;0;287;0;333
169;18;0;287;0;333
170;18;0;287;0;333
171;18;0;287;0;333
172;18;0;287;0;333
173;18;0;287;0;333
174;18;0;287;0;333
175;18;0;287;0;333
176;18;0;287;0;333
177;18;0;287;0;333
178;18;0;287;0;333
179;18;0;287;0;333
180;18;0;287;0;333
181;18;0;287;0;333
182;18;0;287;0;333
183;18;0;287;0;333
184;18;0;287;0;333
185;18;0;287;0;333
186;18;0;287;0;333
187;18;0;287;0;333
188;18;0;287;0;333
189;18;0;287;0;333
190;18;0;287;0;333
191;18;0;287;0;333
192;18;0;287;0;333
193;18;0;287;0;333
201;18;0;3093;0;333
202;18;0;623;0;333
203;18;0;287;0;333
204;18;0;287;0;333
205;18;0;287;0;333
206;18;0;287;0;333
211;18;0;626;0;333
212;18;0;597;0;333
212;18;0;417;0;333
213;18;0;622;0;333
214;18;0;622;0;333
215;18;0;622;0;333
216;18;0;630;0;333
217;18;0;287;0;333
218;18;0;287;0;333
219;18;0;287;0;333
0;19;0;622;0;333
1;19;0;628;0;333
2;19;0;3094;0;333
2;19;0;3099;0;333
5;19;0;1273;0;333
13;19;0;627;0;333
14;19;0;623;0;333
15;19;0;287;0;333
16;19;0;287;0;333
17;19;0;287;0;333
18;19;0;287;0;333
46;19;0;623;0;333
47;19;0;287;0;333
48;19;0;287;0;333
49;19;0;287;0;333
50;19;0;287;0;333
51;19;0;287;0;333
52;19;0;287;0;333
53;19;0;287;0;333
54;19;0;287;0;333
55;19;0;287;0;333
56;19;0;287;0;333
57;19;0;287;0;333
58;19;0;287;0;333
59;19;0;287;0;333
60;19;0;287;0;333
61;19;0;287;0;333
62;19;0;287;0;333
63;19;0;287;0;333
64;19;0;287;0;333
65;19;0;287;0;333
66;19;0;626;0;333
67;19;0;3098;0;333
74;19;0;420;0;333
80;19;0;338;0;333
81;19;0;420;0;333
82;19;0;233;0;333
86;19;0;233;0;333
89;19;0;623;0;333
90;19;0;287;0;333
165;19;0;622;0;333
166;19;0;622;0;333
167;19;0;622;0;333
168;19;0;622;0;333
169;19;0;597;0;333
170;19;0;597;0;333
171;19;0;597;0;333
172;19;0;597;0;333
173;19;0;622;0;333
174;19;0;622;0;333
175;19;0;622;0;333
176;19;0;622;0;333
177;19;0;597;0;333
178;19;0;597;0;333
179;19;0;597;0;333
180;19;0;597;0;333
181;19;0;622;0;333
182;19;0;622;0;333
183;19;0;630;0;333
184;19;0;287;0;333
185;19;0;287;0;333
186;19;0;287;0;333
187;19;0;287;0;333
188;19;0;287;0;333
189;19;0;287;0;333
190;19;0;287;0;333
191;19;0;287;0;333
192;19;0;287;0;333
193;19;0;287;0;333
194;19;0;626;0;333
198;19;0;1250;0;333
202;19;0;623;0;333
203;19;0;287;0;333
204;19;0;287;0;333
205;19;0;287;0;333
206;19;0;287;0;333
211;19;0;1272;0;333
214;19;0;3095;0;333
215;19;0;3095;0;333
216;19;0;623;0;333
217;19;0;287;0;333
218;19;0;287;0;333
219;19;0;287;0;333
13;20;0;623;0;333
14;20;0;287;0;333
15;20;0;287;0;333
15;20;0;287;0;333
16;20;0;287;0;333
17;20;0;287;0;333
18;20;0;287;0;333
46;20;0;629;0;333
47;20;0;622;0;333
48;20;0;622;0;333
49;20;0;622;0;333
50;20;0;630;0;333
51;20;0;287;0;333
52;20;0;287;0;333
53;20;0;287;0;333
54;20;0;287;0;333
55;20;0;287;0;333
56;20;0;287;0;333
57;20;0;287;0;333
58;20;0;287;0;333
59;20;0;287;0;333
60;20;0;287;0;333
61;20;0;287;0;333
62;20;0;287;0;333
63;20;0;287;0;333
64;20;0;622;0;333
65;20;0;622;0;333
66;20;0;628;0;333
76;20;0;338;0;333
82;20;0;233;0;333
89;20;0;623;0;333
90;20;0;287;0;333
167;20;0;412;0;333
174;20;0;417;0;333
183;20;0;623;0;333
184;20;0;287;0;333
185;20;0;287;0;333
186;20;0;287;0;333
187;20;0;622;0;333
188;20;0;622;0;333
189;20;0;622;0;333
190;20;0;597;0;333
190;20;0;417;0;333
191;20;0;622;0;333
192;20;0;622;0;333
193;20;0;622;0;333
194;20;0;628;0;333
202;20;0;629;0;333
203;20;0;622;0;333
204;20;0;622;0;333
205;20;0;622;0;333
206;20;0;630;0;333
206;20;0;287;0;333
212;20;0;1266;0;333
213;20;0;1251;0;333
215;20;0;3093;0;333
216;20;0;623;0;333
217;20;0;287;0;333
218;20;0;287;0;333
219;20;0;287;0;333
12;21;0;627;0;333
13;21;0;623;0;333
14;21;0;287;0;333
15;21;0;287;0;333
15;21;0;287;0;333
48;21;0;3095;0;333
49;21;0;3095;0;333
50;21;0;629;0;333
51;21;0;622;0;333
52;21;0;630;0;333
53;21;0;287;0;333
54;21;0;287;0;333
55;21;0;287;0;333
56;21;0;287;0;333
57;21;0;287;0;333
58;21;0;287;0;333
59;21;0;287;0;333
60;21;0;287;0;333
61;21;0;287;0;333
62;21;0;622;0;333
63;21;0;622;0;333
64;21;0;628;0;333
75;21;0;338;0;333
76;21;0;420;0;333
79;21;0;338;0;333
89;21;0;623;0;333
90;21;0;287;0;333
172;21;0;520;0;333
176;21;0;520;0;333
180;21;0;521;0;333
182;21;0;409;0;333
183;21;0;623;0;333
184;21;0;287;0;333
185;21;0;287;0;333
186;21;0;287;0;333
193;21;0;3095;0;333
194;21;0;3095;0;333
206;21;0;287;0;333
216;21;0;623;0;333
217;21;0;287;0;333
218;21;0;287;0;333
219;21;0;287;0;333
11;22;0;3096;0;333
12;22;0;623;0;333
13;22;0;287;0;333
14;22;0;287;0;333
15;22;0;287;0;333
15;22;0;287;0;333
52;22;0;629;0;333
53;22;0;622;0;333
54;22;0;622;0;333
55;22;0;630;0;333
56;22;0;287;0;333
57;22;0;287;0;333
58;22;0;287;0;333
59;22;0;287;0;333
60;22;0;622;0;333
61;22;0;622;0;333
62;22;0;628;0;333
66;22;0;1257;0;333
75;22;0;338;0;333
79;22;0;420;0;333
83;22;0;233;0;333
88;22;0;3093;0;333
89;22;0;623;0;333
90;22;0;287;0;333
183;22;0;596;0;333
184;22;0;287;0;333
185;22;0;287;0;333
186;22;0;287;0;333
191;22;0;2937;0;333
193;22;0;1247;0;333
199;22;0;28;0;333
199;22;0;1254;0;333
206;22;0;597;0;333
216;22;0;623;0;333
217;22;0;287;0;333
218;22;0;287;0;333
219;22;0;287;0;333
11;23;0;627;0;333
12;23;0;623;0;333
13;23;0;287;0;333
14;23;0;287;0;333
15;23;0;287;0;333
15;23;0;287;0;333
47;23;0;1265;0;333
49;23;0;421;0;333
55;23;0;629;0;333
56;23;0;630;0;333
57;23;0;287;0;333
58;23;0;622;0;333
59;23;0;622;0;333
60;23;0;628;0;333
74;23;0;338;0;333
77;23;0;338;0;333
78;23;0;338;0;333
88;23;0;3093;0;333
89;23;0;623;0;333
89;23;0;596;0;333
90;23;0;287;0;333
168;23;0;520;0;333
183;23;0;596;0;333
184;23;0;287;0;333
185;23;0;287;0;333
186;23;0;287;0;333
190;23;0;1247;0;333
202;23;0;1250;0;333
206;23;0;598;0;333
216;23;0;623;0;333
217;23;0;287;0;333
218;23;0;287;0;333
219;23;0;287;0;333
8;24;0;1265;0;333
11;24;0;623;0;333
11;24;0;623;0;333
12;24;0;287;0;333
13;24;0;287;0;333
14;24;0;287;0;333
15;24;0;287;0;333
15;24;0;287;0;333
48;24;0;1273;0;333
56;24;0;629;0;333
57;24;0;622;0;333
58;24;0;628;0;333
59;24;0;3099;0;333
74;24;0;420;0;333
78;24;0;420;0;333
88;24;0;3093;0;333
89;24;0;623;0;333
90;24;0;287;0;333
172;24;0;519;0;333
176;24;0;519;0;333
180;24;0;521;0;333
181;24;0;627;0;333
182;24;0;626;0;333
183;24;0;623;0;333
184;24;0;287;0;333
185;24;0;287;0;333
186;24;0;287;0;333
206;24;0;622;0;333
207;24;0;630;0;333
208;24;0;287;0;333
209;24;0;287;0;333
210;24;0;287;0;333
211;24;0;287;0;333
212;24;0;287;0;333
213;24;0;287;0;333
214;24;0;287;0;333
215;24;0;287;0;333
216;24;0;287;0;333
217;24;0;287;0;333
218;24;0;287;0;333
219;24;0;287;0;333
10;25;0;627;0;333
11;25;0;623;0;333
12;25;0;287;0;333
13;25;0;287;0;333
14;25;0;287;0;333
15;25;0;287;0;333
15;25;0;287;0;333
57;25;0;3095;0;333
71;25;0;1251;0;333
74;25;0;338;0;333
79;25;0;232;0;333
80;25;0;420;0;333
89;25;0;623;0;333
90;25;0;287;0;333
178;25;0;421;0;333
180;25;0;627;0;333
181;25;0;629;0;333
182;25;0;628;0;333
183;25;0;623;0;333
184;25;0;287;0;333
185;25;0;287;0;333
186;25;0;287;0;333
195;25;0;1266;0;333
203;25;0;1245;0;333
204;25;0;421;0;333
205;25;0;627;0;333
206;25;0;626;0;333
207;25;0;623;0;333
208;25;0;287;0;333
209;25;0;287;0;333
210;25;0;287;0;333
211;25;0;287;0;333
212;25;0;287;0;333
213;25;0;287;0;333
214;25;0;287;0;333
215;25;0;287;0;333
216;25;0;287;0;333
217;25;0;287;0;333
218;25;0;287;0;333
219;25;0;287;0;333
9;26;0;3093;0;333
10;26;0;623;0;333
11;26;0;287;0;333
12;26;0;287;0;333
13;26;0;287;0;333
14;26;0;287;0;333
15;26;0;287;0;333
15;26;0;287;0;333
41;26;0;1272;0;333
73;26;0;420;0;333
79;26;0;338;0;333
89;26;0;623;0;333
89;26;0;596;0;333
90;26;0;287;0;333
168;26;0;420;0;333
178;26;0;627;0;333
179;26;0;626;0;333
180;26;0;623;0;333
181;26;0;287;0;333
182;26;0;287;0;333
183;26;0;287;0;333
184;26;0;287;0;333
185;26;0;287;0;333
186;26;0;287;0;333
187;26;0;626;0;333
200;26;0;1790;0;333
205;26;0;629;0;333
206;26;0;628;0;333
207;26;0;623;0;333
208;26;0;287;0;333
209;26;0;287;0;333
210;26;0;287;0;333
211;26;0;287;0;333
212;26;0;287;0;333
213;26;0;287;0;333
214;26;0;287;0;333
215;26;0;287;0;333
216;26;0;287;0;333
217;26;0;287;0;333
218;26;0;287;0;333
219;26;0;287;0;333
7;27;0;1246;0;333
10;27;0;623;0;333
11;27;0;287;0;333
12;27;0;287;0;333
13;27;0;287;0;333
14;27;0;287;0;333
15;27;0;287;0;333
15;27;0;287;0;333
73;27;0;338;0;333
78;27;0;338;0;333
79;27;0;420;0;333
89;27;0;623;0;333
90;27;0;287;0;333
178;27;0;629;0;333
179;27;0;628;0;333
180;27;0;623;0;333
181;27;0;287;0;333
182;27;0;622;0;333
183;27;0;622;0;333
184;27;0;600;0;333
185;27;0;622;0;333
186;27;0;622;0;333
187;27;0;628;0;333
198;27;0;1250;0;333
203;27;0;627;0;333
204;27;0;626;0;333
205;27;0;626;0;333
206;27;0;626;0;333
207;27;0;623;0;333
208;27;0;287;0;333
209;27;0;287;0;333
210;27;0;287;0;333
211;27;0;287;0;333
212;27;0;287;0;333
213;27;0;287;0;333
214;27;0;287;0;333
215;27;0;287;0;333
216;27;0;287;0;333
217;27;0;287;0;333
218;27;0;287;0;333
219;27;0;287;0;333
10;28;0;623;0;333
11;28;0;287;0;333
12;28;0;287;0;333
13;28;0;287;0;333
14;28;0;287;0;333
15;28;0;287;0;333
15;28;0;287;0;333
41;28;0;1246;0;333
88;28;0;627;0;333
89;28;0;623;0;333
90;28;0;287;0;333
169;28;0;519;0;333
175;28;0;521;0;333
176;28;0;627;0;333
177;28;0;626;0;333
178;28;0;626;0;333
179;28;0;626;0;333
180;28;0;623;0;333
181;28;0;287;0;333
186;28;0;417;0;333
203;28;0;623;0;333
204;28;0;287;0;333
205;28;0;287;0;333
206;28;0;287;0;333
207;28;0;287;0;333
208;28;0;287;0;333
209;28;0;287;0;333
210;28;0;287;0;333
211;28;0;287;0;333
212;28;0;287;0;333
213;28;0;287;0;333
214;28;0;287;0;333
215;28;0;287;0;333
216;28;0;287;0;333
217;28;0;287;0;333
218;28;0;287;0;333
219;28;0;287;0;333
10;29;0;629;0;333
11;29;0;630;0;333
12;29;0;287;0;333
13;29;0;287;0;333
14;29;0;287;0;333
15;29;0;287;0;333
15;29;0;287;0;333
72;29;0;420;0;333
73;29;0;338;0;333
77;29;0;232;0;333
78;29;0;420;0;333
88;29;0;623;0;333
89;29;0;287;0;333
90;29;0;287;0;333
174;29;0;422;0;333
176;29;0;623;0;333
177;29;0;287;0;333
178;29;0;287;0;333
179;29;0;287;0;333
180;29;0;287;0;333
181;29;0;287;0;333
199;29;0;1245;0;333
201;29;0;1272;0;333
202;29;0;3093;0;333
203;29;0;623;0;333
203;29;0;3093;0;333
204;29;0;287;0;333
205;29;0;287;0;333
206;29;0;287;0;333
207;29;0;287;0;333
208;29;0;287;0;333
209;29;0;287;0;333
210;29;0;287;0;333
211;29;0;287;0;333
212;29;0;287;0;333
213;29;0;287;0;333
214;29;0;287;0;333
215;29;0;287;0;333
216;29;0;287;0;333
217;29;0;287;0;333
218;29;0;287;0;333
219;29;0;287;0;333
11;30;0;623;0;333
12;30;0;287;0;333
13;30;0;287;0;333
14;30;0;287;0;333
15;30;0;287;0;333
15;30;0;287;0;333
64;30;0;1257;0;333
67;30;0;1257;0;333
72;30;0;338;0;333
76;30;0;338;0;333
80;30;0;1272;0;333
87;30;0;627;0;333
88;30;0;623;0;333
89;30;0;287;0;333
90;30;0;287;0;333
176;30;0;623;0;333
177;30;0;287;0;333
178;30;0;622;0;333
179;30;0;622;0;333
180;30;0;622;0;333
181;30;0;622;0;333
183;30;0;1266;0;333
194;30;0;1247;0;333
198;30;0;420;0;333
202;30;0;3093;0;333
203;30;0;623;0;333
203;30;0;3093;0;333
204;30;0;287;0;333
205;30;0;287;0;333
206;30;0;287;0;333
207;30;0;287;0;333
208;30;0;287;0;333
209;30;0;287;0;333
210;30;0;287;0;333
211;30;0;287;0;333
212;30;0;287;0;333
213;30;0;287;0;333
214;30;0;287;0;333
215;30;0;287;0;333
216;30;0;287;0;333
217;30;0;287;0;333
218;30;0;287;0;333
219;30;0;287;0;333
11;31;0;629;0;333
12;31;0;630;0;333
13;31;0;287;0;333
14;31;0;287;0;333
15;31;0;287;0;333
15;31;0;287;0;333
41;31;0;421;0;333
68;31;0;1265;0;333
72;31;0;420;0;333
77;31;0;420;0;333
86;31;0;1265;0;333
86;31;0;3093;0;333
87;31;0;623;0;333
88;31;0;287;0;333
89;31;0;287;0;333
90;31;0;287;0;333
176;31;0;623;0;333
177;31;0;287;0;333
191;31;0;1276;0;333
203;31;0;623;0;333
204;31;0;287;0;333
205;31;0;287;0;333
206;31;0;287;0;333
207;31;0;287;0;333
208;31;0;287;0;333
209;31;0;287;0;333
210;31;0;287;0;333
211;31;0;287;0;333
212;31;0;287;0;333
213;31;0;287;0;333
214;31;0;287;0;333
215;31;0;287;0;333
216;31;0;287;0;333
217;31;0;287;0;333
218;31;0;287;0;333
219;31;0;287;0;333
2;32;0;1272;0;333
11;32;0;3093;0;333
12;32;0;623;0;333
13;32;0;287;0;333
14;32;0;287;0;333
15;32;0;287;0;333
15;32;0;287;0;333
60;32;0;1273;0;333
71;32;0;420;0;333
72;32;0;338;0;333
75;32;0;338;0;333
76;32;0;420;0;333
87;32;0;623;0;333
88;32;0;287;0;333
89;32;0;287;0;333
90;32;0;287;0;333
169;32;0;626;0;333
170;32;0;626;0;333
174;32;0;626;0;333
175;32;0;626;0;333
176;32;0;623;0;333
177;32;0;287;0;333
181;32;0;1272;0;333
203;32;0;623;0;333
204;32;0;287;0;333
205;32;0;287;0;333
206;32;0;287;0;333
207;32;0;287;0;333
208;32;0;287;0;333
209;32;0;287;0;333
210;32;0;287;0;333
211;32;0;287;0;333
212;32;0;287;0;333
213;32;0;287;0;333
214;32;0;287;0;333
215;32;0;287;0;333
216;32;0;287;0;333
217;32;0;287;0;333
218;32;0;287;0;333
219;32;0;287;0;333
12;33;0;623;0;333
13;33;0;287;0;333
14;33;0;287;0;333
15;33;0;287;0;333
15;33;0;287;0;333
49;33;0;1273;0;333
54;33;0;1278;0;333
64;33;0;3096;0;333
65;33;0;3098;0;333
71;33;0;338;0;333
82;33;0;232;0;333
87;33;0;626;0;333
88;33;0;622;0;333
89;33;0;622;0;333
90;33;0;630;0;333
90;33;0;702;0;333
165;33;0;287;0;333
166;33;0;287;0;333
167;33;0;287;0;333
168;33;0;287;0;333
169;33;0;287;0;333
170;33;0;287;0;333
171;33;0;599;0;333
173;33;0;596;0;333
174;33;0;287;0;333
175;33;0;287;0;333
176;33;0;287;0;333
177;33;0;287;0;333
178;33;0;626;0;333
186;33;0;233;0;333
203;33;0;596;0;333
204;33;0;287;0;333
205;33;0;287;0;333
206;33;0;287;0;333
207;33;0;287;0;333
208;33;0;287;0;333
209;33;0;287;0;333
210;33;0;287;0;333
211;33;0;287;0;333
212;33;0;287;0;333
213;33;0;287;0;333
214;33;0;287;0;333
215;33;0;287;0;333
216;33;0;287;0;333
217;33;0;287;0;333
218;33;0;287;0;333
219;33;0;287;0;333
12;34;0;629;0;333
13;34;0;630;0;333
14;34;0;287;0;333
15;34;0;287;0;333
15;34;0;287;0;333
64;34;0;627;0;333
65;34;0;626;0;333
70;34;0;338;0;333
76;34;0;420;0;333
79;34;0;232;0;333
80;34;0;232;0;333
90;34;0;623;0;333
90;34;0;702;0;333
137;34;0;287;0;333
138;34;0;287;0;333
139;34;0;287;0;333
140;34;0;287;0;333
141;34;0;287;0;333
142;34;0;287;0;333
143;34;0;287;0;333
144;34;0;287;0;333
145;34;0;287;0;333
146;34;0;287;0;333
147;34;0;287;0;333
148;34;0;287;0;333
149;34;0;287;0;333
150;34;0;287;0;333
151;34;0;287;0;333
152;34;0;287;0;333
153;34;0;287;0;333
154;34;0;287;0;333
155;34;0;287;0;333
156;34;0;287;0;333
157;34;0;287;0;333
158;34;0;287;0;333
159;34;0;287;0;333
160;34;0;287;0;333
161;34;0;287;0;333
162;34;0;287;0;333
163;34;0;287;0;333
164;34;0;287;0;333
165;34;0;287;0;333
166;34;0;622;0;333
167;34;0;622;0;333
168;34;0;622;0;333
169;34;0;287;0;333
170;34;0;287;0;333
171;34;0;600;0;333
173;34;0;600;0;333
174;34;0;622;0;333
175;34;0;622;0;333
176;34;0;597;0;333
177;34;0;622;0;333
178;34;0;628;0;333
5;35;0;1278;0;333
12;35;0;3097;0;333
13;35;0;623;0;333
14;35;0;287;0;333
15;35;0;287;0;333
15;35;0;287;0;333
37;35;0;287;0;333
64;35;0;623;0;333
65;35;0;287;0;333
76;35;0;338;0;333
77;35;0;420;0;333
87;35;0;627;0;333
90;35;0;623;0;333
90;35;0;702;0;333
137;35;0;287;0;333
138;35;0;287;0;333
139;35;0;287;0;333
140;35;0;287;0;333
141;35;0;287;0;333
142;35;0;287;0;333
143;35;0;287;0;333
144;35;0;287;0;333
145;35;0;622;0;333
146;35;0;622;0;333
147;35;0;622;0;333
148;35;0;622;0;333
149;35;0;622;0;333
150;35;0;287;0;333
151;35;0;597;0;333
152;35;0;622;0;333
153;35;0;630;0;333
154;35;0;287;0;333
155;35;0;287;0;333
156;35;0;287;0;333
157;35;0;287;0;333
158;35;0;287;0;333
159;35;0;287;0;333
160;35;0;287;0;333
161;35;0;287;0;333
162;35;0;287;0;333
163;35;0;622;0;333
164;35;0;622;0;333
165;35;0;628;0;333
168;35;0;3095;0;333
169;35;0;3095;0;333
170;35;0;3095;0;333
171;35;0;401;0;333
173;35;0;401;0;333
12;36;0;3093;0;333
13;36;0;623;0;333
14;36;0;287;0;333
15;36;0;287;0;333
15;36;0;287;0;333
37;36;0;287;0;333
65;36;0;287;0;333
70;36;0;420;0;333
71;36;0;338;0;333
72;36;0;338;0;333
79;36;0;232;0;333
87;36;0;623;0;333
88;36;0;287;0;333
89;36;0;287;0;333
90;36;0;287;0;333
137;36;0;287;0;333
138;36;0;287;0;333
139;36;0;287;0;333
140;36;0;287;0;333
141;36;0;287;0;333
142;36;0;287;0;333
143;36;0;622;0;333
144;36;0;628;0;333
153;36;0;626;0;333
154;36;0;622;0;333
155;36;0;622;0;333
156;36;0;622;0;333
157;36;0;630;0;333
158;36;0;287;0;333
159;36;0;287;0;333
160;36;0;287;0;333
161;36;0;287;0;333
162;36;0;287;0;333
164;36;0;3100;0;333
169;36;0;1272;0;333
170;36;0;1250;0;333
174;36;0;1250;0;333
181;36;0;1272;0;333
183;36;0;1250;0;333
186;36;0;233;0;333
11;37;0;421;0;333
13;37;0;629;0;333
14;37;0;630;0;333
15;37;0;287;0;333
37;37;0;287;0;333
65;37;0;287;0;333
65;37;0;287;0;333
66;37;0;627;0;333
67;37;0;626;0;333
72;37;0;420;0;333
77;37;0;338;0;333
78;37;0;420;0;333
87;37;0;623;0;333
88;37;0;287;0;333
89;37;0;287;0;333
90;37;0;287;0;333
137;37;0;287;0;333
138;37;0;287;0;333
139;37;0;622;0;333
140;37;0;622;0;333
141;37;0;622;0;333
142;37;0;628;0;333
143;37;0;418;0;333
154;37;0;1245;0;333
155;37;0;3095;0;333
156;37;0;3095;0;333
157;37;0;626;0;333
158;37;0;622;0;333
159;37;0;622;0;333
160;37;0;622;0;333
161;37;0;622;0;333
162;37;0;622;0;333
163;37;0;628;0;333
167;37;0;1250;0;333
176;37;0;1250;0;333
183;37;0;1272;0;333
13;38;0;3093;0;333
14;38;0;623;0;333
15;38;0;287;0;333
16;38;0;287;0;333
37;38;0;287;0;333
45;38;0;1272;0;333
65;38;0;287;0;333
66;38;0;629;0;333
67;38;0;628;0;333
72;38;0;338;0;333
77;38;0;338;0;333
87;38;0;629;0;333
88;38;0;630;0;333
89;38;0;287;0;333
90;38;0;287;0;333
106;38;0;287;0;333
107;38;0;287;0;333
108;38;0;287;0;333
109;38;0;287;0;333
110;38;0;287;0;333
111;38;0;287;0;333
112;38;0;287;0;333
112;38;0;287;0;333
113;38;0;287;0;333
114;38;0;287;0;333
115;38;0;287;0;333
116;38;0;287;0;333
117;38;0;622;0;333
118;38;0;701;0;333
119;38;0;630;0;333
120;38;0;287;0;333
121;38;0;287;0;333
122;38;0;287;0;333
123;38;0;287;0;333
124;38;0;287;0;333
125;38;0;287;0;333
126;38;0;287;0;333
127;38;0;287;0;333
128;38;0;287;0;333
129;38;0;287;0;333
130;38;0;287;0;333
131;38;0;287;0;333
132;38;0;287;0;333
133;38;0;287;0;333
134;38;0;287;0;333
135;38;0;287;0;333
136;38;0;287;0;333
137;38;0;287;0;333
138;38;0;287;0;333
146;38;0;1273;0;333
154;38;0;1272;0;333
14;39;0;629;0;333
15;39;0;630;0;333
16;39;0;287;0;333
17;39;0;287;0;333
18;39;0;287;0;333
19;39;0;287;0;333
20;39;0;287;0;333
21;39;0;287;0;333
22;39;0;287;0;333
23;39;0;287;0;333
24;39;0;287;0;333
25;39;0;287;0;333
26;39;0;287;0;333
27;39;0;287;0;333
28;39;0;287;0;333
29;39;0;287;0;333
30;39;0;287;0;333
31;39;0;287;0;333
32;39;0;287;0;333
33;39;0;287;0;333
34;39;0;287;0;333
35;39;0;287;0;333
36;39;0;287;0;333
37;39;0;622;0;333
65;39;0;287;0;333
66;39;0;626;0;333
67;39;0;627;0;333
68;39;0;626;0;333
72;39;0;420;0;333
79;39;0;338;0;333
87;39;0;3093;0;333
88;39;0;623;0;333
89;39;0;287;0;333
90;39;0;287;0;333
106;39;0;287;0;333
107;39;0;287;0;333
108;39;0;287;0;333
109;39;0;287;0;333
110;39;0;287;0;333
111;39;0;287;0;333
112;39;0;287;0;333
112;39;0;287;0;333
113;39;0;287;0;333
114;39;0;287;0;333
115;39;0;287;0;333
119;39;0;629;0;333
120;39;0;622;0;333
121;39;0;622;0;333
122;39;0;622;0;333
123;39;0;630;0;333
124;39;0;287;0;333
125;39;0;622;0;333
126;39;0;622;0;333
127;39;0;630;0;333
128;39;0;287;0;333
129;39;0;287;0;333
130;39;0;287;0;333
131;39;0;287;0;333
132;39;0;287;0;333
133;39;0;287;0;333
134;39;0;287;0;333
135;39;0;287;0;333
136;39;0;287;0;333
137;39;0;287;0;333
138;39;0;287;0;333
163;39;0;1250;0;333
167;39;0;1250;0;333
183;39;0;627;0;333
184;39;0;626;0;333
14;40;0;3093;0;333
15;40;0;623;0;333
16;40;0;287;0;333
17;40;0;287;0;333
18;40;0;287;0;333
19;40;0;287;0;333
20;40;0;287;0;333
21;40;0;287;0;333
22;40;0;287;0;333
23;40;0;287;0;333
24;40;0;287;0;333
25;40;0;287;0;333
26;40;0;287;0;333
27;40;0;287;0;333
28;40;0;287;0;333
29;40;0;287;0;333
30;40;0;287;0;333
31;40;0;287;0;333
32;40;0;287;0;333
33;40;0;287;0;333
34;40;0;287;0;333
35;40;0;622;0;333
36;40;0;628;0;333
36;40;0;622;0;333
37;40;0;628;0;333
43;40;0;421;0;333
65;40;0;287;0;333
66;40;0;287;0;333
67;40;0;629;0;333
68;40;0;628;0;333
73;40;0;338;0;333
74;40;0;420;0;333
75;40;0;338;0;333
79;40;0;338;0;333
80;40;0;420;0;333
88;40;0;629;0;333
89;40;0;630;0;333
90;40;0;287;0;333
106;40;0;287;0;333
107;40;0;287;0;333
108;40;0;287;0;333
109;40;0;287;0;333
110;40;0;287;0;333
111;40;0;287;0;333
112;40;0;287;0;333
112;40;0;287;0;333
113;40;0;287;0;333
114;40;0;287;0;333
120;40;0;1272;0;333
120;40;0;3095;0;333
123;40;0;629;0;333
124;40;0;622;0;333
125;40;0;628;0;333
126;40;0;411;0;333
127;40;0;629;0;333
128;40;0;630;0;333
129;40;0;287;0;333
130;40;0;287;0;333
131;40;0;287;0;333
132;40;0;287;0;333
133;40;0;287;0;333
134;40;0;622;0;333
135;40;0;622;0;333
136;40;0;622;0;333
137;40;0;622;0;333
138;40;0;622;0;333
139;40;0;628;0;333
155;40;0;2937;0;333
155;40;0;1266;0;333
159;40;0;2937;0;333
179;40;0;1250;0;333
182;40;0;3100;0;333
183;40;0;623;0;333
184;40;0;287;0;333
185;40;0;287;0;333
186;40;0;287;0;333
187;40;0;287;0;333
188;40;0;287;0;333
15;41;0;623;0;333
16;41;0;287;0;333
17;41;0;287;0;333
18;41;0;287;0;333
19;41;0;287;0;333
20;41;0;287;0;333
21;41;0;287;0;333
22;41;0;287;0;333
23;41;0;287;0;333
24;41;0;287;0;333
25;41;0;287;0;333
26;41;0;287;0;333
27;41;0;287;0;333
28;41;0;287;0;333
29;41;0;287;0;333
30;41;0;287;0;333
31;41;0;287;0;333
32;41;0;287;0;333
33;41;0;287;0;333
34;41;0;622;0;333
35;41;0;628;0;333
36;41;0;3100;0;333
65;41;0;287;0;333
66;41;0;287;0;333
67;41;0;626;0;333
68;41;0;627;0;333
69;41;0;626;0;333
75;41;0;420;0;333
80;41;0;338;0;333
89;41;0;623;0;333
90;41;0;287;0;333
91;41;0;287;0;333
92;41;0;287;0;333
93;41;0;287;0;333
94;41;0;287;0;333
95;41;0;287;0;333
96;41;0;287;0;333
97;41;0;287;0;333
98;41;0;287;0;333
99;41;0;287;0;333
100;41;0;287;0;333
101;41;0;287;0;333
102;41;0;287;0;333
103;41;0;287;0;333
104;41;0;287;0;333
105;41;0;287;0;333
106;41;0;287;0;333
107;41;0;287;0;333
108;41;0;287;0;333
109;41;0;287;0;333
110;41;0;287;0;333
111;41;0;287;0;333
112;41;0;287;0;333
112;41;0;287;0;333
113;41;0;287;0;333
118;41;0;1245;0;333
127;41;0;3095;0;333
128;41;0;629;0;333
129;41;0;630;0;333
130;41;0;287;0;333
131;41;0;287;0;333
132;41;0;287;0;333
133;41;0;287;0;333
134;41;0;626;0;333
136;41;0;3100;0;333
137;41;0;1257;0;333
138;41;0;417;0;333
181;41;0;627;0;333
182;41;0;626;0;333
183;41;0;623;0;333
184;41;0;287;0;333
185;41;0;287;0;333
186;41;0;287;0;333
187;41;0;287;0;333
188;41;0;287;0;333
5;42;0;421;0;333
15;42;0;629;0;333
16;42;0;622;0;333
17;42;0;622;0;333
18;42;0;597;0;333
19;42;0;622;0;333
20;42;0;622;0;333
21;42;0;622;0;333
22;42;0;597;0;333
23;42;0;622;0;333
24;42;0;630;0;333
25;42;0;287;0;333
26;42;0;622;0;333
27;42;0;622;0;333
28;42;0;622;0;333
29;42;0;622;0;333
30;42;0;622;0;333
31;42;0;622;0;333
32;42;0;622;0;333
33;42;0;622;0;333
34;42;0;628;0;333
65;42;0;287;0;333
66;42;0;287;0;333
67;42;0;287;0;333
68;42;0;629;0;333
69;42;0;628;0;333
70;42;0;627;0;333
71;42;0;626;0;333
79;42;0;338;0;333
80;42;0;420;0;333
89;42;0;626;0;333
90;42;0;622;0;333
91;42;0;622;0;333
92;42;0;622;0;333
93;42;0;597;0;333
94;42;0;622;0;333
95;42;0;622;0;333
96;42;0;622;0;333
97;42;0;287;0;333
98;42;0;287;0;333
99;42;0;287;0;333
100;42;0;287;0;333
101;42;0;287;0;333
102;42;0;287;0;333
103;42;0;287;0;333
104;42;0;287;0;333
105;42;0;287;0;333
106;42;0;287;0;333
107;42;0;287;0;333
108;42;0;287;0;333
109;42;0;287;0;333
110;42;0;287;0;333
111;42;0;287;0;333
112;42;0;287;0;333
112;42;0;287;0;333
113;42;0;287;0;333
125;42;0;1246;0;333
129;42;0;623;0;333
130;42;0;287;0;333
131;42;0;287;0;333
132;42;0;287;0;333
133;42;0;622;0;333
134;42;0;628;0;333
135;42;0;3097;0;333
136;42;0;1245;0;333
140;42;0;1266;0;333
155;42;0;1245;0;333
181;42;0;623;0;333
182;42;0;287;0;333
183;42;0;287;0;333
184;42;0;287;0;333
185;42;0;287;0;333
186;42;0;287;0;333
187;42;0;287;0;333
188;42;0;287;0;333
15;43;0;3095;0;333
16;43;0;3095;0;333
23;43;0;424;0;333
24;43;0;623;0;333
25;43;0;287;0;333
26;43;0;626;0;333
32;43;0;418;0;333
65;43;0;287;0;333
66;43;0;287;0;333
67;43;0;287;0;333
68;43;0;287;0;333
69;43;0;287;0;333
70;43;0;629;0;333
71;43;0;628;0;333
72;43;0;627;0;333
73;43;0;626;0;333
75;43;0;338;0;333
75;43;0;338;0;333
76;43;0;338;0;333
81;43;0;1272;0;333
85;43;0;1265;0;333
87;43;0;1247;0;333
95;43;0;3095;0;333
96;43;0;626;0;333
97;43;0;597;0;333
98;43;0;597;0;333
99;43;0;622;0;333
100;43;0;622;0;333
101;43;0;628;0;333
102;43;0;623;0;333
103;43;0;287;0;333
104;43;0;287;0;333
105;43;0;287;0;333
106;43;0;287;0;333
107;43;0;287;0;333
108;43;0;287;0;333
109;43;0;287;0;333
110;43;0;287;0;333
111;43;0;287;0;333
112;43;0;287;0;333
129;43;0;629;0;333
130;43;0;622;0;333
131;43;0;622;0;333
132;43;0;622;0;333
133;43;0;628;0;333
135;43;0;1245;0;333
142;43;0;914;0;333
178;43;0;627;0;333
179;43;0;626;0;333
181;43;0;623;0;333
182;43;0;287;0;333
183;43;0;287;0;333
184;43;0;287;0;333
185;43;0;287;0;333
186;43;0;287;0;333
187;43;0;287;0;333
188;43;0;287;0;333
4;44;0;1273;0;333
6;44;0;1265;0;333
13;44;0;1265;0;333
24;44;0;623;0;333
25;44;0;287;0;333
26;44;0;626;0;333
39;44;0;1273;0;333
65;44;0;287;0;333
66;44;0;287;0;333
67;44;0;287;0;333
68;44;0;287;0;333
69;44;0;287;0;333
70;44;0;287;0;333
71;44;0;287;0;333
72;44;0;629;0;333
73;44;0;628;0;333
76;44;0;420;0;333
79;44;0;338;0;333
90;44;0;2937;0;333
99;44;0;419;0;333
102;44;0;629;0;333
103;44;0;622;0;333
104;44;0;622;0;333
105;44;0;597;0;333
105;44;0;3097;0;333
106;44;0;622;0;333
107;44;0;622;0;333
108;44;0;622;0;333
109;44;0;597;0;333
110;44;0;622;0;333
111;44;0;622;0;333
112;44;0;287;0;333
133;44;0;1257;0;333
136;44;0;232;0;333
147;44;0;422;0;333
170;44;0;3096;0;333
172;44;0;627;0;333
173;44;0;626;0;333
174;44;0;627;0;333
175;44;0;626;0;333
178;44;0;623;0;333
179;44;0;287;0;333
180;44;0;287;0;333
181;44;0;287;0;333
182;44;0;287;0;333
183;44;0;287;0;333
184;44;0;287;0;333
185;44;0;287;0;333
186;44;0;287;0;333
187;44;0;287;0;333
188;44;0;287;0;333
23;45;0;424;0;333
24;45;0;623;0;333
25;45;0;287;0;333
26;45;0;626;0;333
65;45;0;287;0;333
66;45;0;287;0;333
67;45;0;287;0;333
68;45;0;287;0;333
69;45;0;287;0;333
70;45;0;287;0;333
71;45;0;287;0;333
72;45;0;287;0;333
73;45;0;287;0;333
76;45;0;338;0;333
78;45;0;338;0;333
80;45;0;420;0;333
93;45;0;1273;0;333
102;45;0;3095;0;333
104;45;0;1273;0;333
108;45;0;3095;0;333
110;45;0;419;0;333
112;45;0;597;0;333
128;45;0;1250;0;333
132;45;0;1246;0;333
134;45;0;1251;0;333
145;45;0;2937;0;333
168;45;0;3097;0;333
169;45;0;627;0;333
170;45;0;626;0;333
171;45;0;627;0;333
172;45;0;629;0;333
173;45;0;628;0;333
174;45;0;623;0;333
175;45;0;287;0;333
176;45;0;287;0;333
177;45;0;287;0;333
178;45;0;287;0;333
179;45;0;287;0;333
180;45;0;287;0;333
181;45;0;287;0;333
182;45;0;287;0;333
183;45;0;287;0;333
184;45;0;287;0;333
185;45;0;287;0;333
186;45;0;287;0;333
187;45;0;287;0;333
188;45;0;287;0;333
21;46;0;1278;0;333
23;46;0;424;0;333
24;46;0;629;0;333
25;46;0;597;0;333
26;46;0;628;0;333
43;46;0;1278;0;333
65;46;0;287;0;333
66;46;0;287;0;333
67;46;0;287;0;333
68;46;0;287;0;333
69;46;0;287;0;333
70;46;0;287;0;333
71;46;0;287;0;333
72;46;0;287;0;333
73;46;0;287;0;333
76;46;0;420;0;333
78;46;0;338;0;333
81;46;0;1247;0;333
91;46;0;1273;0;333
96;46;0;1273;0;333
101;46;0;1273;0;333
114;46;0;1245;0;333
116;46;0;1272;0;333
132;46;0;1257;0;333
133;46;0;232;0;333
135;46;0;1251;0;333
145;46;0;1254;0;333
147;46;0;1272;0;333
150;46;0;1246;0;333
157;46;0;2937;0;333
158;46;0;232;0;333
163;46;0;1250;0;333
166;46;0;3096;0;333
168;46;0;627;0;333
169;46;0;629;0;333
170;46;0;628;0;333
171;46;0;623;0;333
172;46;0;287;0;333
173;46;0;287;0;333
174;46;0;287;0;333
175;46;0;287;0;333
176;46;0;287;0;333
177;46;0;287;0;333
178;46;0;287;0;333
179;46;0;287;0;333
180;46;0;287;0;333
181;46;0;287;0;333
182;46;0;287;0;333
183;46;0;287;0;333
184;46;0;287;0;333
185;46;0;287;0;333
186;46;0;287;0;333
187;46;0;287;0;333
188;46;0;287;0;333
39;47;0;1265;0;333
65;47;0;287;0;333
66;47;0;287;0;333
67;47;0;287;0;333
68;47;0;287;0;333
69;47;0;287;0;333
70;47;0;287;0;333
71;47;0;287;0;333
72;47;0;287;0;333
73;47;0;287;0;333
102;47;0;1273;0;333
110;47;0;1273;0;333
137;47;0;1245;0;333
155;47;0;1266;0;333
157;47;0;1245;0;333
166;47;0;627;0;333
167;47;0;626;0;333
168;47;0;623;0;333
169;47;0;287;0;333
170;47;0;287;0;333
171;47;0;287;0;333
172;47;0;287;0;333
173;47;0;287;0;333
174;47;0;287;0;333
175;47;0;287;0;333
176;47;0;287;0;333
177;47;0;287;0;333
178;47;0;287;0;333
179;47;0;287;0;333
180;47;0;287;0;333
181;47;0;287;0;333
182;47;0;287;0;333
183;47;0;287;0;333
184;47;0;287;0;333
185;47;0;287;0;333
186;47;0;287;0;333
187;47;0;287;0;333
188;47;0;287;0;333
65;48;0;287;0;333
66;48;0;287;0;333
67;48;0;287;0;333
68;48;0;287;0;333
69;48;0;287;0;333
70;48;0;287;0;333
71;48;0;287;0;333
72;48;0;287;0;333
73;48;0;287;0;333
76;48;0;420;0;333
78;48;0;338;0;333
79;48;0;338;0;333
93;48;0;1273;0;333
106;48;0;1273;0;333
122;48;0;1273;0;333
134;48;0;1246;0;333
135;48;0;1272;0;333
160;48;0;1250;0;333
166;48;0;623;0;333
167;48;0;287;0;333
168;48;0;287;0;333
169;48;0;287;0;333
170;48;0;287;0;333
171;48;0;287;0;333
172;48;0;287;0;333
173;48;0;287;0;333
174;48;0;287;0;333
175;48;0;287;0;333
176;48;0;287;0;333
177;48;0;287;0;333
178;48;0;287;0;333
179;48;0;287;0;333
180;48;0;287;0;333
181;48;0;287;0;333
182;48;0;287;0;333
183;48;0;287;0;333
184;48;0;287;0;333
185;48;0;287;0;333
186;48;0;287;0;333
187;48;0;287;0;333
188;48;0;287;0;333
6;49;0;395;0;333
24;49;0;627;0;333
25;49;0;598;0;333
31;49;0;1246;0;333
65;49;0;287;0;333
66;49;0;287;0;333
67;49;0;287;0;333
68;49;0;287;0;333
69;49;0;287;0;333
70;49;0;287;0;333
71;49;0;287;0;333
72;49;0;287;0;333
73;49;0;287;0;333
74;49;0;599;0;333
80;49;0;420;0;333
81;49;0;3097;0;333
84;49;0;1247;0;333
94;49;0;1272;0;333
95;49;0;1273;0;333
98;49;0;1273;0;333
119;49;0;1246;0;333
132;49;0;426;0;333
133;49;0;1246;0;333
134;49;0;3096;0;333
166;49;0;623;0;333
167;49;0;287;0;333
168;49;0;287;0;333
169;49;0;287;0;333
170;49;0;287;0;333
171;49;0;287;0;333
172;49;0;287;0;333
173;49;0;287;0;333
174;49;0;287;0;333
175;49;0;287;0;333
176;49;0;287;0;333
177;49;0;287;0;333
178;49;0;287;0;333
179;49;0;287;0;333
180;49;0;287;0;333
181;49;0;287;0;333
182;49;0;287;0;333
183;49;0;287;0;333
184;49;0;287;0;333
185;49;0;287;0;333
186;49;0;287;0;333
187;49;0;287;0;333
188;49;0;287;0;333
3;50;0;1278;0;333
15;50;0;2937;0;333
18;50;0;1273;0;333
23;50;0;424;0;333
23;50;0;409;0;333
24;50;0;623;0;333
25;50;0;287;0;333
31;50;0;1272;0;333
65;50;0;287;0;333
66;50;0;287;0;333
67;50;0;287;0;333
68;50;0;287;0;333
69;50;0;287;0;333
70;50;0;287;0;333
71;50;0;287;0;333
72;50;0;287;0;333
73;50;0;287;0;333
74;50;0;599;0;333
76;50;0;420;0;333
78;50;0;338;0;333
80;50;0;627;0;333
81;50;0;626;0;333
104;50;0;1266;0;333
117;50;0;1266;0;333
123;50;0;1266;0;333
134;50;0;627;0;333
135;50;0;626;0;333
8;51;0;2832;0;333
8;51;0;1246;0;333
23;51;0;424;0;333
24;51;0;623;0;333
25;51;0;287;0;333
34;51;0;1273;0;333
65;51;0;287;0;333
66;51;0;287;0;333
67;51;0;287;0;333
68;51;0;287;0;333
69;51;0;287;0;333
70;51;0;287;0;333
71;51;0;287;0;333
72;51;0;287;0;333
73;51;0;287;0;333
74;51;0;599;0;333
79;51;0;420;0;333
80;51;0;629;0;333
81;51;0;628;0;333
87;51;0;1276;0;333
101;51;0;1273;0;333
118;51;0;1245;0;333
134;51;0;623;0;333
135;51;0;287;0;333
136;51;0;287;0;333
16;52;0;1272;0;333
24;52;0;623;0;333
25;52;0;287;0;333
65;52;0;287;0;333
66;52;0;287;0;333
67;52;0;287;0;333
68;52;0;287;0;333
69;52;0;287;0;333
70;52;0;287;0;333
71;52;0;287;0;333
72;52;0;287;0;333
73;52;0;287;0;333
74;52;0;599;0;333
77;52;0;1246;0;333
78;52;0;1246;0;333
79;52;0;627;0;333
80;52;0;626;0;333
81;52;0;627;0;333
82;52;0;626;0;333
97;52;0;1273;0;333
104;52;0;1273;0;333
121;52;0;1278;0;333
125;52;0;1273;0;333
132;52;0;627;0;333
133;52;0;626;0;333
134;52;0;623;0;333
135;52;0;287;0;333
136;52;0;287;0;333
10;53;0;395;0;333
22;53;0;3097;0;333
23;53;0;424;0;333
23;53;0;627;0;333
24;53;0;623;0;333
25;53;0;287;0;333
26;53;0;627;0;333
27;53;0;626;0;333
65;53;0;287;0;333
66;53;0;287;0;333
67;53;0;287;0;333
68;53;0;287;0;333
69;53;0;287;0;333
70;53;0;287;0;333
71;53;0;287;0;333
72;53;0;287;0;333
73;53;0;287;0;333
74;53;0;599;0;333
75;53;0;232;0;333
77;53;0;1276;0;333
78;53;0;627;0;333
79;53;0;629;0;333
80;53;0;628;0;333
81;53;0;629;0;333
82;53;0;628;0;333
88;53;0;3096;0;333
89;53;0;1273;0;333
91;53;0;1273;0;333
92;53;0;1273;0;333
97;53;0;1273;0;333
100;53;0;1273;0;333
106;53;0;1266;0;333
108;53;0;1247;0;333
112;53;0;598;0;333
124;53;0;3096;0;333
129;53;0;627;0;333
130;53;0;626;0;333
131;53;0;626;0;333
132;53;0;623;0;333
133;53;0;287;0;333
134;53;0;287;0;333
135;53;0;287;0;333
136;53;0;287;0;333
5;54;0;395;0;333
23;54;0;623;0;333
24;54;0;287;0;333
25;54;0;287;0;333
26;54;0;629;0;333
27;54;0;628;0;333
28;54;0;627;0;333
29;54;0;626;0;333
65;54;0;287;0;333
66;54;0;287;0;333
67;54;0;287;0;333
68;54;0;287;0;333
69;54;0;287;0;333
70;54;0;287;0;333
71;54;0;287;0;333
72;54;0;622;0;333
73;54;0;622;0;333
74;54;0;628;0;333
77;54;0;338;0;333
78;54;0;623;0;333
79;54;0;287;0;333
80;54;0;287;0;333
81;54;0;287;0;333
82;54;0;627;0;333
83;54;0;626;0;333
88;54;0;627;0;333
89;54;0;626;0;333
111;54;0;623;0;333
112;54;0;287;0;333
113;54;0;287;0;333
124;54;0;627;0;333
125;54;0;626;0;333
126;54;0;627;0;333
127;54;0;626;0;333
128;54;0;626;0;333
129;54;0;623;0;333
130;54;0;287;0;333
131;54;0;287;0;333
132;54;0;287;0;333
133;54;0;287;0;333
134;54;0;287;0;333
135;54;0;287;0;333
136;54;0;287;0;333
19;55;0;416;0;333
20;55;0;627;0;333
21;55;0;627;0;333
22;55;0;627;0;333
23;55;0;623;0;333
24;55;0;287;0;333
25;55;0;287;0;333
26;55;0;626;0;333
27;55;0;626;0;333
28;55;0;629;0;333
29;55;0;628;0;333
30;55;0;627;0;333
31;55;0;626;0;333
65;55;0;287;0;333
66;55;0;287;0;333
67;55;0;287;0;333
68;55;0;287;0;333
69;55;0;287;0;333
70;55;0;287;0;333
71;55;0;287;0;333
72;55;0;626;0;333
73;55;0;626;0;333
74;55;0;420;0;333
75;55;0;232;0;333
77;55;0;1273;0;333
78;55;0;596;0;333
78;55;0;420;0;333
79;55;0;287;0;333
80;55;0;287;0;333
81;55;0;287;0;333
82;55;0;629;0;333
83;55;0;628;0;333
87;55;0;627;0;333
88;55;0;629;0;333
89;55;0;628;0;333
107;55;0;627;0;333
111;55;0;623;0;333
112;55;0;287;0;333
113;55;0;287;0;333
114;55;0;287;0;333
123;55;0;627;0;333
124;55;0;629;0;333
125;55;0;628;0;333
126;55;0;623;0;333
127;55;0;287;0;333
128;55;0;287;0;333
129;55;0;287;0;333
130;55;0;287;0;333
131;55;0;287;0;333
132;55;0;287;0;333
133;55;0;287;0;333
134;55;0;287;0;333
135;55;0;287;0;333
136;55;0;287;0;333
3;56;0;422;0;333
5;56;0;1278;0;333
20;56;0;623;0;333
21;56;0;287;0;333
22;56;0;287;0;333
23;56;0;287;0;333
24;56;0;287;0;333
25;56;0;287;0;333
26;56;0;287;0;333
27;56;0;626;0;333
28;56;0;626;0;333
29;56;0;626;0;333
30;56;0;629;0;333
31;56;0;628;0;333
65;56;0;287;0;333
66;56;0;287;0;333
67;56;0;287;0;333
68;56;0;287;0;333
69;56;0;287;0;333
70;56;0;287;0;333
71;56;0;287;0;333
72;56;0;627;0;333
73;56;0;626;0;333
75;56;0;338;0;333
78;56;0;596;0;333
78;56;0;420;0;333
79;56;0;287;0;333
80;56;0;287;0;333
81;56;0;287;0;333
82;56;0;626;0;333
85;56;0;1276;0;333
86;56;0;627;0;333
87;56;0;623;0;333
88;56;0;287;0;333
89;56;0;287;0;333
90;56;0;287;0;333
91;56;0;287;0;333
92;56;0;287;0;333
93;56;0;627;0;333
94;56;0;626;0;333
100;56;0;627;0;333
101;56;0;626;0;333
104;56;0;627;0;333
105;56;0;626;0;333
107;56;0;623;0;333
108;56;0;287;0;333
109;56;0;287;0;333
110;56;0;287;0;333
111;56;0;287;0;333
111;56;0;287;0;333
112;56;0;287;0;333
113;56;0;287;0;333
114;56;0;287;0;333
115;56;0;287;0;333
123;56;0;623;0;333
124;56;0;287;0;333
125;56;0;287;0;333
126;56;0;287;0;333
127;56;0;287;0;333
128;56;0;287;0;333
129;56;0;287;0;333
130;56;0;287;0;333
131;56;0;287;0;333
132;56;0;287;0;333
133;56;0;287;0;333
134;56;0;287;0;333
135;56;0;287;0;333
136;56;0;287;0;333
15;57;0;3096;0;333
17;57;0;627;0;333
18;57;0;627;0;333
19;57;0;627;0;333
20;57;0;623;0;333
21;57;0;287;0;333
22;57;0;287;0;333
23;57;0;287;0;333
24;57;0;287;0;333
24;57;0;287;0;333
25;57;0;287;0;333
26;57;0;287;0;333
27;57;0;287;0;333
28;57;0;287;0;333
29;57;0;287;0;333
30;57;0;287;0;333
31;57;0;626;0;333
65;57;0;287;0;333
66;57;0;287;0;333
67;57;0;287;0;333
68;57;0;287;0;333
69;57;0;287;0;333
70;57;0;287;0;333
71;57;0;287;0;333
72;57;0;629;0;333
73;57;0;628;0;333
74;57;0;233;0;333
77;57;0;1251;0;333
78;57;0;596;0;333
79;57;0;287;0;333
80;57;0;287;0;333
81;57;0;622;0;333
82;57;0;628;0;333
85;57;0;627;0;333
86;57;0;623;0;333
87;57;0;287;0;333
88;57;0;287;0;333
89;57;0;287;0;333
90;57;0;287;0;333
91;57;0;287;0;333
92;57;0;287;0;333
93;57;0;629;0;333
94;57;0;628;0;333
100;57;0;629;0;333
101;57;0;628;0;333
102;57;0;627;0;333
103;57;0;626;0;333
104;57;0;629;0;333
105;57;0;628;0;333
106;57;0;626;0;333
107;57;0;623;0;333
108;57;0;287;0;333
15;58;0;627;0;333
16;58;0;627;0;333
17;58;0;623;0;333
18;58;0;287;0;333
19;58;0;287;0;333
20;58;0;287;0;333
21;58;0;287;0;333
22;58;0;287;0;333
23;58;0;287;0;333
24;58;0;287;0;333
25;58;0;287;0;333
26;58;0;287;0;333
27;58;0;287;0;333
28;58;0;287;0;333
29;58;0;287;0;333
30;58;0;287;0;333
31;58;0;287;0;333
32;58;0;287;0;333
33;58;0;287;0;333
34;58;0;287;0;333
35;58;0;626;0;333
65;58;0;287;0;333
66;58;0;287;0;333
67;58;0;287;0;333
68;58;0;287;0;333
69;58;0;287;0;333
70;58;0;287;0;333
71;58;0;287;0;333
73;58;0;1276;0;333
74;58;0;233;0;333
76;58;0;338;0;333
77;58;0;623;0;333
78;58;0;287;0;333
79;58;0;287;0;333
80;58;0;599;0;333
81;58;0;628;0;333
85;58;0;623;0;333
86;58;0;287;0;333
87;58;0;287;0;333
88;58;0;287;0;333
89;58;0;287;0;333
90;58;0;287;0;333
91;58;0;287;0;333
92;58;0;287;0;333
93;58;0;287;0;333
94;58;0;287;0;333
95;58;0;287;0;333
96;58;0;287;0;333
97;58;0;287;0;333
98;58;0;287;0;333
99;58;0;287;0;333
100;58;0;287;0;333
101;58;0;287;0;333
102;58;0;629;0;333
103;58;0;628;0;333
104;58;0;626;0;333
105;58;0;626;0;333
106;58;0;626;0;333
107;58;0;623;0;333
108;58;0;287;0;333
15;59;0;623;0;333
16;59;0;287;0;333
17;59;0;287;0;333
18;59;0;287;0;333
19;59;0;287;0;333
20;59;0;287;0;333
21;59;0;287;0;333
22;59;0;287;0;333
23;59;0;287;0;333
24;59;0;287;0;333
25;59;0;287;0;333
26;59;0;287;0;333
27;59;0;287;0;333
28;59;0;287;0;333
29;59;0;287;0;333
30;59;0;287;0;333
31;59;0;287;0;333
32;59;0;287;0;333
33;59;0;287;0;333
34;59;0;287;0;333
35;59;0;287;0;333
36;59;0;287;0;333
65;59;0;287;0;333
66;59;0;287;0;333
67;59;0;287;0;333
68;59;0;287;0;333
69;59;0;287;0;333
70;59;0;287;0;333
71;59;0;287;0;333
73;59;0;1276;0;333
74;59;0;1276;0;333
76;59;0;1273;0;333
77;59;0;623;0;333
78;59;0;287;0;333
79;59;0;287;0;333
80;59;0;599;0;333
85;59;0;623;0;333
86;59;0;287;0;333
87;59;0;287;0;333
88;59;0;287;0;333
89;59;0;287;0;333
90;59;0;287;0;333
91;59;0;287;0;333
92;59;0;287;0;333
93;59;0;287;0;333
94;59;0;287;0;333
95;59;0;287;0;333
96;59;0;287;0;333
97;59;0;287;0;333
98;59;0;287;0;333
99;59;0;287;0;333
100;59;0;287;0;333
101;59;0;287;0;333
102;59;0;287;0;333
103;59;0;287;0;333
104;59;0;287;0;333
105;59;0;287;0;333
106;59;0;287;0;333
107;59;0;287;0;333
108;59;0;287;0;333
