63;23;627;333
64;23;626;333
66;23;627;333
67;23;626;333
63;24;629;333
64;24;628;333
65;24;627;333
66;24;626;333
67;24;628;333
69;24;627;333
70;24;626;333
61;25;627;333
62;25;626;333
65;25;629;333
66;25;628;333
67;25;628;333
69;25;627;333
70;25;626;333
72;25;627;333
73;25;626;333
58;26;627;333
59;26;626;333
61;26;629;333
62;26;628;333
66;26;1246;333
69;26;629;333
70;26;627;333
71;26;626;333
72;26;629;333
73;26;627;333
74;26;626;333
76;26;627;333
77;26;626;333
58;27;629;333
59;27;628;333
61;27;627;333
62;27;626;333
64;27;308;333
66;27;1817;333
69;27;1246;333
70;27;629;333
71;27;628;333
73;27;629;333
74;27;628;333
76;27;629;333
77;27;627;333
78;27;626;333
79;27;627;333
80;27;627;333
81;27;626;333
58;28;627;333
59;28;626;333
60;28;1246;333
61;28;629;333
62;28;628;333
67;28;1783;333
69;28;396;333
69;28;1272;333
77;28;629;333
78;28;628;333
79;28;629;333
80;28;629;333
81;28;627;333
82;28;626;333
57;29;627;333
58;29;626;333
59;29;628;333
60;29;1246;333
65;29;273;333
70;29;1245;333
77;29;1245;333
81;29;629;333
82;29;628;333
54;30;627;333
55;30;626;333
56;30;626;333
57;30;629;333
58;30;628;333
69;30;2832;333
73;30;273;333
75;30;1817;333
82;30;627;333
83;30;626;333
54;31;627;333
55;31;626;333
56;31;628;333
60;31;1807;333
63;31;1783;333
70;31;273;333
71;31;1817;333
73;31;2169;333
78;31;308;333
80;31;387;333
82;31;629;333
83;31;627;333
84;31;627;333
85;31;626;333
54;32;629;333
55;32;628;333
64;32;1782;333
70;32;273;333
83;32;629;333
84;32;629;333
85;32;627;333
86;32;626;333
54;33;387;333
56;33;1246;333
57;33;1817;333
58;33;396;333
58;33;1272;333
65;33;1817;333
70;33;1245;333
76;33;579;333
83;33;301;333
84;33;301;333
85;33;629;333
86;33;628;333
87;33;627;333
88;33;626;333
70;34;586;333
80;34;1817;333
87;34;629;333
88;34;627;333
89;34;626;333
55;35;273;333
56;35;273;333
65;35;627;333
66;35;626;333
68;35;273;333
72;35;1807;333
76;35;2488;333
78;35;578;333
82;35;1245;333
88;35;629;333
89;35;628;333
63;36;273;333
65;36;629;333
66;36;628;333
74;36;576;333
76;36;1783;333
81;36;273;333
85;36;1817;333
90;36;627;333
91;36;626;333
54;37;1817;333
57;37;1783;333
60;37;1246;333
66;37;627;333
67;37;626;333
69;37;273;333
75;37;577;333
88;37;1246;333
90;37;627;333
91;37;626;333
55;38;1782;333
61;38;1817;333
65;38;627;333
66;38;626;333
67;38;628;333
85;38;1783;333
90;38;629;333
91;38;627;333
92;38;626;333
53;39;914;333
61;39;1817;333
62;39;273;333
65;39;629;333
66;39;628;333
67;39;628;333
74;39;387;333
81;39;627;333
82;39;626;333
86;39;914;333
91;39;629;333
92;39;628;333
93;39;627;333
94;39;626;333
59;40;308;333
62;40;273;333
67;40;273;333
68;40;1807;333
72;40;627;333
73;40;626;333
74;40;387;333
76;40;1807;333
81;40;629;333
82;40;628;333
88;40;1817;333
92;40;301;333
93;40;627;333
94;40;626;333
54;41;396;333
54;41;1272;333
62;41;627;333
63;41;626;333
72;41;629;333
73;41;628;333
74;41;387;333
82;41;627;333
83;41;626;333
90;41;1245;333
93;41;629;333
94;41;628;333
53;42;1807;333
62;42;629;333
63;42;628;333
65;42;1807;333
76;42;586;333
81;42;308;333
82;42;629;333
83;42;628;333
89;42;2169;333
94;42;627;333
95;42;626;333
96;42;627;333
97;42;626;333
51;43;1783;333
52;43;1246;333
54;43;273;333
59;43;1246;333
60;43;1817;333
61;43;1254;333
62;43;915;333
63;43;1245;333
64;43;1246;333
65;43;1245;333
66;43;1246;333
67;43;914;333
68;43;1817;333
77;43;273;333
81;43;2170;333
94;43;629;333
95;43;628;333
96;43;627;333
97;43;626;333
58;44;1245;333
60;44;1245;333
62;44;1246;333
67;44;1245;333
81;44;273;333
82;44;273;333
83;44;627;333
84;44;626;333
88;44;1782;333
92;44;1817;333
96;44;629;333
97;44;628;333
98;44;627;333
99;44;626;333
51;45;273;333
58;45;396;333
58;45;1272;333
65;45;2805;333
67;45;914;333
73;45;1783;333
76;45;627;333
77;45;626;333
83;45;629;333
84;45;628;333
90;45;273;333
91;45;273;333
92;45;914;333
98;45;627;333
99;45;626;333
64;46;75;333
65;46;2052;333
67;46;914;333
72;46;1807;333
75;46;627;333
76;46;626;333
77;46;628;333
88;46;914;333
97;46;1245;333
98;46;629;333
99;46;628;333
52;47;914;333
65;47;2052;333
67;47;1245;333
68;47;1817;333
70;47;586;333
73;47;627;333
74;47;626;333
75;47;629;333
76;47;628;333
77;47;627;333
78;47;626;333
79;47;626;333
85;47;301;333
95;47;1817;333
99;47;301;333
100;47;627;333
101;47;626;333
53;48;627;333
54;48;626;333
64;48;361;333
65;48;2069;333
67;48;914;333
73;48;629;333
74;48;628;333
77;48;629;333
78;48;628;333
79;48;628;333
81;48;1817;333
92;48;1782;333
99;48;915;333
100;48;627;333
101;48;626;333
53;49;629;333
54;49;628;333
57;49;1246;333
58;49;396;333
58;49;1272;333
64;49;2586;333
65;49;2052;333
72;49;627;333
73;49;626;333
79;49;1245;333
89;49;273;333
100;49;629;333
101;49;628;333
54;50;1807;333
57;50;1246;333
64;50;315;333
65;50;2052;333
67;50;1254;333
72;50;629;333
73;50;628;333
78;50;1783;333
80;50;914;333
81;50;1782;333
97;50;915;333
98;50;627;333
99;50;626;333
100;50;627;333
101;50;626;333
65;51;2805;333
66;51;1246;333
67;51;1783;333
68;51;627;333
69;51;626;333
77;51;1782;333
78;51;1783;333
80;51;2169;333
86;51;1254;333
89;51;308;333
96;51;627;333
97;51;626;333
98;51;629;333
99;51;628;333
100;51;629;333
101;51;627;333
102;51;626;333
54;52;1817;333
56;52;627;333
57;52;626;333
66;52;914;333
67;52;1807;333
68;52;629;333
69;52;628;333
72;52;1817;333
74;52;1817;333
83;52;1817;333
92;52;627;333
93;52;626;333
94;52;627;333
95;52;626;333
96;52;629;333
97;52;628;333
100;52;915;333
101;52;629;333
102;52;628;333
56;53;629;333
57;53;628;333
58;53;1807;333
58;53;915;333
59;53;1246;333
60;53;1254;333
61;53;1246;333
62;53;1250;333
63;53;1246;333
64;53;1254;333
65;53;1246;333
70;53;1245;333
75;53;627;333
76;53;626;333
88;53;627;333
89;53;626;333
91;53;627;333
92;53;626;333
93;53;628;333
94;53;629;333
95;53;628;333
59;54;914;333
66;54;1817;333
70;54;1245;333
71;54;1246;333
75;54;629;333
76;54;628;333
86;54;627;333
87;54;626;333
88;54;629;333
89;54;628;333
90;54;626;333
91;54;629;333
92;54;628;333
56;55;1817;333
61;55;1817;333
69;55;1783;333
72;55;627;333
73;55;626;333
74;55;626;333
76;55;627;333
77;55;626;333
78;55;627;333
79;55;626;333
81;55;627;333
82;55;627;333
83;55;626;333
85;55;627;333
86;55;626;333
87;55;628;333
88;55;301;333
89;55;629;333
90;55;628;333
64;56;2169;333
67;56;914;333
70;56;627;333
71;56;626;333
72;56;629;333
73;56;628;333
74;56;628;333
76;56;629;333
77;56;628;333
78;56;629;333
79;56;628;333
81;56;629;333
82;56;629;333
83;56;628;333
84;56;626;333
85;56;629;333
86;56;628;333
58;57;627;333
59;57;626;333
69;57;301;333
70;57;629;333
71;57;628;333
81;57;273;333
82;57;301;333
83;57;629;333
84;57;628;333
87;57;1254;333
56;58;627;333
57;58;626;333
58;58;629;333
59;58;628;333
64;58;308;333
70;58;301;333
71;58;301;333
85;58;273;333
56;59;629;333
57;59;628;333
65;59;1246;333
68;59;627;333
69;59;626;333
57;60;627;333
58;60;626;333
62;60;1783;333
65;60;627;333
66;60;626;333
67;60;626;333
68;60;629;333
69;60;628;333
57;61;627;333
58;61;626;333
60;61;1817;333
65;61;629;333
66;61;628;333
67;61;628;333
57;62;629;333
58;62;628;333
64;62;627;333
65;62;626;333
62;63;627;333
63;63;626;333
64;63;629;333
65;63;628;333
57;64;2170;333
62;64;629;333
63;64;628;333
57;65;1783;333
58;65;1817;333
62;65;627;333
63;65;626;333
62;66;629;333
63;66;628;333
57;67;1783;333
59;67;627;333
60;67;626;333
59;68;627;333
60;68;626;333
57;69;627;333
58;69;626;333
59;69;629;333
60;69;628;333
57;70;629;333
58;70;628;333
186;96;287;333
187;96;287;333
188;96;287;333
189;96;287;333
190;96;287;333
191;96;287;333
180;97;627;333
181;97;626;333
183;97;287;333
184;97;287;333
185;97;287;333
186;97;287;333
187;97;287;333
188;97;287;333
189;97;287;333
190;97;287;333
191;97;287;333
180;98;629;333
181;98;628;333
183;98;287;333
184;98;287;333
185;98;287;333
186;98;287;333
187;98;287;333
188;98;287;333
189;98;287;333
190;98;287;333
191;98;287;333
174;99;627;333
175;99;626;333
176;99;627;333
177;99;626;333
179;99;627;333
180;99;626;333
183;99;287;333
184;99;287;333
185;99;287;333
186;99;287;333
187;99;287;333
188;99;287;333
189;99;287;333
190;99;287;333
191;99;287;333
163;100;627;333
164;100;626;333
174;100;629;333
175;100;628;333
176;100;629;333
177;100;628;333
178;100;626;333
179;100;627;333
180;100;626;333
181;100;627;333
183;100;287;333
184;100;287;333
185;100;287;333
186;100;287;333
187;100;287;333
188;100;287;333
189;100;287;333
190;100;287;333
191;100;287;333
163;101;629;333
164;101;627;333
165;101;626;333
168;101;627;333
169;101;626;333
170;101;627;333
171;101;626;333
172;101;627;333
173;101;626;333
174;101;627;333
175;101;626;333
177;101;629;333
178;101;628;333
179;101;629;333
180;101;628;333
181;101;629;333
182;101;287;333
183;101;287;333
184;101;622;333
185;101;622;333
186;101;622;333
187;101;622;333
188;101;630;333
189;101;287;333
190;101;627;333
191;101;626;333
162;102;627;333
163;102;626;333
164;102;629;333
165;102;628;333
166;102;627;333
167;102;626;333
168;102;629;333
169;102;628;333
170;102;626;333
171;102;628;333
172;102;629;333
173;102;628;333
174;102;629;333
175;102;628;333
177;102;1807;333
180;102;1245;333
181;102;623;333
182;102;287;333
188;102;623;333
189;102;287;333
190;102;629;333
191;102;628;333
192;102;626;333
162;103;629;333
163;103;628;333
166;103;629;333
167;103;628;333
168;103;626;333
169;103;629;333
170;103;628;333
172;103;1783;333
175;103;1246;333
182;103;597;333
188;103;623;333
189;103;287;333
190;103;287;333
191;103;629;333
192;103;628;333
161;104;627;333
162;104;626;333
165;104;586;333
167;104;629;333
168;104;628;333
169;104;1272;333
172;104;273;333
180;104;1783;333
182;104;598;333
187;104;623;333
188;104;287;333
189;104;287;333
190;104;287;333
191;104;287;333
192;104;287;333
160;105;627;333
161;105;626;333
162;105;628;333
164;105;273;333
167;105;1807;333
178;105;273;333
181;105;623;333
182;105;287;333
186;105;627;333
187;105;623;333
188;105;287;333
189;105;287;333
190;105;287;333
191;105;626;333
192;105;626;333
193;105;627;333
194;105;626;333
160;106;629;333
161;106;628;333
166;106;273;333
167;106;1783;333
174;106;586;333
180;106;627;333
181;106;623;333
182;106;287;333
187;106;629;333
188;106;630;333
189;106;287;333
190;106;287;333
191;106;627;333
192;106;626;333
193;106;627;333
194;106;626;333
161;107;627;333
162;107;626;333
165;107;1272;333
169;107;627;333
170;107;626;333
175;107;627;333
176;107;626;333
179;107;273;333
180;107;623;333
181;107;287;333
182;107;287;333
188;107;629;333
189;107;630;333
190;107;287;333
191;107;629;333
192;107;628;333
193;107;629;333
194;107;628;333
161;108;629;333
162;108;628;333
167;108;1246;333
169;108;627;333
170;108;626;333
173;108;232;333
175;108;629;333
176;108;628;333
177;108;1783;333
180;108;623;333
181;108;287;333
182;108;287;333
188;108;1245;333
189;108;596;333
190;108;287;333
193;108;627;333
194;108;626;333
162;109;627;333
163;109;626;333
164;109;626;333
168;109;627;333
169;109;626;333
170;109;628;333
173;109;1783;333
174;109;232;333
177;109;627;333
179;109;287;333
180;109;287;333
181;109;287;333
182;109;622;333
189;109;623;333
190;109;287;333
193;109;629;333
194;109;628;333
162;110;629;333
163;110;628;333
164;110;628;333
165;110;1783;333
167;110;627;333
168;110;626;333
169;110;628;333
179;110;287;333
180;110;287;333
181;110;622;333
186;110;1246;333
189;110;596;333
190;110;287;333
192;110;627;333
193;110;626;333
162;111;627;333
163;111;626;333
167;111;629;333
168;111;628;333
169;111;1245;333
172;111;1783;333
174;111;627;333
176;111;627;333
177;111;287;333
178;111;287;333
179;111;287;333
180;111;287;333
189;111;623;333
190;111;287;333
192;111;629;333
193;111;628;333
161;112;627;333
162;112;626;333
163;112;628;333
167;112;586;333
173;112;627;333
175;112;287;333
176;112;287;333
177;112;287;333
178;112;287;333
179;112;287;333
180;112;622;333
189;112;596;333
190;112;287;333
191;112;627;333
192;112;626;333
161;113;629;333
162;113;628;333
164;113;1807;333
171;113;627;333
172;113;627;333
174;113;287;333
175;113;287;333
176;113;287;333
177;113;287;333
178;113;287;333
179;113;622;333
186;113;1272;333
189;113;623;333
190;113;287;333
191;113;629;333
192;113;628;333
193;113;627;333
194;113;626;333
161;114;627;333
162;114;626;333
163;114;1783;333
164;114;1783;333
167;114;627;333
168;114;626;333
171;114;627;333
172;114;287;333
173;114;287;333
174;114;287;333
175;114;622;333
176;114;622;333
177;114;622;333
178;114;622;333
179;114;628;333
187;114;1246;333
189;114;596;333
190;114;287;333
193;114;629;333
194;114;628;333
160;115;627;333
161;115;626;333
162;115;628;333
164;115;1246;333
165;115;273;333
167;115;629;333
168;115;628;333
170;115;287;333
171;115;287;333
172;115;287;333
173;115;287;333
174;115;287;333
177;115;628;333
180;115;1272;333
189;115;623;333
190;115;287;333
192;115;627;333
193;115;626;333
194;115;627;333
195;115;626;333
160;116;629;333
161;116;628;333
166;116;627;333
167;116;629;333
168;116;287;333
169;116;287;333
170;116;287;333
171;116;287;333
172;116;287;333
173;116;287;333
174;116;287;333
184;116;2832;333
189;116;596;333
190;116;287;333
192;116;629;333
193;116;628;333
194;116;629;333
195;116;628;333
161;117;1783;333
163;117;1783;333
165;117;627;333
166;117;629;333
167;117;287;333
168;117;287;333
169;117;287;333
170;117;287;333
171;117;287;333
172;117;622;333
173;117;622;333
174;117;622;333
175;117;1272;333
190;117;287;333
194;117;627;333
195;117;626;333
158;118;627;333
159;118;626;333
164;118;1272;333
165;118;629;333
166;118;287;333
167;118;287;333
168;118;287;333
169;118;287;333
170;118;287;333
171;118;622;333
174;118;1245;333
175;118;232;333
188;118;287;333
189;118;287;333
190;118;287;333
192;118;627;333
193;118;626;333
194;118;629;333
195;118;628;333
158;119;629;333
159;119;628;333
161;119;1783;333
164;119;627;333
165;119;629;333
166;119;287;333
167;119;287;333
168;119;287;333
169;119;287;333
170;119;287;333
185;119;623;333
186;119;287;333
187;119;287;333
188;119;287;333
189;119;287;333
190;119;287;333
191;119;627;333
192;119;626;333
193;119;628;333
158;120;627;333
159;120;626;333
163;120;1246;333
164;120;629;333
165;120;287;333
166;120;287;333
167;120;287;333
168;120;287;333
169;120;287;333
170;120;287;333
174;120;914;333
178;120;232;333
184;120;623;333
185;120;623;333
186;120;287;333
187;120;287;333
188;120;287;333
189;120;287;333
190;120;287;333
191;120;629;333
192;120;628;333
157;121;627;333
158;121;626;333
159;121;628;333
162;121;1807;333
163;121;627;333
164;121;629;333
165;121;287;333
166;121;287;333
167;121;287;333
168;121;287;333
169;121;287;333
170;121;622;333
175;121;232;333
176;121;914;333
182;121;623;333
183;121;287;333
184;121;287;333
185;121;287;333
186;121;287;333
187;121;287;333
189;121;287;333
190;121;626;333
157;122;629;333
158;122;628;333
159;122;1272;333
160;122;1272;333
164;122;629;333
165;122;287;333
166;122;287;333
167;122;287;333
168;122;287;333
169;122;622;333
177;122;627;333
179;122;623;333
180;122;287;333
181;122;287;333
182;122;287;333
183;122;287;333
184;122;287;333
185;122;287;333
186;122;287;333
187;122;622;333
188;122;622;333
189;122;622;333
190;122;628;333
155;123;627;333
156;123;626;333
157;123;586;333
158;123;1783;333
159;123;1272;333
160;123;1272;333
161;123;1783;333
164;123;626;333
165;123;287;333
166;123;287;333
167;123;287;333
168;123;622;333
176;123;627;333
177;123;623;333
178;123;287;333
179;123;287;333
180;123;287;333
181;123;287;333
182;123;287;333
183;123;287;333
184;123;287;333
185;123;287;333
186;123;287;333
152;124;627;333
153;124;626;333
155;124;629;333
156;124;628;333
158;124;1783;333
159;124;1272;333
160;124;1272;333
164;124;287;333
165;124;287;333
166;124;287;333
167;124;622;333
168;124;628;333
170;124;914;333
172;124;232;333
174;124;627;333
177;124;623;333
178;124;287;333
179;124;287;333
180;124;287;333
181;124;287;333
182;124;622;333
183;124;622;333
184;124;622;333
185;124;622;333
186;124;622;333
187;124;628;333
152;125;629;333
153;125;628;333
154;125;627;333
155;125;626;333
159;125;627;333
160;125;627;333
161;125;627;333
162;125;287;333
163;125;287;333
164;125;287;333
165;125;622;333
166;125;622;333
167;125;628;333
169;125;232;333
174;125;623;333
175;125;287;333
176;125;287;333
177;125;287;333
178;125;287;333
179;125;287;333
180;125;287;333
181;125;287;333
148;126;627;333
149;126;626;333
151;126;627;333
152;126;626;333
154;126;629;333
155;126;628;333
158;126;627;333
159;126;629;333
160;126;287;333
161;126;287;333
162;126;287;333
162;126;287;333
163;126;287;333
164;126;287;333
165;126;1245;333
173;126;287;333
174;126;287;333
175;126;287;333
176;126;287;333
177;126;287;333
178;126;622;333
179;126;622;333
180;126;622;333
181;126;622;333
182;126;628;333
148;127;629;333
149;127;628;333
150;127;626;333
151;127;626;333
152;127;628;333
156;127;1783;333
159;127;629;333
160;127;287;333
161;127;287;333
162;127;287;333
162;127;287;333
163;127;287;333
164;127;1245;333
165;127;232;333
166;127;1246;333
172;127;287;333
173;127;287;333
174;127;287;333
175;127;287;333
176;127;287;333
177;127;287;333
149;128;629;333
150;128;628;333
151;128;628;333
156;128;1783;333
160;128;287;333
161;128;287;333
161;128;287;333
161;128;287;333
162;128;287;333
162;128;287;333
162;128;287;333
162;128;287;333
163;128;622;333
164;128;914;333
165;128;1245;333
166;128;914;333
167;128;1245;333
169;128;623;333
170;128;287;333
171;128;287;333
172;128;287;333
173;128;287;333
174;128;287;333
175;128;622;333
176;128;622;333
177;128;622;333
178;128;628;333
146;129;627;333
147;129;626;333
148;129;627;333
149;129;626;333
150;129;626;333
151;129;627;333
152;129;626;333
153;129;627;333
154;129;626;333
157;129;627;333
158;129;627;333
159;129;287;333
160;129;287;333
161;129;622;333
162;129;622;333
163;129;28;333
164;129;1246;333
165;129;1245;333
167;129;623;333
168;129;287;333
169;129;287;333
170;129;287;333
171;129;287;333
172;129;287;333
173;129;287;333
174;129;287;333
139;130;627;333
140;130;626;333
145;130;627;333
146;130;629;333
147;130;628;333
148;130;627;333
149;130;626;333
150;130;628;333
151;130;627;333
152;130;626;333
153;130;629;333
154;130;628;333
157;130;623;333
158;130;287;333
159;130;287;333
159;130;287;333
160;130;622;333
164;130;232;333
165;130;232;333
166;130;287;333
167;130;287;333
168;130;287;333
169;130;287;333
170;130;287;333
171;130;622;333
172;130;622;333
173;130;622;333
174;130;622;333
175;130;628;333
136;131;627;333
137;131;626;333
138;131;627;333
139;131;626;333
140;131;628;333
141;131;627;333
142;131;626;333
145;131;627;333
146;131;626;333
148;131;629;333
149;131;628;333
151;131;629;333
152;131;628;333
155;131;1272;333
156;131;627;333
157;131;623;333
158;131;287;333
163;131;627;333
164;131;623;333
165;131;287;333
166;131;287;333
167;131;287;333
168;131;287;333
169;131;287;333
170;131;287;333
136;132;629;333
137;132;628;333
138;132;629;333
139;132;628;333
141;132;629;333
142;132;628;333
143;132;627;333
144;132;626;333
145;132;629;333
146;132;628;333
154;132;1783;333
155;132;1783;333
157;132;623;333
158;132;287;333
158;132;287;333
164;132;287;333
165;132;287;333
166;132;287;333
167;132;287;333
168;132;287;333
169;132;622;333
170;132;622;333
171;132;628;333
134;133;627;333
135;133;626;333
143;133;629;333
144;133;628;333
150;133;1783;333
151;133;1783;333
152;133;1783;333
153;133;1783;333
154;133;1783;333
155;133;1783;333
157;133;623;333
158;133;287;333
162;133;623;333
163;133;287;333
163;133;287;333
164;133;287;333
164;133;287;333
165;133;287;333
166;133;287;333
134;134;629;333
135;134;628;333
138;134;1245;333
147;134;914;333
149;134;1783;333
150;134;1783;333
151;134;1783;333
154;134;1783;333
155;134;1783;333
157;134;625;333
161;134;623;333
162;134;287;333
163;134;287;333
163;134;287;333
164;134;287;333
164;134;287;333
165;134;287;333
166;134;287;333
133;135;627;333
134;135;626;333
144;135;273;333
145;135;627;333
146;135;626;333
149;135;586;333
150;135;1245;333
154;135;586;333
155;135;273;333
157;135;623;333
158;135;287;333
159;135;287;333
160;135;287;333
161;135;287;333
162;135;287;333
163;135;287;333
164;135;627;333
133;136;629;333
134;136;628;333
138;136;627;333
139;136;626;333
142;136;1783;333
144;136;586;333
145;136;629;333
146;136;628;333
147;136;626;333
150;136;273;333
151;136;627;333
152;136;626;333
154;136;1783;333
155;136;1783;333
157;136;623;333
158;136;287;333
159;136;287;333
160;136;287;333
161;136;287;333
162;136;287;333
163;136;287;333
164;136;629;333
165;136;628;333
166;136;628;333
136;137;627;333
137;137;626;333
138;137;629;333
139;137;628;333
141;137;914;333
143;137;1783;333
144;137;273;333
146;137;629;333
147;137;628;333
149;137;273;333
150;137;627;333
151;137;629;333
152;137;628;333
153;137;627;333
154;137;626;333
155;137;1783;333
156;137;586;333
157;137;629;333
158;137;622;333
159;137;622;333
160;137;622;333
161;137;622;333
162;137;622;333
163;137;622;333
165;137;629;333
166;137;628;333
136;138;629;333
137;138;628;333
150;138;629;333
151;138;628;333
153;138;629;333
154;138;628;333
162;138;627;333
163;138;626;333
162;139;629;333
163;139;628;333
