57;9;0;1245;0;333
57;10;0;627;0;333
58;10;0;626;0;333
59;10;0;627;0;333
60;10;0;626;0;333
57;11;0;629;0;333
58;11;0;628;0;333
59;11;0;629;0;333
60;11;0;627;0;333
61;11;0;626;0;333
58;12;0;1245;0;333
60;12;0;629;0;333
61;12;0;627;0;333
62;12;0;626;0;333
59;13;0;627;0;333
60;13;0;626;0;333
61;13;0;629;0;333
62;13;0;628;0;333
63;13;0;627;0;333
64;13;0;626;0;333
59;14;0;629;0;333
60;14;0;628;0;333
63;14;0;627;0;333
64;14;0;626;0;333
58;15;0;627;0;333
59;15;0;626;0;333
63;15;0;629;0;333
64;15;0;627;0;333
65;15;0;626;0;333
58;16;0;629;0;333
59;16;0;628;0;333
62;16;0;274;0;333
64;16;0;629;0;333
65;16;0;627;0;333
66;16;0;626;0;333
59;17;0;627;0;333
60;17;0;626;0;333
62;17;0;1254;0;333
63;17;0;1245;0;333
64;17;0;1245;0;333
65;17;0;629;0;333
66;17;0;628;0;333
67;17;0;627;0;333
68;17;0;626;0;333
59;18;0;629;0;333
60;18;0;628;0;333
64;18;0;274;0;333
67;18;0;629;0;333
68;18;0;627;0;333
69;18;0;626;0;333
70;18;0;627;0;333
71;18;0;627;0;333
72;18;0;626;0;333
57;19;0;1254;0;333
58;19;0;627;0;333
59;19;0;626;0;333
62;19;0;1246;0;333
65;19;0;1246;0;333
68;19;0;629;0;333
69;19;0;628;0;333
70;19;0;629;0;333
71;19;0;629;0;333
72;19;0;628;0;333
73;19;0;627;0;333
74;19;0;626;0;333
75;19;0;626;0;333
58;20;0;629;0;333
59;20;0;628;0;333
60;20;0;274;0;333
73;20;0;629;0;333
74;20;0;628;0;333
75;20;0;628;0;333
56;21;0;627;0;333
57;21;0;626;0;333
61;21;0;1254;0;333
56;22;0;629;0;333
57;22;0;628;0;333
61;22;0;274;0;333
56;23;0;627;0;333
57;23;0;626;0;333
60;23;0;1245;0;333
63;23;0;287;0;333
64;23;0;287;0;333
65;23;0;287;0;333
66;23;0;287;0;333
67;23;0;287;0;333
68;23;0;287;0;333
69;23;0;287;0;333
81;23;0;627;0;333
82;23;0;626;0;333
83;23;0;627;0;333
84;23;0;626;0;333
85;23;0;627;0;333
86;23;0;626;0;333
56;24;0;629;0;333
57;24;0;628;0;333
61;24;0;287;0;333
62;24;0;287;0;333
63;24;0;287;0;333
64;24;0;287;0;333
65;24;0;287;0;333
66;24;0;287;0;333
67;24;0;287;0;333
68;24;0;287;0;333
69;24;0;287;0;333
70;24;0;287;0;333
71;24;0;287;0;333
72;24;0;287;0;333
73;24;0;287;0;333
81;24;0;629;0;333
82;24;0;628;0;333
83;24;0;629;0;333
84;24;0;628;0;333
85;24;0;629;0;333
86;24;0;628;0;333
54;25;0;627;0;333
55;25;0;626;0;333
57;25;0;627;0;333
61;25;0;287;0;333
62;25;0;287;0;333
63;25;0;287;0;333
64;25;0;287;0;333
65;25;0;287;0;333
66;25;0;287;0;333
67;25;0;287;0;333
68;25;0;287;0;333
69;25;0;287;0;333
70;25;0;287;0;333
71;25;0;287;0;333
72;25;0;287;0;333
73;25;0;287;0;333
74;25;0;287;0;333
75;25;0;287;0;333
76;25;0;287;0;333
87;25;0;627;0;333
88;25;0;626;0;333
54;26;0;629;0;333
55;26;0;628;0;333
56;26;0;627;0;333
57;26;0;623;0;333
58;26;0;287;0;333
59;26;0;287;0;333
60;26;0;287;0;333
61;26;0;287;0;333
62;26;0;287;0;333
63;26;0;287;0;333
64;26;0;287;0;333
65;26;0;287;0;333
66;26;0;287;0;333
67;26;0;287;0;333
68;26;0;287;0;333
69;26;0;287;0;333
70;26;0;287;0;333
71;26;0;287;0;333
72;26;0;287;0;333
73;26;0;287;0;333
74;26;0;287;0;333
75;26;0;287;0;333
76;26;0;287;0;333
77;26;0;287;0;333
78;26;0;287;0;333
79;26;0;287;0;333
87;26;0;629;0;333
88;26;0;627;0;333
89;26;0;626;0;333
90;26;0;627;0;333
91;26;0;626;0;333
53;27;0;627;0;333
54;27;0;626;0;333
55;27;0;627;0;333
56;27;0;623;0;333
57;27;0;287;0;333
58;27;0;287;0;333
59;27;0;287;0;333
60;27;0;287;0;333
61;27;0;287;0;333
62;27;0;287;0;333
63;27;0;287;0;333
64;27;0;287;0;333
65;27;0;287;0;333
66;27;0;287;0;333
67;27;0;287;0;333
68;27;0;287;0;333
69;27;0;287;0;333
70;27;0;287;0;333
71;27;0;287;0;333
72;27;0;287;0;333
73;27;0;287;0;333
74;27;0;287;0;333
75;27;0;287;0;333
76;27;0;287;0;333
77;27;0;287;0;333
78;27;0;287;0;333
79;27;0;287;0;333
80;27;0;287;0;333
81;27;0;287;0;333
82;27;0;287;0;333
88;27;0;629;0;333
89;27;0;628;0;333
90;27;0;626;0;333
91;27;0;627;0;333
92;27;0;626;0;333
53;28;0;629;0;333
54;28;0;628;0;333
55;28;0;623;0;333
56;28;0;287;0;333
57;28;0;287;0;333
58;28;0;287;0;333
59;28;0;287;0;333
60;28;0;287;0;333
61;28;0;287;0;333
62;28;0;287;0;333
63;28;0;287;0;333
64;28;0;287;0;333
65;28;0;287;0;333
66;28;0;622;0;333
67;28;0;622;0;333
68;28;0;622;0;333
69;28;0;622;0;333
70;28;0;622;0;333
71;28;0;622;0;333
72;28;0;630;0;333
73;28;0;287;0;333
74;28;0;287;0;333
75;28;0;287;0;333
76;28;0;287;0;333
77;28;0;287;0;333
78;28;0;287;0;333
79;28;0;287;0;333
80;28;0;287;0;333
81;28;0;287;0;333
82;28;0;287;0;333
89;28;0;629;0;333
90;28;0;628;0;333
91;28;0;629;0;333
92;28;0;627;0;333
93;28;0;626;0;333
51;29;0;627;0;333
52;29;0;626;0;333
53;29;0;627;0;333
54;29;0;623;0;333
55;29;0;287;0;333
56;29;0;287;0;333
57;29;0;287;0;333
58;29;0;287;0;333
59;29;0;287;0;333
60;29;0;287;0;333
61;29;0;287;0;333
62;29;0;287;0;333
63;29;0;287;0;333
64;29;0;287;0;333
65;29;0;622;0;333
66;29;0;628;0;333
68;29;0;402;0;333
68;29;0;1265;0;333
71;29;0;626;0;333
72;29;0;623;0;333
73;29;0;287;0;333
74;29;0;287;0;333
75;29;0;287;0;333
76;29;0;287;0;333
77;29;0;287;0;333
78;29;0;287;0;333
79;29;0;287;0;333
80;29;0;287;0;333
81;29;0;287;0;333
82;29;0;287;0;333
92;29;0;629;0;333
93;29;0;628;0;333
51;30;0;629;0;333
52;30;0;628;0;333
53;30;0;623;0;333
54;30;0;287;0;333
55;30;0;287;0;333
56;30;0;287;0;333
57;30;0;287;0;333
58;30;0;287;0;333
59;30;0;287;0;333
60;30;0;287;0;333
61;30;0;287;0;333
62;30;0;287;0;333
65;30;0;628;0;333
69;30;0;28;0;333
72;30;0;623;0;333
73;30;0;287;0;333
74;30;0;287;0;333
75;30;0;287;0;333
76;30;0;287;0;333
77;30;0;287;0;333
78;30;0;287;0;333
79;30;0;287;0;333
80;30;0;287;0;333
81;30;0;287;0;333
82;30;0;287;0;333
83;30;0;287;0;333
84;30;0;287;0;333
85;30;0;287;0;333
93;30;0;627;0;333
94;30;0;626;0;333
53;31;0;623;0;333
54;31;0;287;0;333
55;31;0;287;0;333
56;31;0;287;0;333
57;31;0;287;0;333
58;31;0;287;0;333
59;31;0;287;0;333
60;31;0;287;0;333
61;31;0;287;0;333
62;31;0;287;0;333
72;31;0;623;0;333
73;31;0;287;0;333
74;31;0;287;0;333
75;31;0;287;0;333
76;31;0;287;0;333
77;31;0;287;0;333
78;31;0;287;0;333
79;31;0;287;0;333
80;31;0;287;0;333
81;31;0;287;0;333
82;31;0;287;0;333
83;31;0;287;0;333
84;31;0;287;0;333
85;31;0;287;0;333
93;31;0;629;0;333
94;31;0;628;0;333
50;32;0;1254;0;333
51;32;0;627;0;333
52;32;0;626;0;333
53;32;0;623;0;333
54;32;0;287;0;333
55;32;0;287;0;333
56;32;0;287;0;333
57;32;0;287;0;333
58;32;0;287;0;333
59;32;0;287;0;333
60;32;0;287;0;333
61;32;0;287;0;333
62;32;0;287;0;333
67;32;0;1246;0;333
71;32;0;627;0;333
72;32;0;623;0;333
73;32;0;287;0;333
74;32;0;287;0;333
75;32;0;287;0;333
76;32;0;287;0;333
77;32;0;287;0;333
78;32;0;287;0;333
79;32;0;287;0;333
80;32;0;287;0;333
81;32;0;287;0;333
82;32;0;287;0;333
83;32;0;287;0;333
84;32;0;287;0;333
85;32;0;287;0;333
86;32;0;287;0;333
87;32;0;287;0;333
88;32;0;287;0;333
93;32;0;627;0;333
94;32;0;626;0;333
51;33;0;629;0;333
52;33;0;628;0;333
53;33;0;623;0;333
54;33;0;287;0;333
55;33;0;287;0;333
56;33;0;287;0;333
57;33;0;287;0;333
58;33;0;287;0;333
59;33;0;287;0;333
60;33;0;287;0;333
61;33;0;287;0;333
62;33;0;287;0;333
71;33;0;596;0;333
72;33;0;287;0;333
73;33;0;622;0;333
74;33;0;622;0;333
75;33;0;622;0;333
76;33;0;630;0;333
77;33;0;287;0;333
78;33;0;287;0;333
79;33;0;287;0;333
80;33;0;287;0;333
81;33;0;287;0;333
82;33;0;287;0;333
83;33;0;287;0;333
84;33;0;287;0;333
85;33;0;287;0;333
86;33;0;287;0;333
87;33;0;287;0;333
88;33;0;287;0;333
93;33;0;629;0;333
94;33;0;628;0;333
51;34;0;627;0;333
52;34;0;626;0;333
53;34;0;623;0;333
54;34;0;287;0;333
55;34;0;287;0;333
56;34;0;287;0;333
57;34;0;287;0;333
58;34;0;287;0;333
59;34;0;287;0;333
60;34;0;287;0;333
61;34;0;287;0;333
62;34;0;287;0;333
63;34;0;287;0;333
64;34;0;287;0;333
65;34;0;287;0;333
66;34;0;287;0;333
67;34;0;599;0;333
71;34;0;629;0;333
72;34;0;622;0;333
73;34;0;628;0;333
74;34;0;514;0;333
75;34;0;513;0;333
76;34;0;629;0;333
77;34;0;345;0;333
77;34;0;342;0;333
78;34;0;597;0;333
79;34;0;597;0;333
79;34;0;597;0;333
80;34;0;396;0;333
80;34;0;1272;0;333
81;34;0;2907;0;333
82;34;0;597;0;333
84;34;0;210;0;333
85;34;0;597;0;333
86;34;0;315;0;333
87;34;0;287;0;333
88;34;0;287;0;333
89;34;0;287;0;333
90;34;0;287;0;333
50;35;0;627;0;333
51;35;0;626;0;333
52;35;0;628;0;333
53;35;0;623;0;333
54;35;0;287;0;333
55;35;0;287;0;333
56;35;0;287;0;333
57;35;0;287;0;333
58;35;0;287;0;333
59;35;0;622;0;333
60;35;0;597;0;333
61;35;0;622;0;333
62;35;0;597;0;333
63;35;0;622;0;333
64;35;0;597;0;333
65;35;0;622;0;333
66;35;0;914;0;333
75;35;0;2052;0;333
77;35;0;921;0;333
77;35;0;342;0;333
81;35;0;212;0;333
82;35;0;212;0;333
86;35;0;404;0;333
86;35;0;2588;0;333
87;35;0;287;0;333
88;35;0;287;0;333
89;35;0;287;0;333
90;35;0;287;0;333
47;36;0;627;0;333
48;36;0;626;0;333
49;36;0;627;0;333
50;36;0;626;0;333
51;36;0;628;0;333
53;36;0;623;0;333
54;36;0;287;0;333
55;36;0;287;0;333
56;36;0;287;0;333
57;36;0;622;0;333
58;36;0;622;0;333
61;36;0;402;0;333
61;36;0;1265;0;333
65;36;0;402;0;333
65;36;0;1265;0;333
76;36;0;404;0;333
76;36;0;2588;0;333
77;36;0;921;0;333
77;36;0;347;0;333
82;36;0;2885;0;333
87;36;0;287;0;333
88;36;0;287;0;333
89;36;0;287;0;333
90;36;0;287;0;333
45;37;0;627;0;333
46;37;0;626;0;333
47;37;0;629;0;333
48;37;0;628;0;333
49;37;0;629;0;333
50;37;0;628;0;333
52;37;0;623;0;333
53;37;0;287;0;333
54;37;0;287;0;333
55;37;0;287;0;333
56;37;0;287;0;333
81;37;0;214;0;333
82;37;0;214;0;333
86;37;0;523;0;333
87;37;0;287;0;333
88;37;0;287;0;333
89;37;0;287;0;333
90;37;0;287;0;333
91;37;0;287;0;333
92;37;0;287;0;333
93;37;0;287;0;333
94;37;0;287;0;333
45;38;0;629;0;333
46;38;0;628;0;333
51;38;0;627;0;333
52;38;0;623;0;333
53;38;0;287;0;333
54;38;0;287;0;333
55;38;0;287;0;333
56;38;0;287;0;333
76;38;0;2069;0;333
77;38;0;345;0;333
77;38;0;342;0;333
86;38;0;596;0;333
87;38;0;287;0;333
88;38;0;287;0;333
89;38;0;287;0;333
90;38;0;287;0;333
91;38;0;287;0;333
92;38;0;287;0;333
93;38;0;287;0;333
94;38;0;287;0;333
45;39;0;627;0;333
46;39;0;626;0;333
50;39;0;627;0;333
51;39;0;623;0;333
52;39;0;287;0;333
53;39;0;287;0;333
54;39;0;287;0;333
55;39;0;287;0;333
56;39;0;622;0;333
64;39;0;623;0;333
65;39;0;287;0;333
77;39;0;921;0;333
77;39;0;342;0;333
86;39;0;2906;0;333
87;39;0;287;0;333
88;39;0;287;0;333
89;39;0;287;0;333
90;39;0;287;0;333
91;39;0;287;0;333
92;39;0;287;0;333
93;39;0;287;0;333
94;39;0;287;0;333
45;40;0;629;0;333
46;40;0;628;0;333
47;40;0;914;0;333
50;40;0;627;0;333
51;40;0;623;0;333
52;40;0;287;0;333
53;40;0;287;0;333
54;40;0;287;0;333
55;40;0;287;0;333
63;40;0;627;0;333
64;40;0;623;0;333
65;40;0;287;0;333
66;40;0;287;0;333
67;40;0;287;0;333
76;40;0;2908;0;333
76;40;0;321;6;333
77;40;0;921;0;333
77;40;0;342;0;333
87;40;0;287;0;333
88;40;0;287;0;333
89;40;0;287;0;333
90;40;0;287;0;333
91;40;0;287;0;333
92;40;0;287;0;333
93;40;0;287;0;333
94;40;0;287;0;333
95;40;0;287;0;333
96;40;0;287;0;333
43;41;0;627;0;333
44;41;0;626;0;333
49;41;0;627;0;333
50;41;0;623;0;333
51;41;0;287;0;333
52;41;0;287;0;333
53;41;0;287;0;333
54;41;0;287;0;333
55;41;0;287;0;333
63;41;0;623;0;333
64;41;0;287;0;333
65;41;0;287;0;333
66;41;0;287;0;333
67;41;0;287;0;333
68;41;0;287;0;333
76;41;0;404;0;333
76;41;0;2588;0;333
77;41;0;470;0;333
77;41;0;472;0;333
77;41;0;342;0;333
78;41;0;474;0;333
78;41;0;340;0;333
79;41;0;474;0;333
79;41;0;340;0;333
80;41;0;474;0;333
80;41;0;340;0;333
81;41;0;474;0;333
81;41;0;340;0;333
82;41;0;474;0;333
82;41;0;340;0;333
83;41;0;345;0;333
83;41;0;340;0;333
84;41;0;287;0;333
85;41;0;287;0;333
86;41;0;287;0;333
87;41;0;287;0;333
88;41;0;287;0;333
89;41;0;287;0;333
90;41;0;287;0;333
91;41;0;287;0;333
92;41;0;287;0;333
93;41;0;287;0;333
94;41;0;287;0;333
95;41;0;287;0;333
96;41;0;287;0;333
97;41;0;287;0;333
98;41;0;287;0;333
42;42;0;627;0;333
43;42;0;626;0;333
44;42;0;628;0;333
46;42;0;1817;0;333
48;42;0;627;0;333
49;42;0;623;0;333
50;42;0;287;0;333
51;42;0;287;0;333
52;42;0;287;0;333
53;42;0;287;0;333
54;42;0;287;0;333
55;42;0;287;0;333
63;42;0;623;0;333
64;42;0;287;0;333
65;42;0;287;0;333
66;42;0;287;0;333
67;42;0;287;0;333
68;42;0;287;0;333
69;42;0;287;0;333
76;42;0;2906;0;333
77;42;0;921;0;333
77;42;0;342;0;333
79;42;0;320;0;333
80;42;0;320;0;333
81;42;0;2905;0;333
81;42;0;525;0;333
83;42;0;629;0;333
84;42;0;622;0;333
85;42;0;622;0;333
86;42;0;622;0;333
87;42;0;634;0;333
88;42;0;635;0;333
89;42;0;622;0;333
90;42;0;597;0;333
91;42;0;622;0;333
92;42;0;597;0;333
93;42;0;622;0;333
94;42;0;597;0;333
94;42;0;914;0;333
95;42;0;622;0;333
96;42;0;630;0;333
97;42;0;287;0;333
98;42;0;287;0;333
42;43;0;629;0;333
43;43;0;628;0;333
48;43;0;623;0;333
49;43;0;287;0;333
50;43;0;287;0;333
51;43;0;287;0;333
52;43;0;287;0;333
53;43;0;287;0;333
54;43;0;287;0;333
55;43;0;287;0;333
62;43;0;627;0;333
63;43;0;623;0;333
64;43;0;287;0;333
65;43;0;287;0;333
66;43;0;287;0;333
67;43;0;287;0;333
68;43;0;287;0;333
69;43;0;287;0;333
77;43;0;346;0;333
77;43;0;347;0;333
86;43;0;626;0;333
87;43;0;634;0;333
88;43;0;635;0;333
93;43;0;402;0;333
95;43;0;1272;0;333
96;43;0;629;0;333
97;43;0;630;0;333
98;43;0;287;0;333
99;43;0;287;0;333
47;44;0;627;0;333
48;44;0;623;0;333
49;44;0;287;0;333
50;44;0;287;0;333
51;44;0;287;0;333
52;44;0;287;0;333
53;44;0;287;0;333
54;44;0;287;0;333
55;44;0;287;0;333
61;44;0;421;0;333
62;44;0;623;0;333
63;44;0;287;0;333
64;44;0;287;0;333
65;44;0;287;0;333
66;44;0;287;0;333
67;44;0;287;0;333
68;44;0;287;0;333
69;44;0;287;0;333
86;44;0;396;0;333
86;44;0;1272;0;333
87;44;0;682;0;333
88;44;0;683;0;333
97;44;0;629;0;333
98;44;0;630;0;333
99;44;0;287;0;333
42;45;0;627;0;333
43;45;0;626;0;333
48;45;0;629;0;333
49;45;0;630;0;333
50;45;0;287;0;333
51;45;0;287;0;333
52;45;0;287;0;333
53;45;0;287;0;333
54;45;0;287;0;333
55;45;0;287;0;333
56;45;0;626;0;333
59;45;0;2832;0;333
61;45;0;627;0;333
62;45;0;623;0;333
63;45;0;287;0;333
64;45;0;287;0;333
65;45;0;287;0;333
66;45;0;287;0;333
67;45;0;287;0;333
68;45;0;287;0;333
69;45;0;287;0;333
70;45;0;287;0;333
71;45;0;628;0;333
76;45;0;2850;0;333
77;45;0;345;0;333
77;45;0;342;0;333
88;45;0;642;0;333
97;45;0;1246;0;333
98;45;0;629;0;333
99;45;0;630;0;333
100;45;0;287;0;333
42;46;0;629;0;333
43;46;0;628;0;333
49;46;0;629;0;333
50;46;0;630;0;333
51;46;0;287;0;333
52;46;0;287;0;333
53;46;0;287;0;333
54;46;0;287;0;333
62;46;0;623;0;333
63;46;0;287;0;333
64;46;0;287;0;333
65;46;0;287;0;333
66;46;0;287;0;333
67;46;0;287;0;333
68;46;0;287;0;333
69;46;0;287;0;333
70;46;0;622;0;333
76;46;0;339;0;333
77;46;0;921;0;333
77;46;0;342;0;333
88;46;0;654;1011;333
98;46;0;404;0;333
99;46;0;623;0;333
100;46;0;287;0;333
43;47;0;627;0;333
44;47;0;626;0;333
50;47;0;623;0;333
51;47;0;287;0;333
52;47;0;287;0;333
53;47;0;287;0;333
54;47;0;287;0;333
62;47;0;623;0;333
63;47;0;287;0;333
64;47;0;287;0;333
65;47;0;287;0;333
66;47;0;622;0;333
67;47;0;622;0;333
69;47;0;2836;0;333
76;47;0;404;0;333
76;47;0;2588;0;333
77;47;0;346;0;333
77;47;0;347;0;333
88;47;0;658;1011;333
92;47;0;914;0;333
98;47;0;1272;0;333
99;47;0;623;0;333
100;47;0;287;0;333
101;47;0;287;0;333
40;48;0;627;0;333
41;48;0;626;0;333
43;48;0;629;0;333
44;48;0;628;0;333
47;48;0;232;0;333
50;48;0;629;0;333
51;48;0;630;0;333
52;48;0;287;0;333
53;48;0;287;0;333
54;48;0;287;0;333
62;48;0;287;0;333
63;48;0;287;0;333
64;48;0;622;0;333
65;48;0;622;0;333
66;48;0;628;0;333
79;48;0;1245;0;333
80;48;0;1245;0;333
88;48;0;642;0;333
98;48;0;232;0;333
99;48;0;629;0;333
100;48;0;630;0;333
101;48;0;287;0;333
40;49;0;629;0;333
41;49;0;628;0;333
42;49;0;626;0;333
51;49;0;623;0;333
52;49;0;287;0;333
53;49;0;287;0;333
54;49;0;287;0;333
55;49;0;287;0;333
60;49;0;287;0;333
61;49;0;287;0;333
62;49;0;287;0;333
63;49;0;287;0;333
66;49;0;402;0;333
77;49;0;627;0;333
78;49;0;915;0;333
79;49;0;915;0;333
87;49;0;680;0;333
88;49;0;681;0;333
100;49;0;623;0;333
101;49;0;287;0;333
38;50;0;627;0;333
39;50;0;626;0;333
41;50;0;629;0;333
42;50;0;628;0;333
45;50;0;586;0;333
48;50;0;1245;0;333
51;50;0;629;0;333
52;50;0;630;0;333
53;50;0;287;0;333
54;50;0;287;0;333
55;50;0;287;0;333
56;50;0;287;0;333
57;50;0;287;0;333
58;50;0;287;0;333
59;50;0;287;0;333
60;50;0;287;0;333
61;50;0;287;0;333
62;50;0;622;0;333
63;50;0;622;0;333
66;50;0;2850;0;333
77;50;0;623;0;333
86;50;0;396;0;333
86;50;0;1272;0;333
87;50;0;682;0;333
88;50;0;287;0;333
100;50;0;623;0;333
101;50;0;287;0;333
102;50;0;287;0;333
104;50;0;627;0;333
105;50;0;626;0;333
106;50;0;626;0;333
31;51;0;627;0;333
32;51;0;626;0;333
33;51;0;626;0;333
36;51;0;627;0;333
37;51;0;626;0;333
38;51;0;629;0;333
39;51;0;628;0;333
45;51;0;914;0;333
52;51;0;623;0;333
53;51;0;287;0;333
54;51;0;287;0;333
55;51;0;287;0;333
56;51;0;287;0;333
57;51;0;287;0;333
58;51;0;287;0;333
59;51;0;287;0;333
60;51;0;287;0;333
61;51;0;622;0;333
65;51;0;320;0;333
66;51;0;320;0;333
67;51;0;2850;0;333
71;51;0;172;0;333
76;51;0;627;0;333
77;51;0;623;0;333
77;51;0;623;0;333
84;51;0;320;0;333
86;51;0;2038;0;333
87;51;0;623;0;333
88;51;0;287;0;333
100;51;0;623;0;333
101;51;0;287;0;333
102;51;0;287;0;333
103;51;0;627;0;333
104;51;0;626;0;333
105;51;0;628;0;333
106;51;0;628;0;333
31;52;0;629;0;333
32;52;0;628;0;333
33;52;0;628;0;333
34;52;0;627;0;333
35;52;0;626;0;333
36;52;0;629;0;333
37;52;0;628;0;333
43;52;0;586;0;333
49;52;0;1817;0;333
51;52;0;627;0;333
52;52;0;623;0;333
53;52;0;287;0;333
54;52;0;287;0;333
55;52;0;287;0;333
56;52;0;287;0;333
57;52;0;287;0;333
58;52;0;287;0;333
59;52;0;287;0;333
60;52;0;287;0;333
66;52;0;2850;0;333
74;52;0;915;0;333
76;52;0;623;0;333
77;52;0;287;0;333
84;52;0;214;0;333
87;52;0;596;0;333
87;52;0;304;0;333
88;52;0;287;0;333
94;52;0;287;0;333
95;52;0;287;0;333
96;52;0;287;0;333
97;52;0;599;0;333
99;52;0;596;0;333
100;52;0;287;0;333
101;52;0;287;0;333
102;52;0;287;0;333
103;52;0;629;0;333
104;52;0;628;0;333
105;52;0;627;0;333
106;52;0;626;0;333
31;53;0;274;0;333
32;53;0;629;0;333
33;53;0;628;0;333
34;53;0;629;0;333
35;53;0;628;0;333
39;53;0;232;0;333
41;53;0;273;0;333
43;53;0;273;0;333
48;53;0;273;0;333
52;53;0;629;0;333
53;53;0;630;0;333
54;53;0;287;0;333
55;53;0;287;0;333
56;53;0;287;0;333
57;53;0;287;0;333
58;53;0;287;0;333
59;53;0;287;0;333
60;53;0;287;0;333
69;53;0;172;0;333
76;53;0;623;0;333
77;53;0;287;0;333
77;53;0;287;0;333
84;53;0;2937;0;333
87;53;0;623;0;333
88;53;0;287;0;333
92;53;0;287;0;333
93;53;0;287;0;333
94;53;0;287;0;333
95;53;0;622;0;333
96;53;0;628;0;333
100;53;0;629;0;333
101;53;0;622;0;333
102;53;0;622;0;333
103;53;0;628;0;333
105;53;0;629;0;333
106;53;0;628;0;333
31;54;0;627;0;333
32;54;0;626;0;333
37;54;0;274;0;333
40;54;0;1245;0;333
41;54;0;274;0;333
46;54;0;2169;0;333
50;54;0;1246;0;333
53;54;0;623;0;333
54;54;0;287;0;333
55;54;0;287;0;333
56;54;0;287;0;333
57;54;0;287;0;333
58;54;0;287;0;333
59;54;0;287;0;333
60;54;0;287;0;333
75;54;0;627;0;333
76;54;0;623;0;333
77;54;0;287;0;333
87;54;0;596;0;333
88;54;0;287;0;333
91;54;0;287;0;333
92;54;0;287;0;333
93;54;0;622;0;333
94;54;0;622;0;333
99;54;0;274;0;333
101;54;0;628;0;333
103;54;0;274;0;333
104;54;0;232;0;333
105;54;0;627;0;333
106;54;0;626;0;333
31;55;0;629;0;333
32;55;0;627;0;333
33;55;0;626;0;333
52;55;0;627;0;333
53;55;0;623;0;333
54;55;0;287;0;333
55;55;0;287;0;333
56;55;0;287;0;333
57;55;0;287;0;333
58;55;0;287;0;333
59;55;0;287;0;333
60;55;0;287;0;333
74;55;0;287;0;333
75;55;0;623;0;333
76;55;0;287;0;333
77;55;0;287;0;333
87;55;0;287;0;333
88;55;0;287;0;333
89;55;0;287;0;333
90;55;0;287;0;333
91;55;0;622;0;333
92;55;0;622;0;333
93;55;0;915;0;333
96;55;0;1246;0;333
104;55;0;274;0;333
105;55;0;629;0;333
106;55;0;628;0;333
32;56;0;629;0;333
33;56;0;628;0;333
34;56;0;626;0;333
36;56;0;627;0;333
37;56;0;626;0;333
53;56;0;629;0;333
54;56;0;630;0;333
55;56;0;287;0;333
56;56;0;287;0;333
57;56;0;287;0;333
58;56;0;287;0;333
59;56;0;287;0;333
60;56;0;287;0;333
68;56;0;623;0;333
69;56;0;287;0;333
70;56;0;287;0;333
71;56;0;287;0;333
72;56;0;287;0;333
73;56;0;287;0;333
74;56;0;287;0;333
75;56;0;287;0;333
76;56;0;287;0;333
77;56;0;287;0;333
78;56;0;287;0;333
79;56;0;287;0;333
80;56;0;287;0;333
81;56;0;287;0;333
82;56;0;287;0;333
83;56;0;287;0;333
84;56;0;287;0;333
85;56;0;287;0;333
86;56;0;287;0;333
87;56;0;287;0;333
88;56;0;287;0;333
89;56;0;287;0;333
90;56;0;622;0;333
91;56;0;628;0;333
93;56;0;274;0;333
94;56;0;232;0;333
100;56;0;914;0;333
106;56;0;627;0;333
107;56;0;626;0;333
33;57;0;629;0;333
34;57;0;628;0;333
36;57;0;629;0;333
37;57;0;628;0;333
38;57;0;627;0;333
39;57;0;626;0;333
41;57;0;627;0;333
42;57;0;626;0;333
52;57;0;232;0;333
54;57;0;623;0;333
55;57;0;287;0;333
56;57;0;287;0;333
57;57;0;287;0;333
58;57;0;287;0;333
59;57;0;287;0;333
60;57;0;287;0;333
61;57;0;287;0;333
62;57;0;287;0;333
68;57;0;623;0;333
69;57;0;287;0;333
70;57;0;287;0;333
71;57;0;287;0;333
72;57;0;622;0;333
73;57;0;622;0;333
74;57;0;622;0;333
75;57;0;622;0;333
76;57;0;622;0;333
77;57;0;622;0;333
78;57;0;622;0;333
79;57;0;622;0;333
80;57;0;630;0;333
81;57;0;287;0;333
82;57;0;287;0;333
83;57;0;287;0;333
84;57;0;287;0;333
85;57;0;287;0;333
86;57;0;287;0;333
87;57;0;287;0;333
88;57;0;622;0;333
89;57;0;622;0;333
90;57;0;628;0;333
91;57;0;274;0;333
92;57;0;915;0;333
105;57;0;274;0;333
106;57;0;627;0;333
107;57;0;626;0;333
38;58;0;629;0;333
39;58;0;628;0;333
40;58;0;626;0;333
41;58;0;629;0;333
42;58;0;628;0;333
43;58;0;914;0;333
49;58;0;586;0;333
52;58;0;232;0;333
54;58;0;623;0;333
55;58;0;287;0;333
56;58;0;287;0;333
57;58;0;287;0;333
58;58;0;287;0;333
59;58;0;287;0;333
60;58;0;287;0;333
61;58;0;287;0;333
62;58;0;287;0;333
66;58;0;623;0;333
67;58;0;623;0;333
68;58;0;287;0;333
69;58;0;287;0;333
70;58;0;287;0;333
71;58;0;287;0;333
72;58;0;628;0;333
77;58;0;628;0;333
79;58;0;1246;0;333
80;58;0;629;0;333
81;58;0;622;0;333
82;58;0;622;0;333
83;58;0;630;0;333
84;58;0;287;0;333
85;58;0;287;0;333
86;58;0;622;0;333
87;58;0;622;0;333
88;58;0;628;0;333
106;58;0;629;0;333
107;58;0;628;0;333
108;58;0;627;0;333
109;58;0;626;0;333
38;59;0;629;0;333
39;59;0;628;0;333
40;59;0;628;0;333
42;59;0;1245;0;333
51;59;0;274;0;333
53;59;0;1245;0;333
54;59;0;629;0;333
55;59;0;630;0;333
56;59;0;287;0;333
57;59;0;287;0;333
58;59;0;287;0;333
59;59;0;287;0;333
60;59;0;287;0;333
61;59;0;287;0;333
62;59;0;287;0;333
63;59;0;287;0;333
65;59;0;623;0;333
66;59;0;287;0;333
67;59;0;287;0;333
68;59;0;287;0;333
69;59;0;287;0;333
70;59;0;622;0;333
71;59;0;622;0;333
72;59;0;628;0;333
82;59;0;274;0;333
83;59;0;629;0;333
84;59;0;622;0;333
85;59;0;622;0;333
86;59;0;628;0;333
89;59;0;1245;0;333
105;59;0;273;0;333
107;59;0;627;0;333
108;59;0;626;0;333
109;59;0;628;0;333
42;60;0;627;0;333
43;60;0;626;0;333
47;60;0;2169;0;333
52;60;0;1246;0;333
55;60;0;623;0;333
56;60;0;287;0;333
57;60;0;287;0;333
58;60;0;287;0;333
59;60;0;287;0;333
60;60;0;287;0;333
61;60;0;287;0;333
62;60;0;287;0;333
63;60;0;287;0;333
65;60;0;623;0;333
66;60;0;287;0;333
67;60;0;287;0;333
68;60;0;287;0;333
69;60;0;622;0;333
84;60;0;1246;0;333
85;60;0;628;0;333
91;60;0;627;0;333
92;60;0;626;0;333
106;60;0;915;0;333
107;60;0;629;0;333
108;60;0;628;0;333
42;61;0;629;0;333
43;61;0;627;0;333
44;61;0;626;0;333
54;61;0;627;0;333
55;61;0;623;0;333
56;61;0;287;0;333
57;61;0;287;0;333
58;61;0;287;0;333
59;61;0;287;0;333
60;61;0;287;0;333
61;61;0;287;0;333
62;61;0;287;0;333
63;61;0;287;0;333
64;61;0;287;0;333
65;61;0;287;0;333
66;61;0;287;0;333
67;61;0;287;0;333
68;61;0;287;0;333
84;61;0;274;0;333
85;61;0;915;0;333
86;61;0;586;0;333
91;61;0;629;0;333
92;61;0;628;0;333
108;61;0;627;0;333
109;61;0;626;0;333
42;62;0;274;0;333
43;62;0;629;0;333
44;62;0;628;0;333
49;62;0;273;0;333
55;62;0;623;0;333
56;62;0;287;0;333
57;62;0;287;0;333
58;62;0;287;0;333
59;62;0;287;0;333
60;62;0;287;0;333
61;62;0;287;0;333
62;62;0;287;0;333
63;62;0;287;0;333
64;62;0;287;0;333
65;62;0;287;0;333
66;62;0;622;0;333
67;62;0;622;0;333
68;62;0;622;0;333
90;62;0;274;0;333
91;62;0;586;0;333
93;62;0;273;0;333
96;62;0;273;0;333
105;62;0;274;0;333
106;62;0;1245;0;333
108;62;0;629;0;333
109;62;0;628;0;333
110;62;0;627;0;333
111;62;0;627;0;333
112;62;0;626;0;333
45;63;0;232;0;333
46;63;0;586;0;333
53;63;0;232;0;333
55;63;0;623;0;333
56;63;0;287;0;333
57;63;0;287;0;333
58;63;0;287;0;333
59;63;0;287;0;333
60;63;0;287;0;333
61;63;0;287;0;333
62;63;0;287;0;333
63;63;0;287;0;333
64;63;0;287;0;333
65;63;0;622;0;333
67;63;0;627;0;333
68;63;0;626;0;333
85;63;0;627;0;333
86;63;0;626;0;333
88;63;0;274;0;333
89;63;0;274;0;333
90;63;0;1245;0;333
101;63;0;915;0;333
110;63;0;629;0;333
111;63;0;629;0;333
112;63;0;628;0;333
54;64;0;627;0;333
55;64;0;623;0;333
56;64;0;287;0;333
57;64;0;287;0;333
58;64;0;287;0;333
59;64;0;287;0;333
60;64;0;287;0;333
61;64;0;287;0;333
62;64;0;287;0;333
63;64;0;287;0;333
64;64;0;287;0;333
67;64;0;629;0;333
68;64;0;628;0;333
85;64;0;629;0;333
86;64;0;628;0;333
87;64;0;586;0;333
91;64;0;232;0;333
93;64;0;274;0;333
102;64;0;1246;0;333
109;64;0;627;0;333
110;64;0;626;0;333
111;64;0;627;0;333
112;64;0;626;0;333
45;65;0;1245;0;333
54;65;0;623;0;333
55;65;0;287;0;333
56;65;0;287;0;333
57;65;0;287;0;333
58;65;0;287;0;333
59;65;0;287;0;333
60;65;0;287;0;333
61;65;0;287;0;333
62;65;0;287;0;333
63;65;0;287;0;333
64;65;0;287;0;333
67;65;0;629;0;333
68;65;0;628;0;333
92;65;0;627;0;333
93;65;0;626;0;333
94;65;0;627;0;333
95;65;0;626;0;333
96;65;0;627;0;333
97;65;0;627;0;333
98;65;0;626;0;333
106;65;0;1783;0;333
108;65;0;274;0;333
109;65;0;629;0;333
110;65;0;628;0;333
111;65;0;626;0;333
112;65;0;628;0;333
45;66;0;627;0;333
46;66;0;626;0;333
47;66;0;273;0;333
53;66;0;627;0;333
54;66;0;623;0;333
55;66;0;287;0;333
56;66;0;287;0;333
57;66;0;287;0;333
58;66;0;287;0;333
59;66;0;287;0;333
60;66;0;287;0;333
61;66;0;287;0;333
62;66;0;287;0;333
63;66;0;287;0;333
65;66;0;628;0;333
67;66;0;627;0;333
68;66;0;626;0;333
86;66;0;914;0;333
87;66;0;274;0;333
89;66;0;627;0;333
90;66;0;626;0;333
92;66;0;629;0;333
93;66;0;628;0;333
94;66;0;629;0;333
95;66;0;628;0;333
96;66;0;629;0;333
97;66;0;629;0;333
98;66;0;627;0;333
99;66;0;627;0;333
100;66;0;626;0;333
108;66;0;914;0;333
109;66;0;274;0;333
110;66;0;629;0;333
111;66;0;628;0;333
112;66;0;626;0;333
113;66;0;627;0;333
114;66;0;626;0;333
45;67;0;629;0;333
46;67;0;627;0;333
47;67;0;626;0;333
53;67;0;623;0;333
54;67;0;287;0;333
55;67;0;287;0;333
56;67;0;287;0;333
57;67;0;287;0;333
58;67;0;287;0;333
59;67;0;287;0;333
60;67;0;287;0;333
61;67;0;287;0;333
62;67;0;287;0;333
63;67;0;287;0;333
64;67;0;622;0;333
65;67;0;628;0;333
67;67;0;629;0;333
68;67;0;628;0;333
89;67;0;629;0;333
90;67;0;628;0;333
98;67;0;629;0;333
99;67;0;629;0;333
100;67;0;627;0;333
101;67;0;626;0;333
103;67;0;915;0;333
105;67;0;586;0;333
111;67;0;629;0;333
112;67;0;628;0;333
113;67;0;629;0;333
114;67;0;628;0;333
46;68;0;629;0;333
47;68;0;627;0;333
48;68;0;626;0;333
53;68;0;623;0;333
54;68;0;287;0;333
55;68;0;287;0;333
56;68;0;287;0;333
57;68;0;287;0;333
58;68;0;287;0;333
59;68;0;287;0;333
60;68;0;287;0;333
61;68;0;287;0;333
62;68;0;622;0;333
63;68;0;622;0;333
64;68;0;628;0;333
66;68;0;627;0;333
67;68;0;626;0;333
85;68;0;627;0;333
86;68;0;626;0;333
88;68;0;627;0;333
89;68;0;626;0;333
90;68;0;626;0;333
100;68;0;629;0;333
101;68;0;628;0;333
113;68;0;627;0;333
114;68;0;626;0;333
115;68;0;626;0;333
47;69;0;629;0;333
48;69;0;628;0;333
51;69;0;586;0;333
53;69;0;629;0;333
54;69;0;630;0;333
55;69;0;287;0;333
56;69;0;287;0;333
57;69;0;287;0;333
58;69;0;287;0;333
59;69;0;287;0;333
60;69;0;622;0;333
61;69;0;622;0;333
66;69;0;629;0;333
67;69;0;628;0;333
85;69;0;629;0;333
86;69;0;628;0;333
88;69;0;629;0;333
89;69;0;628;0;333
90;69;0;628;0;333
101;69;0;627;0;333
102;69;0;626;0;333
109;69;0;1245;0;333
113;69;0;629;0;333
114;69;0;628;0;333
115;69;0;628;0;333
116;69;0;627;0;333
117;69;0;626;0;333
118;69;0;627;0;333
119;69;0;626;0;333
46;70;0;627;0;333
47;70;0;626;0;333
48;70;0;626;0;333
52;70;0;1246;0;333
54;70;0;629;0;333
55;70;0;630;0;333
56;70;0;287;0;333
57;70;0;287;0;333
58;70;0;287;0;333
59;70;0;622;0;333
60;70;0;628;0;333
62;70;0;232;0;333
66;70;0;629;0;333
67;70;0;628;0;333
85;70;0;914;0;333
87;70;0;627;0;333
88;70;0;626;0;333
101;70;0;629;0;333
102;70;0;628;0;333
103;70;0;626;0;333
106;70;0;1783;0;333
111;70;0;274;0;333
112;70;0;915;0;333
116;70;0;629;0;333
117;70;0;628;0;333
118;70;0;629;0;333
119;70;0;627;0;333
120;70;0;626;0;333
46;71;0;627;0;333
47;71;0;626;0;333
48;71;0;628;0;333
53;71;0;274;0;333
55;71;0;629;0;333
56;71;0;622;0;333
57;71;0;622;0;333
58;71;0;622;0;333
59;71;0;628;0;333
63;71;0;914;0;333
65;71;0;627;0;333
66;71;0;626;0;333
85;71;0;914;0;333
87;71;0;629;0;333
88;71;0;628;0;333
102;71;0;629;0;333
103;71;0;628;0;333
104;71;0;626;0;333
119;71;0;629;0;333
120;71;0;628;0;333
46;72;0;629;0;333
47;72;0;628;0;333
48;72;0;626;0;333
54;72;0;301;0;333
55;72;0;301;0;333
56;72;0;232;0;333
58;72;0;628;0;333
61;72;0;586;0;333
65;72;0;629;0;333
66;72;0;627;0;333
67;72;0;626;0;333
84;72;0;627;0;333
85;72;0;626;0;333
86;72;0;627;0;333
87;72;0;626;0;333
103;72;0;629;0;333
104;72;0;628;0;333
109;72;0;586;0;333
111;72;0;273;0;333
112;72;0;627;0;333
113;72;0;626;0;333
114;72;0;627;0;333
115;72;0;626;0;333
119;72;0;627;0;333
120;72;0;626;0;333
46;73;0;627;0;333
47;73;0;626;0;333
48;73;0;628;0;333
55;73;0;301;0;333
56;73;0;274;0;333
57;73;0;274;0;333
58;73;0;274;0;333
66;73;0;627;0;333
67;73;0;626;0;333
84;73;0;629;0;333
85;73;0;628;0;333
86;73;0;629;0;333
87;73;0;628;0;333
103;73;0;627;0;333
104;73;0;626;0;333
112;73;0;629;0;333
113;73;0;627;0;333
114;73;0;626;0;333
115;73;0;628;0;333
119;73;0;629;0;333
120;73;0;628;0;333
46;74;0;629;0;333
47;74;0;628;0;333
56;74;0;274;0;333
57;74;0;274;0;333
64;74;0;586;0;333
66;74;0;629;0;333
67;74;0;627;0;333
68;74;0;626;0;333
85;74;0;627;0;333
86;74;0;626;0;333
103;74;0;629;0;333
104;74;0;628;0;333
109;74;0;914;0;333
111;74;0;627;0;333
112;74;0;626;0;333
113;74;0;629;0;333
114;74;0;628;0;333
119;74;0;627;0;333
120;74;0;627;0;333
121;74;0;626;0;333
53;75;0;273;0;333
62;75;0;273;0;333
67;75;0;629;0;333
68;75;0;627;0;333
69;75;0;626;0;333
82;75;0;627;0;333
83;75;0;626;0;333
85;75;0;629;0;333
86;75;0;628;0;333
103;75;0;627;0;333
104;75;0;626;0;333
105;75;0;586;0;333
108;75;0;273;0;333
109;75;0;273;0;333
110;75;0;627;0;333
111;75;0;626;0;333
112;75;0;628;0;333
114;75;0;586;0;333
116;75;0;586;0;333
119;75;0;629;0;333
120;75;0;629;0;333
121;75;0;627;0;333
122;75;0;626;0;333
45;76;0;627;0;333
46;76;0;626;0;333
68;76;0;629;0;333
69;76;0;627;0;333
70;76;0;626;0;333
82;76;0;629;0;333
83;76;0;628;0;333
103;76;0;629;0;333
104;76;0;628;0;333
106;76;0;1783;0;333
109;76;0;627;0;333
110;76;0;626;0;333
111;76;0;626;0;333
120;76;0;387;0;333
121;76;0;629;0;333
122;76;0;628;0;333
45;77;0;629;0;333
46;77;0;628;0;333
56;77;0;586;0;333
64;77;0;914;0;333
66;77;0;274;0;333
67;77;0;1245;0;333
69;77;0;629;0;333
70;77;0;628;0;333
80;77;0;627;0;333
81;77;0;626;0;333
83;77;0;627;0;333
84;77;0;626;0;333
104;77;0;915;0;333
107;77;0;1783;0;333
109;77;0;629;0;333
110;77;0;628;0;333
111;77;0;628;0;333
118;77;0;914;0;333
121;77;0;627;0;333
122;77;0;626;0;333
45;78;0;301;0;333
47;78;0;274;0;333
65;78;0;273;0;333
66;78;0;1817;0;333
67;78;0;274;0;333
69;78;0;627;0;333
70;78;0;626;0;333
80;78;0;629;0;333
81;78;0;628;0;333
83;78;0;629;0;333
84;78;0;628;0;333
105;78;0;273;0;333
106;78;0;1245;0;333
110;78;0;627;0;333
111;78;0;626;0;333
114;78;0;232;0;333
120;78;0;387;0;333
121;78;0;629;0;333
122;78;0;627;0;333
123;78;0;626;0;333
45;79;0;301;0;333
47;79;0;273;0;333
56;79;0;627;0;333
57;79;0;626;0;333
58;79;0;626;0;333
59;79;0;627;0;333
60;79;0;626;0;333
69;79;0;629;0;333
70;79;0;627;0;333
71;79;0;626;0;333
79;79;0;627;0;333
80;79;0;626;0;333
82;79;0;627;0;333
83;79;0;626;0;333
110;79;0;629;0;333
111;79;0;628;0;333
122;79;0;629;0;333
123;79;0;628;0;333
45;80;0;301;0;333
56;80;0;627;0;333
57;80;0;626;0;333
58;80;0;628;0;333
59;80;0;629;0;333
60;80;0;628;0;333
65;80;0;1246;0;333
69;80;0;627;0;333
70;80;0;626;0;333
71;80;0;628;0;333
79;80;0;629;0;333
80;80;0;627;0;333
81;80;0;626;0;333
82;80;0;629;0;333
83;80;0;628;0;333
114;80;0;627;0;333
115;80;0;626;0;333
117;80;0;273;0;333
122;80;0;387;0;333
123;80;0;627;0;333
124;80;0;626;0;333
45;81;0;301;0;333
46;81;0;627;0;333
47;81;0;626;0;333
54;81;0;627;0;333
55;81;0;626;0;333
56;81;0;629;0;333
57;81;0;628;0;333
69;81;0;629;0;333
70;81;0;628;0;333
80;81;0;629;0;333
81;81;0;628;0;333
83;81;0;627;0;333
84;81;0;626;0;333
110;81;0;1254;0;333
111;81;0;232;0;333
112;81;0;627;0;333
113;81;0;626;0;333
114;81;0;629;0;333
115;81;0;628;0;333
123;81;0;629;0;333
124;81;0;627;0;333
125;81;0;626;0;333
46;82;0;629;0;333
47;82;0;628;0;333
54;82;0;627;0;333
55;82;0;626;0;333
81;82;0;627;0;333
82;82;0;626;0;333
83;82;0;629;0;333
84;82;0;628;0;333
112;82;0;629;0;333
113;82;0;628;0;333
114;82;0;387;0;333
116;82;0;627;0;333
117;82;0;626;0;333
120;82;0;274;0;333
123;82;0;387;0;333
124;82;0;629;0;333
125;82;0;628;0;333
44;83;0;627;0;333
45;83;0;626;0;333
46;83;0;627;0;333
47;83;0;626;0;333
50;83;0;586;0;333
53;83;0;627;0;333
54;83;0;626;0;333
55;83;0;628;0;333
81;83;0;627;0;333
82;83;0;626;0;333
83;83;0;629;0;333
84;83;0;628;0;333
112;83;0;915;0;333
113;83;0;915;0;333
115;83;0;387;0;333
116;83;0;629;0;333
117;83;0;628;0;333
121;83;0;914;0;333
124;83;0;627;0;333
125;83;0;626;0;333
44;84;0;629;0;333
45;84;0;628;0;333
46;84;0;629;0;333
47;84;0;628;0;333
50;84;0;586;0;333
52;84;0;627;0;333
53;84;0;626;0;333
54;84;0;628;0;333
81;84;0;629;0;333
82;84;0;628;0;333
83;84;0;627;0;333
84;84;0;626;0;333
108;84;0;914;0;333
113;84;0;273;0;333
115;84;0;627;0;333
116;84;0;626;0;333
117;84;0;626;0;333
124;84;0;629;0;333
125;84;0;628;0;333
51;85;0;627;0;333
52;85;0;626;0;333
53;85;0;628;0;333
83;85;0;629;0;333
84;85;0;628;0;333
85;85;0;626;0;333
86;85;0;626;0;333
108;85;0;627;0;333
109;85;0;626;0;333
115;85;0;629;0;333
116;85;0;628;0;333
117;85;0;628;0;333
119;85;0;232;0;333
122;85;0;627;0;333
123;85;0;626;0;333
124;85;0;627;0;333
125;85;0;626;0;333
46;86;0;586;0;333
48;86;0;914;0;333
51;86;0;627;0;333
52;86;0;626;0;333
81;86;0;627;0;333
82;86;0;626;0;333
84;86;0;629;0;333
85;86;0;628;0;333
86;86;0;628;0;333
87;86;0;626;0;333
108;86;0;629;0;333
109;86;0;628;0;333
113;86;0;232;0;333
115;86;0;1245;0;333
118;86;0;232;0;333
122;86;0;629;0;333
123;86;0;628;0;333
124;86;0;629;0;333
125;86;0;628;0;333
51;87;0;627;0;333
52;87;0;626;0;333
81;87;0;629;0;333
82;87;0;627;0;333
83;87;0;626;0;333
86;87;0;629;0;333
87;87;0;628;0;333
108;87;0;627;0;333
109;87;0;626;0;333
123;87;0;1245;0;333
125;87;0;627;0;333
126;87;0;626;0;333
51;88;0;627;0;333
52;88;0;626;0;333
82;88;0;629;0;333
83;88;0;628;0;333
84;88;0;627;0;333
85;88;0;626;0;333
87;88;0;627;0;333
88;88;0;626;0;333
89;88;0;627;0;333
90;88;0;626;0;333
108;88;0;627;0;333
109;88;0;626;0;333
111;88;0;1783;0;333
116;88;0;273;0;333
120;88;0;1783;0;333
125;88;0;629;0;333
126;88;0;628;0;333
46;89;0;274;0;333
47;89;0;274;0;333
51;89;0;629;0;333
52;89;0;628;0;333
84;89;0;629;0;333
85;89;0;627;0;333
86;89;0;626;0;333
87;89;0;629;0;333
88;89;0;628;0;333
89;89;0;629;0;333
90;89;0;628;0;333
108;89;0;629;0;333
109;89;0;628;0;333
113;89;0;915;0;333
123;89;0;586;0;333
125;89;0;627;0;333
126;89;0;626;0;333
141;89;0;627;0;333
142;89;0;626;0;333
46;90;0;274;0;333
47;90;0;274;0;333
48;90;0;1817;0;333
50;90;0;627;0;333
51;90;0;626;0;333
85;90;0;629;0;333
86;90;0;628;0;333
89;90;0;629;0;333
90;90;0;628;0;333
107;90;0;627;0;333
108;90;0;629;0;333
109;90;0;627;0;333
110;90;0;626;0;333
112;90;0;1783;0;333
117;90;0;627;0;333
118;90;0;626;0;333
124;90;0;627;0;333
125;90;0;626;0;333
126;90;0;628;0;333
141;90;0;629;0;333
142;90;0;628;0;333
44;91;0;627;0;333
45;91;0;626;0;333
49;91;0;914;0;333
50;91;0;627;0;333
51;91;0;626;0;333
107;91;0;629;0;333
108;91;0;628;0;333
109;91;0;629;0;333
110;91;0;628;0;333
117;91;0;629;0;333
118;91;0;628;0;333
119;91;0;626;0;333
121;91;0;274;0;333
124;91;0;629;0;333
125;91;0;627;0;333
126;91;0;626;0;333
140;91;0;627;0;333
141;91;0;626;0;333
145;91;0;627;0;333
146;91;0;626;0;333
42;92;0;627;0;333
43;92;0;626;0;333
44;92;0;626;0;333
45;92;0;628;0;333
50;92;0;629;0;333
51;92;0;628;0;333
108;92;0;629;0;333
109;92;0;628;0;333
110;92;0;626;0;333
112;92;0;915;0;333
115;92;0;274;0;333
118;92;0;627;0;333
119;92;0;626;0;333
125;92;0;629;0;333
126;92;0;628;0;333
127;92;0;627;0;333
128;92;0;626;0;333
140;92;0;629;0;333
141;92;0;628;0;333
142;92;0;627;0;333
143;92;0;626;0;333
145;92;0;629;0;333
146;92;0;627;0;333
147;92;0;627;0;333
148;92;0;626;0;333
149;92;0;627;0;333
150;92;0;626;0;333
41;93;0;627;0;333
42;93;0;626;0;333
43;93;0;628;0;333
44;93;0;628;0;333
50;93;0;627;0;333
51;93;0;626;0;333
109;93;0;629;0;333
110;93;0;628;0;333
111;93;0;915;0;333
117;93;0;2832;0;333
118;93;0;629;0;333
119;93;0;628;0;333
127;93;0;629;0;333
128;93;0;628;0;333
142;93;0;629;0;333
143;93;0;628;0;333
146;93;0;629;0;333
147;93;0;629;0;333
148;93;0;628;0;333
149;93;0;629;0;333
150;93;0;627;0;333
151;93;0;626;0;333
40;94;0;627;0;333
41;94;0;626;0;333
42;94;0;628;0;333
44;94;0;301;0;333
46;94;0;914;0;333
48;94;0;274;0;333
49;94;0;627;0;333
50;94;0;626;0;333
51;94;0;628;0;333
109;94;0;629;0;333
110;94;0;628;0;333
117;94;0;627;0;333
118;94;0;626;0;333
127;94;0;627;0;333
128;94;0;626;0;333
143;94;0;627;0;333
144;94;0;626;0;333
149;94;0;629;0;333
150;94;0;629;0;333
151;94;0;628;0;333
32;95;0;627;0;333
33;95;0;626;0;333
34;95;0;627;0;333
35;95;0;626;0;333
40;95;0;629;0;333
41;95;0;628;0;333
45;95;0;273;0;333
49;95;0;629;0;333
50;95;0;628;0;333
108;95;0;627;0;333
109;95;0;626;0;333
115;95;0;273;0;333
116;95;0;232;0;333
117;95;0;629;0;333
118;95;0;628;0;333
122;95;0;1817;0;333
127;95;0;629;0;333
128;95;0;628;0;333
142;95;0;627;0;333
143;95;0;626;0;333
144;95;0;628;0;333
146;95;0;586;0;333
150;95;0;627;0;333
151;95;0;626;0;333
152;95;0;627;0;333
153;95;0;626;0;333
154;95;0;627;0;333
155;95;0;626;0;333
156;95;0;627;0;333
157;95;0;626;0;333
26;96;0;627;0;333
27;96;0;626;0;333
28;96;0;627;0;333
29;96;0;626;0;333
30;96;0;627;0;333
31;96;0;626;0;333
32;96;0;629;0;333
33;96;0;628;0;333
34;96;0;629;0;333
35;96;0;628;0;333
36;96;0;626;0;333
37;96;0;627;0;333
38;96;0;626;0;333
40;96;0;627;0;333
41;96;0;626;0;333
43;96;0;274;0;333
47;96;0;1783;0;333
49;96;0;627;0;333
50;96;0;626;0;333
108;96;0;629;0;333
109;96;0;628;0;333
110;96;0;626;0;333
119;96;0;1245;0;333
120;96;0;1254;0;333
128;96;0;627;0;333
129;96;0;626;0;333
130;96;0;626;0;333
142;96;0;627;0;333
143;96;0;626;0;333
148;96;0;1808;0;333
150;96;0;629;0;333
151;96;0;627;0;333
152;96;0;626;0;333
153;96;0;628;0;333
154;96;0;629;0;333
155;96;0;627;0;333
156;96;0;629;0;333
157;96;0;628;0;333
186;96;0;287;0;333
187;96;0;287;0;333
188;96;0;287;0;333
189;96;0;287;0;333
190;96;0;287;0;333
191;96;0;287;0;333
26;97;0;629;0;333
27;97;0;628;0;333
28;97;0;629;0;333
29;97;0;628;0;333
30;97;0;629;0;333
31;97;0;628;0;333
33;97;0;301;0;333
35;97;0;629;0;333
36;97;0;628;0;333
37;97;0;629;0;333
38;97;0;628;0;333
39;97;0;626;0;333
40;97;0;626;0;333
41;97;0;628;0;333
42;97;0;301;0;333
48;97;0;627;0;333
49;97;0;626;0;333
50;97;0;628;0;333
109;97;0;629;0;333
110;97;0;628;0;333
118;97;0;1817;0;333
128;97;0;629;0;333
129;97;0;628;0;333
130;97;0;628;0;333
142;97;0;629;0;333
143;97;0;628;0;333
147;97;0;914;0;333
151;97;0;629;0;333
152;97;0;628;0;333
155;97;0;629;0;333
156;97;0;627;0;333
157;97;0;626;0;333
158;97;0;627;0;333
159;97;0;626;0;333
180;97;0;287;0;333
181;97;0;287;0;333
182;97;0;287;0;333
183;97;0;287;0;333
184;97;0;287;0;333
185;97;0;287;0;333
186;97;0;287;0;333
187;97;0;287;0;333
188;97;0;287;0;333
189;97;0;287;0;333
190;97;0;287;0;333
191;97;0;287;0;333
28;98;0;274;0;333
35;98;0;273;0;333
38;98;0;629;0;333
39;98;0;628;0;333
40;98;0;628;0;333
41;98;0;301;0;333
48;98;0;629;0;333
49;98;0;628;0;333
111;98;0;1783;0;333
112;98;0;1783;0;333
126;98;0;274;0;333
129;98;0;627;0;333
130;98;0;626;0;333
142;98;0;627;0;333
143;98;0;626;0;333
144;98;0;626;0;333
147;98;0;232;0;333
156;98;0;629;0;333
157;98;0;628;0;333
158;98;0;627;0;333
159;98;0;626;0;333
160;98;0;627;0;333
161;98;0;626;0;333
162;98;0;627;0;333
180;98;0;287;0;333
181;98;0;287;0;333
182;98;0;287;0;333
183;98;0;287;0;333
184;98;0;287;0;333
185;98;0;287;0;333
186;98;0;287;0;333
187;98;0;287;0;333
188;98;0;287;0;333
189;98;0;287;0;333
190;98;0;287;0;333
191;98;0;287;0;333
193;98;0;627;0;333
194;98;0;627;0;333
195;98;0;627;0;333
29;99;0;914;0;333
30;99;0;274;0;333
31;99;0;274;0;333
46;99;0;301;0;333
47;99;0;627;0;333
48;99;0;626;0;333
113;99;0;1783;0;333
119;99;0;274;0;333
129;99;0;629;0;333
130;99;0;628;0;333
142;99;0;627;0;333
143;99;0;626;0;333
144;99;0;628;0;333
153;99;0;274;0;333
158;99;0;629;0;333
159;99;0;628;0;333
160;99;0;629;0;333
162;99;0;627;0;333
163;99;0;627;0;333
164;99;0;626;0;333
174;99;0;287;0;333
175;99;0;287;0;333
176;99;0;287;0;333
177;99;0;287;0;333
178;99;0;287;0;333
179;99;0;287;0;333
180;99;0;287;0;333
181;99;0;287;0;333
182;99;0;287;0;333
183;99;0;287;0;333
184;99;0;287;0;333
185;99;0;287;0;333
186;99;0;287;0;333
187;99;0;287;0;333
188;99;0;287;0;333
189;99;0;287;0;333
190;99;0;287;0;333
191;99;0;287;0;333
192;99;0;627;0;333
193;99;0;629;0;333
194;99;0;629;0;333
195;99;0;629;0;333
32;100;0;627;0;333
33;100;0;626;0;333
38;100;0;914;0;333
42;100;0;627;0;333
43;100;0;626;0;333
47;100;0;627;0;333
48;100;0;626;0;333
115;100;0;1254;0;333
120;100;0;274;0;333
122;100;0;1254;0;333
123;100;0;1272;0;333
128;100;0;627;0;333
129;100;0;626;0;333
141;100;0;627;0;333
142;100;0;626;0;333
143;100;0;627;0;333
144;100;0;626;0;333
145;100;0;1783;0;333
153;100;0;1783;0;333
154;100;0;1808;0;333
158;100;0;629;0;333
159;100;0;628;0;333
160;100;0;627;0;333
161;100;0;627;0;333
162;100;0;623;0;333
163;100;0;287;0;333
164;100;0;287;0;333
174;100;0;287;0;333
175;100;0;287;0;333
176;100;0;287;0;333
177;100;0;287;0;333
178;100;0;287;0;333
179;100;0;287;0;333
180;100;0;287;0;333
181;100;0;287;0;333
182;100;0;287;0;333
183;100;0;287;0;333
184;100;0;287;0;333
185;100;0;287;0;333
186;100;0;287;0;333
187;100;0;287;0;333
188;100;0;287;0;333
189;100;0;287;0;333
190;100;0;287;0;333
191;100;0;287;0;333
192;100;0;629;0;333
193;100;0;628;0;333
194;100;0;628;0;333
32;101;0;629;0;333
33;101;0;628;0;333
42;101;0;629;0;333
43;101;0;628;0;333
46;101;0;301;0;333
47;101;0;627;0;333
48;101;0;626;0;333
116;101;0;915;0;333
117;101;0;232;0;333
120;101;0;232;0;333
123;101;0;1817;0;333
128;101;0;629;0;333
129;101;0;628;0;333
141;101;0;629;0;333
142;101;0;628;0;333
143;101;0;629;0;333
144;101;0;628;0;333
147;101;0;274;0;333
150;101;0;1783;0;333
155;101;0;586;0;333
158;101;0;1272;0;333
160;101;0;232;0;333
161;101;0;627;0;333
162;101;0;623;0;333
163;101;0;287;0;333
164;101;0;287;0;333
168;101;0;287;0;333
169;101;0;287;0;333
170;101;0;287;0;333
171;101;0;287;0;333
172;101;0;287;0;333
173;101;0;287;0;333
174;101;0;287;0;333
175;101;0;287;0;333
176;101;0;287;0;333
177;101;0;287;0;333
178;101;0;287;0;333
179;101;0;287;0;333
180;101;0;287;0;333
181;101;0;287;0;333
182;101;0;287;0;333
183;101;0;287;0;333
184;101;0;287;0;333
185;101;0;287;0;333
186;101;0;287;0;333
187;101;0;287;0;333
188;101;0;287;0;333
189;101;0;287;0;333
190;101;0;287;0;333
191;101;0;287;0;333
47;102;0;629;0;333
48;102;0;628;0;333
108;102;0;627;0;333
109;102;0;626;0;333
123;102;0;273;0;333
128;102;0;1245;0;333
129;102;0;627;0;333
130;102;0;626;0;333
141;102;0;627;0;333
142;102;0;626;0;333
143;102;0;629;0;333
144;102;0;628;0;333
145;102;0;1808;0;333
161;102;0;623;0;333
162;102;0;287;0;333
163;102;0;287;0;333
164;102;0;287;0;333
165;102;0;287;0;333
166;102;0;287;0;333
167;102;0;287;0;333
168;102;0;287;0;333
169;102;0;287;0;333
170;102;0;287;0;333
171;102;0;287;0;333
172;102;0;287;0;333
173;102;0;287;0;333
174;102;0;287;0;333
175;102;0;287;0;333
176;102;0;287;0;333
177;102;0;287;0;333
178;102;0;287;0;333
179;102;0;287;0;333
180;102;0;287;0;333
181;102;0;287;0;333
182;102;0;287;0;333
183;102;0;287;0;333
184;102;0;287;0;333
185;102;0;287;0;333
186;102;0;287;0;333
187;102;0;287;0;333
188;102;0;287;0;333
189;102;0;287;0;333
190;102;0;287;0;333
191;102;0;287;0;333
46;103;0;627;0;333
47;103;0;626;0;333
108;103;0;629;0;333
109;103;0;628;0;333
129;103;0;629;0;333
130;103;0;628;0;333
141;103;0;629;0;333
142;103;0;628;0;333
147;103;0;232;0;333
153;103;0;274;0;333
157;103;0;586;0;333
160;103;0;627;0;333
161;103;0;623;0;333
162;103;0;287;0;333
163;103;0;287;0;333
164;103;0;287;0;333
165;103;0;287;0;333
166;103;0;287;0;333
167;103;0;287;0;333
168;103;0;287;0;333
169;103;0;287;0;333
170;103;0;287;0;333
171;103;0;287;0;333
172;103;0;287;0;333
173;103;0;287;0;333
174;103;0;287;0;333
175;103;0;287;0;333
176;103;0;622;0;333
177;103;0;597;0;333
178;103;0;622;0;333
179;103;0;597;0;333
180;103;0;622;0;333
181;103;0;630;0;333
182;103;0;287;0;333
183;103;0;287;0;333
184;103;0;287;0;333
185;103;0;287;0;333
186;103;0;287;0;333
187;103;0;287;0;333
188;103;0;287;0;333
189;103;0;287;0;333
190;103;0;287;0;333
191;103;0;287;0;333
46;104;0;629;0;333
47;104;0;628;0;333
107;104;0;627;0;333
108;104;0;626;0;333
110;104;0;273;0;333
112;104;0;274;0;333
123;104;0;1272;0;333
130;104;0;621;0;333
131;104;0;620;0;333
132;104;0;619;0;333
133;104;0;619;0;333
134;104;0;619;0;333
135;104;0;619;0;333
136;104;0;619;0;333
137;104;0;619;0;333
138;104;0;619;0;333
139;104;0;619;0;333
140;104;0;619;0;333
141;104;0;620;0;333
142;104;0;618;0;333
147;104;0;274;0;333
148;104;0;1783;0;333
150;104;0;1272;0;333
157;104;0;232;0;333
159;104;0;627;0;333
160;104;0;623;0;333
161;104;0;287;0;333
162;104;0;287;0;333
163;104;0;287;0;333
164;104;0;287;0;333
165;104;0;287;0;333
166;104;0;287;0;333
167;104;0;287;0;333
168;104;0;287;0;333
169;104;0;287;0;333
170;104;0;287;0;333
171;104;0;287;0;333
172;104;0;287;0;333
173;104;0;287;0;333
174;104;0;287;0;333
175;104;0;287;0;333
177;104;0;3100;0;333
180;104;0;3097;0;333
181;104;0;3100;0;333
182;104;0;630;0;333
183;104;0;287;0;333
184;104;0;287;0;333
185;104;0;287;0;333
186;104;0;287;0;333
187;104;0;287;0;333
188;104;0;287;0;333
189;104;0;287;0;333
190;104;0;287;0;333
191;104;0;287;0;333
46;105;0;627;0;333
47;105;0;626;0;333
107;105;0;629;0;333
108;105;0;628;0;333
123;105;0;1272;0;333
125;105;0;627;0;333
126;105;0;626;0;333
129;105;0;627;0;333
130;105;0;626;0;333
149;105;0;232;0;333
154;105;0;627;0;333
155;105;0;626;0;333
157;105;0;1783;0;333
158;105;0;627;0;333
159;105;0;623;0;333
160;105;0;287;0;333
161;105;0;287;0;333
162;105;0;287;0;333
163;105;0;287;0;333
164;105;0;287;0;333
165;105;0;287;0;333
166;105;0;287;0;333
167;105;0;287;0;333
168;105;0;287;0;333
169;105;0;287;0;333
170;105;0;287;0;333
171;105;0;287;0;333
172;105;0;287;0;333
173;105;0;287;0;333
174;105;0;622;0;333
175;105;0;622;0;333
176;105;0;1245;0;333
178;105;0;914;0;333
181;105;0;3100;0;333
182;105;0;623;0;333
183;105;0;287;0;333
184;105;0;287;0;333
185;105;0;287;0;333
186;105;0;287;0;333
187;105;0;287;0;333
188;105;0;287;0;333
189;105;0;287;0;333
190;105;0;287;0;333
45;106;0;914;0;333
46;106;0;627;0;333
47;106;0;626;0;333
110;106;0;232;0;333
124;106;0;232;0;333
125;106;0;629;0;333
126;106;0;628;0;333
129;106;0;629;0;333
130;106;0;628;0;333
143;106;0;627;0;333
144;106;0;626;0;333
151;106;0;627;0;333
152;106;0;626;0;333
153;106;0;627;0;333
154;106;0;626;0;333
155;106;0;627;0;333
156;106;0;626;0;333
159;106;0;623;0;333
160;106;0;287;0;333
161;106;0;287;0;333
162;106;0;287;0;333
163;106;0;287;0;333
164;106;0;287;0;333
165;106;0;287;0;333
166;106;0;287;0;333
167;106;0;287;0;333
168;106;0;287;0;333
169;106;0;287;0;333
170;106;0;622;0;333
171;106;0;622;0;333
172;106;0;622;0;333
173;106;0;622;0;333
182;106;0;596;0;333
183;106;0;287;0;333
184;106;0;287;0;333
185;106;0;287;0;333
186;106;0;287;0;333
187;106;0;287;0;333
188;106;0;287;0;333
189;106;0;287;0;333
190;106;0;287;0;333
46;107;0;629;0;333
47;107;0;628;0;333
111;107;0;1245;0;333
114;107;0;1783;0;333
115;107;0;1783;0;333
116;107;0;915;0;333
118;107;0;627;0;333
119;107;0;626;0;333
125;107;0;1245;0;333
127;107;0;274;0;333
129;107;0;627;0;333
130;107;0;626;0;333
143;107;0;629;0;333
144;107;0;628;0;333
146;107;0;1783;0;333
149;107;0;274;0;333
151;107;0;629;0;333
152;107;0;627;0;333
153;107;0;626;0;333
154;107;0;628;0;333
155;107;0;626;0;333
156;107;0;628;0;333
159;107;0;623;0;333
160;107;0;287;0;333
161;107;0;287;0;333
162;107;0;287;0;333
163;107;0;287;0;333
164;107;0;287;0;333
165;107;0;287;0;333
166;107;0;287;0;333
167;107;0;287;0;333
168;107;0;287;0;333
169;107;0;622;0;333
178;107;0;1272;0;333
181;107;0;1246;0;333
182;107;0;623;0;333
183;107;0;287;0;333
184;107;0;287;0;333
185;107;0;287;0;333
186;107;0;287;0;333
187;107;0;287;0;333
188;107;0;287;0;333
189;107;0;287;0;333
190;107;0;287;0;333
107;108;0;914;0;333
118;108;0;629;0;333
119;108;0;628;0;333
124;108;0;273;0;333
128;108;0;627;0;333
129;108;0;626;0;333
130;108;0;628;0;333
143;108;0;627;0;333
144;108;0;626;0;333
152;108;0;629;0;333
153;108;0;628;0;333
154;108;0;628;0;333
155;108;0;628;0;333
156;108;0;627;0;333
157;108;0;626;0;333
159;108;0;629;0;333
160;108;0;630;0;333
161;108;0;287;0;333
162;108;0;287;0;333
163;108;0;287;0;333
164;108;0;287;0;333
165;108;0;287;0;333
166;108;0;287;0;333
167;108;0;287;0;333
168;108;0;287;0;333
182;108;0;596;0;333
183;108;0;287;0;333
184;108;0;287;0;333
185;108;0;287;0;333
186;108;0;287;0;333
187;108;0;287;0;333
188;108;0;287;0;333
189;108;0;287;0;333
46;109;0;273;0;333
47;109;0;273;0;333
111;109;0;915;0;333
117;109;0;627;0;333
118;109;0;626;0;333
121;109;0;1783;0;333
128;109;0;629;0;333
129;109;0;628;0;333
130;109;0;626;0;333
142;109;0;627;0;333
143;109;0;629;0;333
144;109;0;628;0;333
146;109;0;274;0;333
148;109;0;586;0;333
150;109;0;1808;0;333
153;109;0;627;0;333
154;109;0;626;0;333
155;109;0;626;0;333
156;109;0;629;0;333
157;109;0;628;0;333
160;109;0;629;0;333
161;109;0;630;0;333
162;109;0;287;0;333
163;109;0;287;0;333
164;109;0;287;0;333
165;109;0;287;0;333
166;109;0;287;0;333
167;109;0;287;0;333
168;109;0;622;0;333
172;109;0;1272;0;333
183;109;0;630;0;333
184;109;0;287;0;333
185;109;0;287;0;333
186;109;0;287;0;333
187;109;0;287;0;333
188;109;0;287;0;333
189;109;0;287;0;333
46;110;0;273;0;333
47;110;0;627;0;333
48;110;0;626;0;333
117;110;0;629;0;333
118;110;0;628;0;333
123;110;0;274;0;333
126;110;0;627;0;333
127;110;0;626;0;333
128;110;0;627;0;333
129;110;0;626;0;333
130;110;0;628;0;333
142;110;0;629;0;333
143;110;0;627;0;333
144;110;0;626;0;333
150;110;0;273;0;333
152;110;0;273;0;333
153;110;0;629;0;333
154;110;0;628;0;333
155;110;0;628;0;333
161;110;0;623;0;333
162;110;0;287;0;333
163;110;0;287;0;333
164;110;0;287;0;333
165;110;0;287;0;333
166;110;0;287;0;333
167;110;0;622;0;333
182;110;0;3099;0;333
183;110;0;596;0;333
184;110;0;287;0;333
185;110;0;287;0;333
186;110;0;287;0;333
187;110;0;287;0;333
188;110;0;287;0;333
189;110;0;287;0;333
189;110;0;287;0;333
190;110;0;287;0;333
47;111;0;629;0;333
48;111;0;628;0;333
49;111;0;626;0;333
113;111;0;586;0;333
117;111;0;915;0;333
118;111;0;1272;0;333
119;111;0;273;0;333
125;111;0;627;0;333
126;111;0;626;0;333
127;111;0;628;0;333
128;111;0;629;0;333
129;111;0;628;0;333
143;111;0;629;0;333
144;111;0;628;0;333
154;111;0;627;0;333
155;111;0;626;0;333
156;111;0;626;0;333
157;111;0;626;0;333
160;111;0;627;0;333
161;111;0;623;0;333
162;111;0;287;0;333
163;111;0;287;0;333
164;111;0;287;0;333
165;111;0;287;0;333
166;111;0;287;0;333
175;111;0;287;0;333
182;111;0;3100;0;333
183;111;0;623;0;333
184;111;0;287;0;333
185;111;0;287;0;333
186;111;0;287;0;333
187;111;0;287;0;333
188;111;0;287;0;333
189;111;0;287;0;333
189;111;0;287;0;333
190;111;0;287;0;333
46;112;0;274;0;333
47;112;0;301;0;333
48;112;0;629;0;333
49;112;0;628;0;333
115;112;0;273;0;333
120;112;0;627;0;333
121;112;0;626;0;333
125;112;0;629;0;333
126;112;0;628;0;333
144;112;0;627;0;333
145;112;0;626;0;333
149;112;0;273;0;333
152;112;0;627;0;333
153;112;0;626;0;333
154;112;0;629;0;333
155;112;0;628;0;333
156;112;0;628;0;333
157;112;0;628;0;333
159;112;0;627;0;333
160;112;0;623;0;333
161;112;0;287;0;333
162;112;0;287;0;333
163;112;0;287;0;333
164;112;0;287;0;333
165;112;0;287;0;333
166;112;0;287;0;333
169;112;0;1272;0;333
172;112;0;287;0;333
173;112;0;287;0;333
174;112;0;287;0;333
175;112;0;287;0;333
176;112;0;632;0;333
177;112;0;632;0;333
178;112;0;632;0;333
179;112;0;636;0;333
180;112;0;664;0;333
181;112;0;660;0;333
182;112;0;632;0;333
182;112;0;690;0;333
183;112;0;632;0;333
184;112;0;622;0;333
184;112;0;632;0;333
185;112;0;597;0;333
185;112;0;632;0;333
186;112;0;630;0;333
186;112;0;632;0;333
187;112;0;287;0;333
188;112;0;287;0;333
189;112;0;287;0;333
190;112;0;287;0;333
190;112;0;287;0;333
191;112;0;287;0;333
47;113;0;301;0;333
48;113;0;301;0;333
120;113;0;629;0;333
121;113;0;628;0;333
144;113;0;629;0;333
145;113;0;628;0;333
150;113;0;273;0;333
152;113;0;629;0;333
153;113;0;628;0;333
154;113;0;626;0;333
155;113;0;627;0;333
156;113;0;1272;0;333
160;113;0;623;0;333
161;113;0;287;0;333
162;113;0;287;0;333
163;113;0;287;0;333
164;113;0;287;0;333
165;113;0;287;0;333
166;113;0;622;0;333
170;113;0;596;0;333
171;113;0;287;0;333
172;113;0;287;0;333
173;113;0;287;0;333
174;113;0;287;0;333
175;113;0;287;0;333
178;113;0;401;0;333
182;113;0;401;0;333
183;113;0;3097;0;333
184;113;0;3097;0;333
185;113;0;1796;0;333
185;113;0;3098;0;333
186;113;0;623;0;333
187;113;0;287;0;333
188;113;0;287;0;333
189;113;0;287;0;333
190;113;0;287;0;333
190;113;0;287;0;333
191;113;0;287;0;333
192;113;0;287;0;333
47;114;0;914;0;333
48;114;0;627;0;333
49;114;0;626;0;333
109;114;0;627;0;333
110;114;0;626;0;333
114;114;0;914;0;333
143;114;0;627;0;333
144;114;0;626;0;333
150;114;0;274;0;333
153;114;0;629;0;333
155;114;0;586;0;333
157;114;0;914;0;333
159;114;0;627;0;333
160;114;0;623;0;333
161;114;0;287;0;333
162;114;0;287;0;333
163;114;0;287;0;333
164;114;0;287;0;333
165;114;0;287;0;333
169;114;0;1246;0;333
170;114;0;596;0;333
171;114;0;287;0;333
172;114;0;287;0;333
173;114;0;287;0;333
174;114;0;287;0;333
181;114;0;1272;0;333
185;114;0;3097;0;333
186;114;0;596;0;333
187;114;0;287;0;333
188;114;0;287;0;333
189;114;0;287;0;333
190;114;0;287;0;333
191;114;0;287;0;333
192;114;0;287;0;333
193;114;0;287;0;333
194;114;0;287;0;333
48;115;0;629;0;333
49;115;0;628;0;333
108;115;0;627;0;333
109;115;0;626;0;333
110;115;0;628;0;333
143;115;0;629;0;333
144;115;0;628;0;333
148;115;0;1254;0;333
156;115;0;274;0;333
159;115;0;623;0;333
160;115;0;287;0;333
161;115;0;287;0;333
162;115;0;287;0;333
163;115;0;287;0;333
164;115;0;287;0;333
165;115;0;287;0;333
169;115;0;3100;0;333
170;115;0;596;0;333
171;115;0;287;0;333
172;115;0;287;0;333
173;115;0;287;0;333
174;115;0;287;0;333
183;115;0;1276;0;333
184;115;0;1257;0;333
185;115;0;1796;0;333
186;115;0;623;0;333
187;115;0;287;0;333
188;115;0;287;0;333
189;115;0;287;0;333
190;115;0;287;0;333
191;115;0;287;0;333
192;115;0;287;0;333
193;115;0;287;0;333
194;115;0;287;0;333
195;115;0;287;0;333
48;116;0;627;0;333
49;116;0;626;0;333
108;116;0;629;0;333
109;116;0;627;0;333
110;116;0;626;0;333
143;116;0;627;0;333
144;116;0;626;0;333
151;116;0;627;0;333
152;116;0;626;0;333
159;116;0;623;0;333
160;116;0;287;0;333
161;116;0;287;0;333
162;116;0;287;0;333
163;116;0;287;0;333
164;116;0;622;0;333
165;116;0;622;0;333
170;116;0;623;0;333
171;116;0;287;0;333
172;116;0;287;0;333
173;116;0;287;0;333
174;116;0;287;0;333
182;116;0;1273;0;333
184;116;0;1003;0;333
185;116;0;1796;0;333
186;116;0;596;0;333
186;116;0;3097;0;333
187;116;0;287;0;333
188;116;0;287;0;333
189;116;0;287;0;333
190;116;0;287;0;333
191;116;0;287;0;333
192;116;0;287;0;333
193;116;0;287;0;333
194;116;0;287;0;333
195;116;0;287;0;333
47;117;0;274;0;333
48;117;0;629;0;333
49;117;0;628;0;333
50;117;0;627;0;333
51;117;0;626;0;333
109;117;0;629;0;333
110;117;0;628;0;333
141;117;0;627;0;333
142;117;0;626;0;333
143;117;0;629;0;333
144;117;0;628;0;333
149;117;0;627;0;333
150;117;0;627;0;333
151;117;0;626;0;333
152;117;0;628;0;333
157;117;0;627;0;333
159;117;0;623;0;333
160;117;0;287;0;333
161;117;0;287;0;333
162;117;0;287;0;333
163;117;0;287;0;333
169;117;0;623;0;333
170;117;0;287;0;333
171;117;0;287;0;333
172;117;0;287;0;333
173;117;0;287;0;333
176;117;0;1272;0;333
184;117;0;1246;0;333
185;117;0;3099;0;333
186;117;0;623;0;333
187;117;0;287;0;333
188;117;0;287;0;333
189;117;0;287;0;333
190;117;0;287;0;333
191;117;0;287;0;333
192;117;0;287;0;333
193;117;0;287;0;333
194;117;0;287;0;333
195;117;0;287;0;333
49;118;0;301;0;333
50;118;0;629;0;333
51;118;0;628;0;333
140;118;0;627;0;333
141;118;0;629;0;333
142;118;0;628;0;333
149;118;0;629;0;333
150;118;0;629;0;333
151;118;0;628;0;333
152;118;0;628;0;333
154;118;0;232;0;333
156;118;0;627;0;333
157;118;0;623;0;333
158;118;0;287;0;333
159;118;0;287;0;333
160;118;0;287;0;333
161;118;0;287;0;333
162;118;0;287;0;333
163;118;0;287;0;333
167;118;0;1272;0;333
168;118;0;623;0;333
169;118;0;287;0;333
170;118;0;287;0;333
171;118;0;287;0;333
172;118;0;287;0;333
173;118;0;287;0;333
177;118;0;1245;0;333
182;118;0;1272;0;333
186;118;0;596;0;333
187;118;0;287;0;333
188;118;0;287;0;333
189;118;0;287;0;333
190;118;0;287;0;333
191;118;0;287;0;333
192;118;0;287;0;333
193;118;0;287;0;333
194;118;0;287;0;333
195;118;0;287;0;333
135;119;0;627;0;333
136;119;0;626;0;333
137;119;0;626;0;333
138;119;0;627;0;333
139;119;0;626;0;333
140;119;0;629;0;333
141;119;0;628;0;333
149;119;0;627;0;333
150;119;0;626;0;333
153;119;0;914;0;333
154;119;0;274;0;333
155;119;0;1272;0;333
157;119;0;623;0;333
158;119;0;287;0;333
159;119;0;287;0;333
160;119;0;287;0;333
161;119;0;287;0;333
162;119;0;287;0;333
163;119;0;287;0;333
168;119;0;623;0;333
169;119;0;287;0;333
170;119;0;287;0;333
171;119;0;287;0;333
172;119;0;287;0;333
173;119;0;287;0;333
176;119;0;914;0;333
180;119;0;914;0;333
182;119;0;1272;0;333
186;119;0;287;0;333
187;119;0;287;0;333
188;119;0;287;0;333
189;119;0;287;0;333
190;119;0;287;0;333
191;119;0;287;0;333
192;119;0;287;0;333
193;119;0;287;0;333
194;119;0;287;0;333
195;119;0;287;0;333
135;120;0;629;0;333
136;120;0;628;0;333
137;120;0;628;0;333
138;120;0;629;0;333
139;120;0;628;0;333
149;120;0;629;0;333
150;120;0;628;0;333
157;120;0;623;0;333
158;120;0;287;0;333
159;120;0;287;0;333
160;120;0;287;0;333
161;120;0;287;0;333
162;120;0;287;0;333
163;120;0;622;0;333
164;120;0;1272;0;333
167;120;0;623;0;333
168;120;0;287;0;333
169;120;0;287;0;333
170;120;0;287;0;333
171;120;0;287;0;333
172;120;0;287;0;333
174;120;0;914;0;333
177;120;0;3097;0;333
178;120;0;3097;0;333
179;120;0;3097;0;333
180;120;0;3097;0;333
186;120;0;287;0;333
187;120;0;287;0;333
188;120;0;287;0;333
189;120;0;287;0;333
190;120;0;287;0;333
191;120;0;287;0;333
192;120;0;287;0;333
193;120;0;287;0;333
194;120;0;622;0;333
195;120;0;622;0;333
125;121;0;627;0;333
126;121;0;626;0;333
128;121;0;627;0;333
129;121;0;626;0;333
130;121;0;627;0;333
131;121;0;626;0;333
133;121;0;627;0;333
134;121;0;626;0;333
136;121;0;627;0;333
137;121;0;626;0;333
138;121;0;629;0;333
139;121;0;628;0;333
140;121;0;1808;0;333
148;121;0;586;0;333
149;121;0;232;0;333
152;121;0;586;0;333
153;121;0;1272;0;333
156;121;0;623;0;333
157;121;0;287;0;333
158;121;0;287;0;333
159;121;0;287;0;333
160;121;0;287;0;333
161;121;0;287;0;333
162;121;0;287;0;333
167;121;0;623;0;333
168;121;0;287;0;333
169;121;0;287;0;333
170;121;0;287;0;333
171;121;0;287;0;333
172;121;0;287;0;333
180;121;0;3097;0;333
181;121;0;287;0;333
182;121;0;287;0;333
183;121;0;287;0;333
184;121;0;287;0;333
185;121;0;287;0;333
186;121;0;287;0;333
187;121;0;287;0;333
188;121;0;287;0;333
189;121;0;287;0;333
190;121;0;287;0;333
191;121;0;622;0;333
192;121;0;622;0;333
193;121;0;622;0;333
194;121;0;628;0;333
125;122;0;629;0;333
126;122;0;628;0;333
127;122;0;627;0;333
128;122;0;629;0;333
129;122;0;628;0;333
130;122;0;629;0;333
131;122;0;628;0;333
132;122;0;627;0;333
133;122;0;629;0;333
134;122;0;628;0;333
136;122;0;629;0;333
137;122;0;628;0;333
138;122;0;914;0;333
142;122;0;586;0;333
156;122;0;623;0;333
157;122;0;287;0;333
158;122;0;287;0;333
159;122;0;287;0;333
160;122;0;287;0;333
161;122;0;287;0;333
162;122;0;287;0;333
166;122;0;623;0;333
167;122;0;287;0;333
168;122;0;287;0;333
168;122;0;287;0;333
169;122;0;287;0;333
170;122;0;287;0;333
171;122;0;287;0;333
172;122;0;287;0;333
173;122;0;287;0;333
179;122;0;287;0;333
180;122;0;287;0;333
181;122;0;287;0;333
182;122;0;287;0;333
183;122;0;287;0;333
184;122;0;287;0;333
185;122;0;287;0;333
186;122;0;287;0;333
187;122;0;287;0;333
188;122;0;287;0;333
189;122;0;287;0;333
190;122;0;287;0;333
191;122;0;628;0;333
193;122;0;387;0;333
194;122;0;387;0;333
125;123;0;627;0;333
126;123;0;626;0;333
127;123;0;629;0;333
128;123;0;628;0;333
132;123;0;629;0;333
133;123;0;628;0;333
147;123;0;914;0;333
148;123;0;274;0;333
151;123;0;627;0;333
154;123;0;623;0;333
155;123;0;287;0;333
156;123;0;287;0;333
157;123;0;287;0;333
158;123;0;287;0;333
159;123;0;287;0;333
160;123;0;287;0;333
161;123;0;622;0;333
162;123;0;622;0;333
166;123;0;596;0;333
167;123;0;287;0;333
168;123;0;287;0;333
168;123;0;287;0;333
169;123;0;287;0;333
170;123;0;287;0;333
171;123;0;287;0;333
172;123;0;287;0;333
173;123;0;287;0;333
178;123;0;287;0;333
179;123;0;287;0;333
180;123;0;287;0;333
181;123;0;287;0;333
182;123;0;287;0;333
183;123;0;287;0;333
184;123;0;287;0;333
185;123;0;287;0;333
186;123;0;287;0;333
187;123;0;287;0;333
188;123;0;622;0;333
189;123;0;622;0;333
190;123;0;622;0;333
191;123;0;628;0;333
123;124;0;627;0;333
124;124;0;626;0;333
125;124;0;626;0;333
126;124;0;628;0;333
130;124;0;586;0;333
140;124;0;1783;0;333
151;124;0;623;0;333
152;124;0;287;0;333
153;124;0;287;0;333
154;124;0;287;0;333
155;124;0;287;0;333
156;124;0;287;0;333
157;124;0;287;0;333
158;124;0;287;0;333
159;124;0;287;0;333
160;124;0;287;0;333
166;124;0;623;0;333
167;124;0;287;0;333
168;124;0;287;0;333
169;124;0;287;0;333
170;124;0;287;0;333
171;124;0;287;0;333
172;124;0;287;0;333
173;124;0;287;0;333
174;124;0;287;0;333
175;124;0;287;0;333
176;124;0;287;0;333
177;124;0;287;0;333
178;124;0;287;0;333
179;124;0;287;0;333
180;124;0;287;0;333
181;124;0;287;0;333
182;124;0;287;0;333
183;124;0;287;0;333
184;124;0;287;0;333
185;124;0;287;0;333
186;124;0;287;0;333
187;124;0;287;0;333
188;124;0;628;0;333
191;124;0;1807;0;333
122;125;0;627;0;333
123;125;0;626;0;333
124;125;0;628;0;333
125;125;0;628;0;333
128;125;0;274;0;333
131;125;0;586;0;333
136;125;0;274;0;333
138;125;0;274;0;333
147;125;0;627;0;333
148;125;0;627;0;333
151;125;0;623;0;333
152;125;0;287;0;333
153;125;0;287;0;333
154;125;0;287;0;333
155;125;0;287;0;333
156;125;0;287;0;333
157;125;0;287;0;333
158;125;0;287;0;333
159;125;0;287;0;333
160;125;0;287;0;333
165;125;0;1245;0;333
166;125;0;596;0;333
167;125;0;287;0;333
168;125;0;287;0;333
169;125;0;287;0;333
170;125;0;287;0;333
171;125;0;287;0;333
172;125;0;287;0;333
173;125;0;287;0;333
174;125;0;287;0;333
175;125;0;287;0;333
176;125;0;287;0;333
177;125;0;287;0;333
178;125;0;287;0;333
179;125;0;287;0;333
180;125;0;287;0;333
181;125;0;287;0;333
182;125;0;287;0;333
183;125;0;622;0;333
184;125;0;622;0;333
185;125;0;622;0;333
186;125;0;622;0;333
187;125;0;622;0;333
188;125;0;628;0;333
190;125;0;273;0;333
193;125;0;273;0;333
121;126;0;627;0;333
122;126;0;626;0;333
123;126;0;628;0;333
129;126;0;274;0;333
130;126;0;274;0;333
137;126;0;1783;0;333
139;126;0;586;0;333
146;126;0;627;0;333
147;126;0;623;0;333
148;126;0;287;0;333
149;126;0;287;0;333
150;126;0;287;0;333
151;126;0;287;0;333
152;126;0;287;0;333
153;126;0;287;0;333
154;126;0;287;0;333
155;126;0;287;0;333
156;126;0;287;0;333
157;126;0;287;0;333
158;126;0;287;0;333
159;126;0;287;0;333
160;126;0;287;0;333
162;126;0;1272;0;333
164;126;0;1272;0;333
166;126;0;623;0;333
167;126;0;287;0;333
168;126;0;287;0;333
169;126;0;287;0;333
170;126;0;287;0;333
171;126;0;287;0;333
172;126;0;287;0;333
173;126;0;287;0;333
174;126;0;287;0;333
175;126;0;287;0;333
176;126;0;287;0;333
177;126;0;287;0;333
178;126;0;287;0;333
179;126;0;287;0;333
180;126;0;287;0;333
181;126;0;287;0;333
182;126;0;287;0;333
183;126;0;628;0;333
185;126;0;387;0;333
186;126;0;628;0;333
187;126;0;1783;0;333
189;126;0;1246;0;333
191;126;0;586;0;333
194;126;0;1246;0;333
121;127;0;629;0;333
122;127;0;628;0;333
128;127;0;1783;0;333
130;127;0;1783;0;333
132;127;0;274;0;333
147;127;0;623;0;333
148;127;0;287;0;333
149;127;0;287;0;333
150;127;0;287;0;333
151;127;0;287;0;333
152;127;0;287;0;333
153;127;0;287;0;333
154;127;0;287;0;333
155;127;0;287;0;333
156;127;0;287;0;333
157;127;0;287;0;333
158;127;0;287;0;333
159;127;0;287;0;333
160;127;0;622;0;333
166;127;0;287;0;333
167;127;0;287;0;333
168;127;0;287;0;333
169;127;0;287;0;333
170;127;0;287;0;333
171;127;0;287;0;333
172;127;0;287;0;333
173;127;0;287;0;333
174;127;0;287;0;333
175;127;0;287;0;333
176;127;0;287;0;333
177;127;0;287;0;333
178;127;0;287;0;333
179;127;0;622;0;333
180;127;0;622;0;333
181;127;0;622;0;333
182;127;0;622;0;333
183;127;0;628;0;333
185;127;0;1245;0;333
186;127;0;586;0;333
192;127;0;1808;0;333
119;128;0;627;0;333
120;128;0;626;0;333
121;128;0;626;0;333
125;128;0;274;0;333
137;128;0;274;0;333
146;128;0;232;0;333
147;128;0;287;0;333
148;128;0;287;0;333
149;128;0;287;0;333
150;128;0;287;0;333
151;128;0;287;0;333
152;128;0;287;0;333
153;128;0;287;0;333
154;128;0;287;0;333
155;128;0;287;0;333
156;128;0;287;0;333
157;128;0;287;0;333
158;128;0;287;0;333
159;128;0;287;0;333
164;128;0;623;0;333
165;128;0;287;0;333
166;128;0;287;0;333
167;128;0;287;0;333
168;128;0;287;0;333
169;128;0;287;0;333
170;128;0;287;0;333
171;128;0;287;0;333
172;128;0;287;0;333
173;128;0;287;0;333
174;128;0;287;0;333
175;128;0;287;0;333
176;128;0;287;0;333
177;128;0;287;0;333
178;128;0;287;0;333
179;128;0;628;0;333
180;128;0;387;0;333
181;128;0;387;0;333
182;128;0;628;0;333
187;128;0;1807;0;333
188;128;0;2832;0;333
118;129;0;627;0;333
119;129;0;626;0;333
120;129;0;628;0;333
121;129;0;628;0;333
123;129;0;1783;0;333
128;129;0;627;0;333
129;129;0;626;0;333
135;129;0;627;0;333
136;129;0;627;0;333
145;129;0;623;0;333
146;129;0;287;0;333
146;129;0;287;0;333
147;129;0;287;0;333
148;129;0;287;0;333
148;129;0;287;0;333
149;129;0;287;0;333
150;129;0;287;0;333
151;129;0;287;0;333
151;129;0;287;0;333
152;129;0;287;0;333
153;129;0;287;0;333
154;129;0;287;0;333
155;129;0;287;0;333
156;129;0;287;0;333
157;129;0;287;0;333
158;129;0;287;0;333
159;129;0;287;0;333
164;129;0;1246;0;333
165;129;0;287;0;333
166;129;0;287;0;333
167;129;0;287;0;333
168;129;0;287;0;333
169;129;0;287;0;333
170;129;0;287;0;333
171;129;0;287;0;333
172;129;0;287;0;333
173;129;0;287;0;333
174;129;0;287;0;333
175;129;0;287;0;333
176;129;0;622;0;333
177;129;0;622;0;333
178;129;0;622;0;333
179;129;0;628;0;333
184;129;0;1807;0;333
194;129;0;627;0;333
195;129;0;626;0;333
117;130;0;627;0;333
118;130;0;626;0;333
119;130;0;628;0;333
128;130;0;629;0;333
129;130;0;628;0;333
135;130;0;623;0;333
136;130;0;287;0;333
137;130;0;623;0;333
138;130;0;623;0;333
139;130;0;287;0;333
140;130;0;287;0;333
141;130;0;287;0;333
144;130;0;623;0;333
145;130;0;287;0;333
146;130;0;287;0;333
147;130;0;287;0;333
147;130;0;287;0;333
148;130;0;287;0;333
149;130;0;287;0;333
150;130;0;287;0;333
150;130;0;287;0;333
151;130;0;287;0;333
151;130;0;287;0;333
151;130;0;287;0;333
152;130;0;287;0;333
152;130;0;287;0;333
153;130;0;287;0;333
153;130;0;287;0;333
154;130;0;287;0;333
154;130;0;287;0;333
155;130;0;287;0;333
156;130;0;287;0;333
157;130;0;287;0;333
158;130;0;287;0;333
159;130;0;287;0;333
164;130;0;623;0;333
165;130;0;287;0;333
166;130;0;287;0;333
167;130;0;287;0;333
168;130;0;287;0;333
169;130;0;287;0;333
170;130;0;287;0;333
171;130;0;287;0;333
172;130;0;287;0;333
173;130;0;287;0;333
174;130;0;287;0;333
175;130;0;287;0;333
176;130;0;628;0;333
178;130;0;1783;0;333
180;130;0;1254;0;333
187;130;0;1807;0;333
190;130;0;627;0;333
191;130;0;626;0;333
192;130;0;627;0;333
193;130;0;626;0;333
194;130;0;629;0;333
195;130;0;628;0;333
116;131;0;627;0;333
117;131;0;626;0;333
118;131;0;628;0;333
119;131;0;627;0;333
120;131;0;626;0;333
132;131;0;586;0;333
134;131;0;627;0;333
135;131;0;623;0;333
136;131;0;287;0;333
137;131;0;287;0;333
138;131;0;287;0;333
139;131;0;287;0;333
139;131;0;287;0;333
140;131;0;287;0;333
140;131;0;287;0;333
141;131;0;287;0;333
141;131;0;287;0;333
142;131;0;287;0;333
143;131;0;287;0;333
144;131;0;287;0;333
145;131;0;287;0;333
146;131;0;287;0;333
146;131;0;287;0;333
147;131;0;287;0;333
148;131;0;287;0;333
149;131;0;287;0;333
150;131;0;287;0;333
150;131;0;287;0;333
151;131;0;287;0;333
151;131;0;287;0;333
151;131;0;287;0;333
152;131;0;287;0;333
152;131;0;287;0;333
153;131;0;287;0;333
153;131;0;287;0;333
154;131;0;287;0;333
154;131;0;287;0;333
155;131;0;287;0;333
156;131;0;287;0;333
157;131;0;287;0;333
158;131;0;287;0;333
159;131;0;287;0;333
164;131;0;623;0;333
165;131;0;287;0;333
166;131;0;287;0;333
167;131;0;287;0;333
168;131;0;287;0;333
168;131;0;287;0;333
169;131;0;287;0;333
170;131;0;287;0;333
171;131;0;287;0;333
172;131;0;622;0;333
173;131;0;622;0;333
174;131;0;622;0;333
175;131;0;622;0;333
176;131;0;628;0;333
182;131;0;1807;0;333
188;131;0;586;0;333
192;131;0;629;0;333
193;131;0;628;0;333
116;132;0;629;0;333
117;132;0;628;0;333
119;132;0;629;0;333
120;132;0;628;0;333
133;132;0;627;0;333
134;132;0;623;0;333
135;132;0;287;0;333
136;132;0;287;0;333
136;132;0;287;0;333
137;132;0;287;0;333
137;132;0;287;0;333
138;132;0;287;0;333
138;132;0;287;0;333
139;132;0;287;0;333
139;132;0;287;0;333
139;132;0;287;0;333
140;132;0;287;0;333
140;132;0;287;0;333
141;132;0;287;0;333
141;132;0;287;0;333
142;132;0;287;0;333
143;132;0;287;0;333
144;132;0;287;0;333
144;132;0;287;0;333
145;132;0;287;0;333
146;132;0;287;0;333
147;132;0;287;0;333
148;132;0;287;0;333
149;132;0;287;0;333
150;132;0;287;0;333
150;132;0;287;0;333
151;132;0;287;0;333
151;132;0;287;0;333
152;132;0;287;0;333
153;132;0;287;0;333
154;132;0;287;0;333
155;132;0;287;0;333
156;132;0;287;0;333
157;132;0;287;0;333
158;132;0;287;0;333
159;132;0;287;0;333
164;132;0;287;0;333
165;132;0;287;0;333
166;132;0;287;0;333
167;132;0;287;0;333
168;132;0;287;0;333
168;132;0;287;0;333
169;132;0;287;0;333
170;132;0;287;0;333
171;132;0;287;0;333
172;132;0;628;0;333
174;132;0;387;0;333
175;132;0;628;0;333
177;132;0;1246;0;333
180;132;0;273;0;333
182;132;0;1783;0;333
188;132;0;627;0;333
189;132;0;626;0;333
190;132;0;627;0;333
191;132;0;626;0;333
115;133;0;627;0;333
116;133;0;626;0;333
124;133;0;274;0;333
125;133;0;232;0;333
129;133;0;274;0;333
131;133;0;1783;0;333
132;133;0;627;0;333
133;133;0;623;0;333
134;133;0;287;0;333
135;133;0;287;0;333
136;133;0;287;0;333
136;133;0;287;0;333
137;133;0;287;0;333
138;133;0;287;0;333
139;133;0;287;0;333
139;133;0;287;0;333
140;133;0;287;0;333
140;133;0;287;0;333
140;133;0;287;0;333
141;133;0;287;0;333
141;133;0;287;0;333
141;133;0;287;0;333
142;133;0;287;0;333
142;133;0;287;0;333
143;133;0;287;0;333
143;133;0;287;0;333
144;133;0;287;0;333
144;133;0;287;0;333
145;133;0;287;0;333
145;133;0;287;0;333
146;133;0;287;0;333
146;133;0;287;0;333
147;133;0;287;0;333
148;133;0;287;0;333
149;133;0;287;0;333
150;133;0;287;0;333
151;133;0;287;0;333
152;133;0;287;0;333
153;133;0;287;0;333
154;133;0;287;0;333
155;133;0;287;0;333
156;133;0;287;0;333
157;133;0;287;0;333
158;133;0;287;0;333
164;133;0;287;0;333
165;133;0;287;0;333
166;133;0;287;0;333
167;133;0;287;0;333
168;133;0;287;0;333
169;133;0;622;0;333
170;133;0;622;0;333
170;133;0;622;0;333
171;133;0;622;0;333
172;133;0;628;0;333
186;133;0;627;0;333
187;133;0;626;0;333
188;133;0;629;0;333
189;133;0;628;0;333
190;133;0;629;0;333
191;133;0;628;0;333
115;134;0;627;0;333
116;134;0;626;0;333
120;134;0;627;0;333
121;134;0;626;0;333
133;134;0;623;0;333
134;134;0;287;0;333
135;134;0;287;0;333
136;134;0;287;0;333
137;134;0;287;0;333
138;134;0;287;0;333
139;134;0;287;0;333
140;134;0;287;0;333
140;134;0;287;0;333
141;134;0;287;0;333
141;134;0;287;0;333
142;134;0;287;0;333
142;134;0;287;0;333
143;134;0;287;0;333
144;134;0;287;0;333
145;134;0;287;0;333
145;134;0;287;0;333
146;134;0;287;0;333
147;134;0;287;0;333
148;134;0;287;0;333
149;134;0;287;0;333
150;134;0;287;0;333
151;134;0;287;0;333
152;134;0;287;0;333
153;134;0;287;0;333
154;134;0;287;0;333
155;134;0;287;0;333
156;134;0;287;0;333
157;134;0;287;0;333
158;134;0;287;0;333
163;134;0;287;0;333
164;134;0;287;0;333
165;134;0;287;0;333
166;134;0;287;0;333
167;134;0;287;0;333
168;134;0;287;0;333
169;134;0;628;0;333
180;134;0;1808;0;333
182;134;0;586;0;333
185;134;0;627;0;333
186;134;0;626;0;333
187;134;0;628;0;333
115;135;0;629;0;333
116;135;0;628;0;333
118;135;0;232;0;333
120;135;0;629;0;333
121;135;0;628;0;333
133;135;0;623;0;333
149;135;0;287;0;333
150;135;0;287;0;333
151;135;0;287;0;333
152;135;0;287;0;333
153;135;0;287;0;333
154;135;0;287;0;333
155;135;0;287;0;333
156;135;0;287;0;333
157;135;0;287;0;333
158;135;0;287;0;333
162;135;0;287;0;333
163;135;0;287;0;333
164;135;0;287;0;333
165;135;0;287;0;333
166;135;0;287;0;333
167;135;0;622;0;333
168;135;0;622;0;333
169;135;0;628;0;333
173;135;0;1245;0;333
176;135;0;627;0;333
177;135;0;626;0;333
182;135;0;1246;0;333
184;135;0;627;0;333
185;135;0;626;0;333
186;135;0;628;0;333
117;136;0;232;0;333
125;136;0;586;0;333
133;136;0;625;0;333
135;136;0;622;0;333
136;136;0;622;0;333
149;136;0;287;0;333
150;136;0;287;0;333
151;136;0;287;0;333
152;136;0;287;0;333
153;136;0;287;0;333
154;136;0;287;0;333
155;136;0;287;0;333
156;136;0;287;0;333
157;136;0;287;0;333
158;136;0;287;0;333
162;136;0;287;0;333
163;136;0;287;0;333
164;136;0;287;0;333
165;136;0;287;0;333
166;136;0;287;0;333
172;136;0;586;0;333
176;136;0;629;0;333
177;136;0;628;0;333
183;136;0;627;0;333
184;136;0;626;0;333
185;136;0;628;0;333
120;137;0;232;0;333
123;137;0;232;0;333
128;137;0;627;0;333
129;137;0;626;0;333
131;137;0;274;0;333
133;137;0;623;0;333
134;137;0;287;0;333
135;137;0;287;0;333
136;137;0;287;0;333
137;137;0;287;0;333
138;137;0;287;0;333
138;137;0;287;0;333
139;137;0;287;0;333
139;137;0;287;0;333
140;137;0;287;0;333
141;137;0;287;0;333
142;137;0;287;0;333
143;137;0;287;0;333
144;137;0;287;0;333
149;137;0;287;0;333
150;137;0;287;0;333
151;137;0;287;0;333
152;137;0;287;0;333
153;137;0;287;0;333
154;137;0;287;0;333
155;137;0;287;0;333
156;137;0;287;0;333
157;137;0;287;0;333
158;137;0;287;0;333
159;137;0;599;0;333
160;137;0;596;0;333
161;137;0;287;0;333
162;137;0;287;0;333
163;137;0;287;0;333
164;137;0;287;0;333
165;137;0;287;0;333
166;137;0;287;0;333
167;137;0;628;0;333
175;137;0;627;0;333
176;137;0;626;0;333
177;137;0;626;0;333
182;137;0;627;0;333
183;137;0;626;0;333
184;137;0;628;0;333
117;138;0;232;0;333
124;138;0;627;0;333
125;138;0;626;0;333
127;138;0;627;0;333
128;138;0;626;0;333
129;138;0;628;0;333
133;138;0;629;0;333
134;138;0;630;0;333
135;138;0;287;0;333
136;138;0;287;0;333
137;138;0;287;0;333
138;138;0;287;0;333
139;138;0;287;0;333
140;138;0;287;0;333
141;138;0;287;0;333
142;138;0;287;0;333
143;138;0;287;0;333
144;138;0;287;0;333
144;138;0;287;0;333
144;138;0;287;0;333
145;138;0;287;0;333
146;138;0;622;0;333
147;138;0;624;0;333
148;138;0;622;0;333
149;138;0;630;0;333
150;138;0;287;0;333
151;138;0;287;0;333
152;138;0;287;0;333
153;138;0;287;0;333
154;138;0;287;0;333
155;138;0;287;0;333
156;138;0;622;0;333
157;138;0;622;0;333
158;138;0;628;0;333
161;138;0;287;0;333
162;138;0;287;0;333
163;138;0;287;0;333
164;138;0;287;0;333
165;138;0;287;0;333
166;138;0;622;0;333
167;138;0;628;0;333
170;138;0;627;0;333
171;138;0;627;0;333
172;138;0;626;0;333
175;138;0;629;0;333
176;138;0;628;0;333
177;138;0;628;0;333
178;138;0;626;0;333
180;138;0;627;0;333
181;138;0;626;0;333
182;138;0;629;0;333
183;138;0;628;0;333
120;139;0;586;0;333
124;139;0;629;0;333
125;139;0;628;0;333
126;139;0;626;0;333
127;139;0;626;0;333
128;139;0;628;0;333
129;139;0;586;0;333
130;139;0;586;0;333
132;139;0;232;0;333
134;139;0;623;0;333
135;139;0;287;0;333
136;139;0;287;0;333
137;139;0;287;0;333
138;139;0;287;0;333
139;139;0;287;0;333
139;139;0;287;0;333
140;139;0;287;0;333
141;139;0;287;0;333
142;139;0;287;0;333
143;139;0;622;0;333
144;139;0;622;0;333
145;139;0;622;0;333
149;139;0;629;0;333
150;139;0;622;0;333
151;139;0;622;0;333
152;139;0;622;0;333
153;139;0;622;0;333
154;139;0;622;0;333
155;139;0;622;0;333
156;139;0;622;0;333
157;139;0;628;0;333
160;139;0;627;0;333
161;139;0;630;0;333
162;139;0;287;0;333
163;139;0;287;0;333
164;139;0;622;0;333
165;139;0;622;0;333
165;139;0;628;0;333
168;139;0;1254;0;333
169;139;0;627;0;333
170;139;0;629;0;333
171;139;0;629;0;333
172;139;0;628;0;333
176;139;0;387;0;333
177;139;0;629;0;333
178;139;0;628;0;333
180;139;0;629;0;333
181;139;0;628;0;333
121;140;0;232;0;333
125;140;0;629;0;333
126;140;0;628;0;333
127;140;0;628;0;333
130;140;0;232;0;333
134;140;0;629;0;333
135;140;0;630;0;333
136;140;0;287;0;333
137;140;0;287;0;333
138;140;0;287;0;333
139;140;0;287;0;333
139;140;0;287;0;333
140;140;0;287;0;333
141;140;0;287;0;333
142;140;0;287;0;333
148;140;0;274;0;333
151;140;0;274;0;333
153;140;0;628;0;333
155;140;0;274;0;333
156;140;0;628;0;333
159;140;0;274;0;333
161;140;0;629;0;333
162;140;0;622;0;333
163;140;0;622;0;333
164;140;0;628;0;333
169;140;0;629;0;333
170;140;0;628;0;333
172;140;0;387;0;333
177;140;0;387;0;333
178;140;0;629;0;333
