45;0;627;333
46;0;627;333
46;0;623;333
47;0;287;333
48;0;287;333
48;0;287;333
49;0;287;333
50;0;287;333
51;0;287;333
52;0;287;333
53;0;287;333
54;0;287;333
55;0;287;333
56;0;287;333
57;0;287;333
58;0;287;333
59;0;287;333
60;0;287;333
61;0;287;333
62;0;287;333
63;0;287;333
64;0;287;333
65;0;287;333
66;0;287;333
67;0;287;333
68;0;287;333
69;0;287;333
70;0;287;333
71;0;287;333
72;0;287;333
73;0;287;333
73;0;287;333
74;0;287;333
75;0;287;333
76;0;287;333
77;0;287;333
78;0;287;333
79;0;287;333
80;0;287;333
81;0;287;333
82;0;287;333
83;0;287;333
84;0;287;333
85;0;287;333
86;0;287;333
87;0;287;333
88;0;287;333
89;0;287;333
90;0;287;333
91;0;287;333
92;0;287;333
93;0;287;333
94;0;287;333
95;0;287;333
96;0;287;333
97;0;287;333
98;0;287;333
99;0;287;333
45;1;627;333
46;1;627;333
47;1;287;333
48;1;287;333
49;1;287;333
50;1;287;333
51;1;287;333
52;1;287;333
53;1;287;333
54;1;287;333
55;1;287;333
56;1;287;333
57;1;287;333
58;1;287;333
59;1;287;333
60;1;287;333
61;1;287;333
62;1;287;333
63;1;597;333
63;1;513;333
64;1;597;333
64;1;626;333
65;1;597;333
65;1;3095;333
66;1;597;333
66;1;513;333
67;1;597;333
67;1;1361;333
68;1;597;333
68;1;628;333
69;1;597;333
70;1;597;333
71;1;597;333
72;1;597;333
72;1;1360;333
73;1;597;333
73;1;1360;333
74;1;630;333
75;1;287;333
75;1;287;333
76;1;287;333
77;1;287;333
78;1;287;333
79;1;287;333
80;1;287;333
81;1;287;333
81;1;622;333
81;1;287;333
82;1;287;333
83;1;287;333
84;1;287;333
84;1;597;333
85;1;287;333
85;1;597;333
86;1;287;333
86;1;597;333
87;1;287;333
88;1;287;333
88;1;597;333
89;1;287;333
90;1;287;333
91;1;287;333
92;1;287;333
93;1;287;333
94;1;287;333
95;1;287;333
96;1;287;333
97;1;287;333
98;1;287;333
99;1;287;333
43;2;630;333
44;2;627;333
45;2;287;333
46;2;287;333
47;2;287;333
48;2;287;333
49;2;287;333
50;2;287;333
51;2;287;333
52;2;287;333
53;2;287;333
53;2;287;333
54;2;287;333
54;2;287;333
55;2;287;333
56;2;287;333
57;2;287;333
58;2;287;333
59;2;597;333
60;2;597;333
61;2;597;333
62;2;597;333
63;2;51;333
72;2;3101;333
73;2;1367;333
74;2;596;333
74;2;626;333
75;2;287;333
75;2;596;333
76;2;628;333
77;2;624;333
78;2;630;333
78;2;287;333
79;2;287;333
80;2;287;333
81;2;622;333
82;2;597;333
83;2;597;333
83;2;622;333
84;2;597;333
85;2;597;333
85;2;597;333
85;2;622;333
86;2;597;333
86;2;914;333
87;2;597;333
88;2;597;333
89;2;597;333
89;2;274;333
90;2;597;333
90;2;597;333
90;2;914;333
91;2;597;333
91;2;628;333
92;2;597;333
93;2;597;333
94;2;597;333
95;2;630;333
96;2;287;333
97;2;287;333
98;2;287;333
99;2;287;333
37;3;287;333
38;3;287;333
39;3;287;333
40;3;287;333
41;3;287;333
42;3;287;333
43;3;287;333
44;3;287;333
45;3;287;333
46;3;287;333
47;3;287;333
48;3;628;333
49;3;287;333
50;3;287;333
51;3;287;333
52;3;287;333
53;3;287;333
53;3;287;333
54;3;287;333
55;3;287;333
55;3;287;333
56;3;287;333
57;3;287;333
57;3;287;333
58;3;287;333
59;3;599;333
63;3;506;333
64;3;314;333
65;3;395;333
66;3;2805;333
67;3;272;333
68;3;2805;333
69;3;272;333
70;3;2805;333
71;3;220;333
72;3;3101;333
73;3;315;333
74;3;596;333
75;3;287;333
75;3;596;333
76;3;599;333
77;3;1265;333
78;3;596;333
78;3;1265;333
79;3;287;333
80;3;287;333
80;3;287;333
87;3;1265;333
90;3;3101;333
90;3;1265;333
90;3;914;333
91;3;274;333
92;3;3101;333
94;3;28;333
95;3;596;333
96;3;287;333
97;3;287;333
98;3;287;333
99;3;287;333
35;4;627;333
36;4;287;333
37;4;287;333
38;4;287;333
39;4;287;333
40;4;287;333
41;4;287;333
42;4;287;333
43;4;287;333
44;4;287;333
45;4;597;333
46;4;597;333
46;4;622;333
47;4;597;333
47;4;628;333
48;4;629;333
49;4;627;333
49;4;629;333
50;4;628;333
50;4;626;333
51;4;287;333
52;4;287;333
53;4;287;333
54;4;597;333
55;4;287;333
55;4;626;333
56;4;287;333
56;4;287;333
57;4;287;333
57;4;287;333
58;4;287;333
59;4;599;333
63;4;3095;333
64;4;3101;333
66;4;3095;333
70;4;3095;333
70;4;3101;333
71;4;2937;333
73;4;361;333
74;4;596;333
75;4;287;333
75;4;596;333
76;4;599;333
78;4;596;333
79;4;287;333
79;4;287;333
79;4;287;333
80;4;287;333
82;4;1804;333
83;4;338;333
84;4;338;333
84;4;1265;333
85;4;1817;333
87;4;1812;333
91;4;203;333
95;4;596;333
95;4;914;333
96;4;287;333
97;4;287;333
98;4;287;333
99;4;287;333
35;5;627;333
36;5;287;333
37;5;287;333
38;5;287;333
39;5;287;333
40;5;287;333
41;5;287;333
42;5;287;333
43;5;287;333
46;5;1257;333
47;5;1783;333
48;5;1813;333
49;5;629;333
50;5;626;333
51;5;629;333
51;5;626;333
51;5;626;333
51;5;624;333
52;5;622;333
53;5;628;333
54;5;1813;333
55;5;596;333
55;5;629;333
56;5;287;333
56;5;626;333
57;5;287;333
58;5;287;333
59;5;599;333
59;5;599;333
68;5;3096;333
70;5;3101;333
72;5;3093;333
73;5;315;333
74;5;596;333
74;5;627;333
75;5;287;333
75;5;596;333
76;5;599;333
77;5;1265;333
78;5;629;333
79;5;630;333
82;5;1251;333
83;5;2038;333
84;5;1265;333
85;5;273;333
86;5;1783;333
87;5;1808;333
88;5;3101;333
89;5;1783;333
90;5;1812;333
92;5;1251;333
93;5;1808;333
95;5;596;333
95;5;627;333
96;5;287;333
96;5;596;333
96;5;596;333
97;5;287;333
98;5;287;333
99;5;287;333
35;6;626;333
36;6;627;333
37;6;287;333
38;6;287;333
39;6;287;333
40;6;287;333
41;6;287;333
42;6;287;333
43;6;622;333
44;6;1783;333
46;6;1782;333
47;6;2937;333
48;6;274;333
49;6;273;333
50;6;1817;333
51;6;1257;333
52;6;1813;333
54;6;1782;333
56;6;596;333
56;6;626;333
56;6;626;333
57;6;287;333
58;6;287;333
59;6;599;333
66;6;2805;333
67;6;314;333
67;6;395;333
68;6;2805;333
69;6;314;333
70;6;2805;333
71;6;2038;333
73;6;395;333
74;6;596;333
75;6;287;333
75;6;596;333
76;6;599;333
78;6;629;333
79;6;597;333
79;6;628;333
80;6;628;333
88;6;1813;333
90;6;274;333
94;6;1265;333
95;6;596;333
95;6;1265;333
96;6;287;333
96;6;596;333
96;6;596;333
96;6;596;333
96;6;629;333
97;6;287;333
98;6;287;333
99;6;287;333
37;7;287;333
38;7;287;333
39;7;287;333
40;7;287;333
41;7;622;333
42;7;622;333
43;7;1804;333
44;7;273;333
45;7;1783;333
47;7;1783;333
48;7;1783;333
49;7;1813;333
51;7;1783;333
54;7;1783;333
56;7;626;333
57;7;627;333
58;7;287;333
58;7;287;333
59;7;599;333
73;7;1367;333
74;7;596;333
75;7;630;333
75;7;596;333
76;7;630;333
78;7;1265;333
79;7;626;333
80;7;628;333
83;7;564;333
86;7;338;333
89;7;915;333
90;7;274;333
90;7;1266;333
93;7;273;333
95;7;915;333
96;7;596;333
96;7;629;333
97;7;287;333
98;7;287;333
99;7;287;333
35;8;287;333
36;8;287;333
36;8;287;333
37;8;287;333
37;8;287;333
38;8;287;333
38;8;287;333
39;8;287;333
40;8;622;333
41;8;273;333
42;8;338;333
43;8;1783;333
44;8;1265;333
45;8;1813;333
46;8;1783;333
47;8;274;333
48;8;2170;333
49;8;1782;333
51;8;1817;333
52;8;1783;333
54;8;274;333
55;8;338;333
56;8;232;333
57;8;629;333
58;8;287;333
58;8;630;333
59;8;599;333
74;8;287;333
75;8;630;333
77;8;338;333
80;8;1782;333
81;8;1817;333
82;8;338;333
83;8;541;333
84;8;1807;333
87;8;338;333
92;8;1783;333
93;8;1817;333
94;8;1783;333
95;8;629;333
96;8;596;333
97;8;623;333
98;8;287;333
99;8;287;333
34;9;287;333
35;9;287;333
36;9;287;333
37;9;287;333
38;9;287;333
39;9;628;333
40;9;338;333
41;9;1807;333
42;9;125;333
43;9;561;333
44;9;1782;333
46;9;1782;333
49;9;203;333
49;9;2937;333
50;9;1783;333
50;9;3101;333
51;9;273;333
51;9;1265;333
53;9;1782;333
54;9;1809;333
55;9;338;333
56;9;301;333
57;9;627;333
58;9;630;333
59;9;287;333
59;9;630;333
60;9;599;333
60;9;599;333
60;9;287;333
61;9;599;333
62;9;596;333
63;9;287;333
64;9;287;333
65;9;287;333
66;9;287;333
67;9;287;333
68;9;287;333
69;9;287;333
70;9;287;333
71;9;287;333
72;9;287;333
73;9;287;333
74;9;287;333
75;9;628;333
76;9;338;333
77;9;915;333
83;9;614;333
85;9;1254;333
88;9;338;333
90;9;1782;333
91;9;338;333
92;9;274;333
92;9;2937;333
94;9;586;333
95;9;274;333
96;9;626;333
97;9;630;333
98;9;287;333
99;9;287;333
31;10;287;333
32;10;287;333
33;10;287;333
34;10;287;333
35;10;287;333
36;10;287;333
37;10;287;333
38;10;628;333
39;10;1257;333
40;10;273;333
41;10;1783;333
42;10;274;333
43;10;1783;333
43;10;1812;333
44;10;273;333
46;10;1813;333
49;10;1783;333
51;10;1782;333
52;10;338;333
53;10;338;333
54;10;1783;333
55;10;1783;333
57;10;232;333
58;10;628;333
59;10;628;333
60;10;628;333
63;10;628;333
64;10;630;333
65;10;629;333
66;10;628;333
67;10;287;333
68;10;287;333
69;10;597;333
69;10;622;333
70;10;622;333
71;10;622;333
72;10;287;333
73;10;287;333
74;10;628;333
83;10;617;333
87;10;1266;333
89;10;338;333
90;10;338;333
91;10;338;333
95;10;1265;333
96;10;628;333
97;10;628;333
98;10;623;333
99;10;287;333
31;11;287;333
32;11;287;333
33;11;287;333
34;11;287;333
35;11;287;333
35;11;287;333
36;11;287;333
37;11;628;333
39;11;1783;333
40;11;273;333
43;11;1813;333
45;11;203;333
50;11;1804;333
53;11;1783;333
54;11;1804;333
55;11;1265;333
56;11;586;333
56;11;273;333
57;11;2926;333
59;11;301;333
60;11;301;333
63;11;301;333
64;11;301;333
65;11;273;333
66;11;629;333
67;11;626;333
68;11;626;333
69;11;626;333
70;11;626;333
71;11;626;333
72;11;622;333
73;11;626;333
76;11;1782;333
77;11;203;333
79;11;338;333
80;11;620;333
81;11;619;333
82;11;618;333
84;11;338;333
84;11;301;333
85;11;301;333
88;11;1783;333
94;11;915;333
97;11;1265;333
98;11;596;333
99;11;287;333
27;12;287;333
28;12;287;333
29;12;287;333
30;12;287;333
31;12;287;333
32;12;287;333
33;12;287;333
34;12;287;333
35;12;287;333
36;12;287;333
37;12;628;333
38;12;1813;333
39;12;1265;333
40;12;2170;333
41;12;1783;333
42;12;338;333
43;12;1807;333
44;12;627;333
45;12;287;333
48;12;203;333
54;12;338;333
57;12;1265;333
58;12;1265;333
61;12;1783;333
63;12;338;333
64;12;1804;333
65;12;1783;333
66;12;1817;333
66;12;232;333
67;12;338;333
68;12;232;333
69;12;1812;333
70;12;301;333
71;12;301;333
72;12;626;333
74;12;338;333
75;12;203;333
77;12;1783;333
78;12;621;333
78;12;1783;333
79;12;619;333
80;12;620;333
81;12;915;333
83;12;301;333
84;12;1807;333
85;12;586;333
90;12;1783;333
91;12;1812;333
98;12;627;333
99;12;287;333
26;13;287;333
27;13;287;333
28;13;287;333
29;13;287;333
30;13;287;333
31;13;287;333
32;13;287;333
33;13;287;333
34;13;287;333
35;13;287;333
36;13;622;333
38;13;1783;333
39;13;1783;333
42;13;273;333
43;13;627;333
44;13;287;333
45;13;287;333
46;13;287;333
59;13;1783;333
63;13;274;333
64;13;274;333
65;13;1782;333
67;13;2926;333
68;13;274;333
68;13;519;333
69;13;1812;333
70;13;338;333
70;13;1817;333
71;13;301;333
75;13;273;333
76;13;1783;333
77;13;1812;333
79;13;338;333
80;13;338;333
82;13;273;333
83;13;301;333
84;13;1782;333
85;13;338;333
85;13;2038;333
88;13;1783;333
89;13;274;333
91;13;541;333
92;13;1783;333
98;13;627;333
99;13;287;333
23;14;287;333
24;14;287;333
25;14;287;333
26;14;287;333
27;14;597;333
27;14;513;333
28;14;597;333
28;14;513;333
29;14;597;333
29;14;628;333
30;14;597;333
30;14;3095;333
31;14;597;333
32;14;597;333
32;14;629;333
33;14;597;333
34;14;596;333
35;14;628;333
37;14;273;333
39;14;586;333
40;14;1783;333
41;14;2937;333
43;14;627;333
44;14;287;333
45;14;287;333
46;14;287;333
47;14;597;333
48;14;287;333
49;14;287;333
50;14;287;333
51;14;287;333
57;14;1783;333
57;14;338;333
58;14;2926;333
59;14;338;333
64;14;586;333
67;14;1783;333
68;14;1812;333
69;14;338;333
70;14;1812;333
71;14;232;333
73;14;1813;333
74;14;338;333
75;14;1812;333
78;14;203;333
79;14;233;333
83;14;1812;333
85;14;203;333
87;14;1783;333
87;14;338;333
88;14;1783;333
93;14;273;333
96;14;1783;333
97;14;338;333
98;14;627;333
98;14;623;333
99;14;287;333
99;14;627;333
21;15;287;333
21;15;597;333
22;15;287;333
22;15;597;333
23;15;597;333
23;15;628;333
24;15;597;333
24;15;513;333
25;15;597;333
25;15;628;333
26;15;597;333
27;15;513;333
28;15;3100;333
29;15;525;333
31;15;337;333
32;15;28;333
33;15;513;333
34;15;596;333
34;15;627;333
35;15;599;333
37;15;1813;333
38;15;1783;333
39;15;338;333
40;15;1807;333
41;15;274;333
42;15;1812;333
43;15;623;333
44;15;287;333
45;15;287;333
46;15;597;333
47;15;597;333
47;15;232;333
48;15;597;333
48;15;622;333
49;15;597;333
50;15;597;333
50;15;597;333
50;15;629;333
51;15;597;333
52;15;287;333
53;15;287;333
57;15;1783;333
58;15;1783;333
59;15;274;333
60;15;1804;333
61;15;915;333
62;15;338;333
66;15;1812;333
67;15;203;333
69;15;1812;333
69;15;1812;333
70;15;338;333
73;15;621;333
74;15;619;333
75;15;618;333
76;15;1783;333
77;15;1783;333
78;15;1783;333
79;15;338;333
81;15;273;333
83;15;301;333
84;15;273;333
86;15;1783;333
89;15;338;333
90;15;338;333
91;15;203;333
92;15;1783;333
94;15;1817;333
96;15;233;333
98;15;627;333
99;15;287;333
18;16;287;333
19;16;287;333
20;16;287;333
21;16;597;333
22;16;597;333
22;16;628;333
23;16;3094;333
24;16;1265;333
25;16;3095;333
25;16;1361;333
26;16;315;333
28;16;2038;333
34;16;596;333
35;16;599;333
39;16;274;333
42;16;273;333
43;16;623;333
44;16;287;333
45;16;597;333
45;16;622;333
45;16;287;333
46;16;232;333
47;16;1783;333
48;16;1807;333
49;16;1783;333
50;16;629;333
51;16;597;333
52;16;597;333
52;16;597;333
53;16;287;333
54;16;287;333
55;16;287;333
56;16;287;333
56;16;287;333
57;16;287;333
58;16;287;333
62;16;287;333
62;16;287;333
63;16;287;333
63;16;287;333
64;16;287;333
64;16;287;333
65;16;630;333
65;16;287;333
66;16;627;333
67;16;273;333
67;16;1812;333
68;16;1812;333
69;16;338;333
71;16;338;333
71;16;592;333
74;16;338;333
75;16;203;333
76;16;274;333
82;16;1782;333
83;16;1783;333
83;16;301;333
83;16;301;333
84;16;301;333
86;16;627;333
88;16;586;333
89;16;273;333
92;16;1783;333
94;16;1266;333
96;16;338;333
98;16;627;333
99;16;287;333
17;17;287;333
18;17;287;333
20;17;1265;333
21;17;513;333
24;17;1254;333
25;17;1265;333
26;17;314;333
33;17;339;333
34;17;596;333
35;17;287;333
36;17;287;333
37;17;287;333
38;17;592;333
38;17;599;333
39;17;3101;333
40;17;1783;333
41;17;582;333
42;17;1276;333
43;17;629;333
44;17;597;333
44;17;914;333
45;17;1783;333
47;17;274;333
48;17;1783;333
49;17;2169;333
51;17;301;333
53;17;629;333
54;17;287;333
55;17;287;333
56;17;287;333
57;17;287;333
58;17;287;333
59;17;287;333
60;17;287;333
61;17;287;333
62;17;287;333
63;17;287;333
64;17;287;333
65;17;287;333
66;17;628;333
67;17;628;333
69;17;338;333
71;17;338;333
83;17;301;333
84;17;338;333
84;17;301;333
85;17;598;333
86;17;287;333
88;17;1783;333
90;17;338;333
91;17;586;333
92;17;273;333
98;17;627;333
99;17;287;333
17;18;287;333
20;18;1276;333
21;18;1265;333
22;18;507;333
24;18;1265;333
25;18;1265;333
33;18;1367;333
34;18;596;333
35;18;596;333
36;18;287;333
37;18;287;333
38;18;599;333
39;18;1807;333
40;18;1807;333
44;18;914;333
46;18;1783;333
48;18;1783;333
50;18;1266;333
52;18;301;333
53;18;1273;333
54;18;629;333
55;18;629;333
56;18;626;333
57;18;287;333
57;18;1273;333
58;18;287;333
59;18;287;333
59;18;287;333
60;18;287;333
60;18;287;333
61;18;287;333
61;18;287;333
61;18;287;333
62;18;287;333
63;18;597;333
64;18;597;333
65;18;597;333
67;18;233;333
69;18;338;333
69;18;2169;333
76;18;629;333
77;18;287;333
78;18;287;333
82;18;623;333
83;18;598;333
84;18;598;333
85;18;598;333
86;18;287;333
87;18;287;333
88;18;287;333
90;18;1783;333
91;18;338;333
92;18;1783;333
94;18;1266;333
96;18;915;333
97;18;338;333
99;18;287;333
16;19;287;333
17;19;287;333
19;19;1254;333
19;19;232;333
20;19;1265;333
21;19;1265;333
29;19;3101;333
30;19;314;333
30;19;2488;333
33;19;2586;333
34;19;596;333
34;19;623;333
35;19;596;333
35;19;596;333
36;19;287;333
37;19;287;333
38;19;599;333
39;19;1783;333
40;19;1783;333
42;19;1783;333
44;19;273;333
46;19;301;333
47;19;301;333
48;19;301;333
49;19;541;333
50;19;565;333
51;19;1783;333
52;19;1265;333
53;19;1808;333
54;19;914;333
55;19;1812;333
57;19;1273;333
58;19;626;333
59;19;287;333
60;19;287;333
61;19;287;333
61;19;287;333
62;19;599;333
64;19;338;333
66;19;338;333
68;19;1812;333
70;19;338;333
76;19;629;333
77;19;287;333
78;19;287;333
79;19;287;333
80;19;1266;333
80;19;287;333
81;19;287;333
82;19;287;333
83;19;287;333
84;19;287;333
84;19;287;333
84;19;287;333
84;19;287;333
84;19;287;333
85;19;287;333
85;19;287;333
86;19;597;333
86;19;628;333
87;19;628;333
88;19;622;333
89;19;628;333
91;19;578;333
92;19;1783;333
93;19;1266;333
94;19;1266;333
95;19;1783;333
95;19;1266;333
96;19;586;333
97;19;1266;333
98;19;625;333
99;19;287;333
16;20;287;333
18;20;1254;333
19;20;232;333
20;20;1265;333
26;20;2805;333
30;20;2850;333
32;20;2937;333
33;20;2052;333
34;20;596;333
34;20;629;333
35;20;596;333
35;20;596;333
36;20;287;333
37;20;287;333
38;20;599;333
40;20;1813;333
41;20;1265;333
43;20;1783;333
44;20;1783;333
45;20;338;333
46;20;301;333
47;20;629;333
48;20;301;333
49;20;273;333
54;20;2937;333
55;20;1783;333
55;20;1266;333
56;20;521;333
57;20;1782;333
58;20;623;333
59;20;287;333
60;20;287;333
61;20;287;333
61;20;287;333
62;20;599;333
64;20;338;333
67;20;338;333
70;20;301;333
76;20;287;333
77;20;287;333
78;20;287;333
79;20;287;333
80;20;287;333
81;20;287;333
82;20;287;333
83;20;628;333
83;20;287;333
83;20;287;333
84;20;597;333
84;20;629;333
84;20;287;333
85;20;597;333
86;20;628;333
87;20;628;333
88;20;628;333
89;20;1813;333
94;20;1783;333
95;20;338;333
96;20;1254;333
98;20;626;333
99;20;287;333
15;21;287;333
19;21;1265;333
20;21;2850;333
24;21;3101;333
32;21;2038;333
33;21;8;333
33;21;1265;333
34;21;596;333
35;21;596;333
35;21;596;333
36;21;287;333
37;21;287;333
38;21;599;333
40;21;1783;333
41;21;1808;333
42;21;1783;333
43;21;1783;333
43;21;1817;333
44;21;1783;333
45;21;301;333
46;21;301;333
46;21;630;333
47;21;630;333
48;21;630;333
50;21;1266;333
51;21;1812;333
53;21;1783;333
54;21;1266;333
55;21;1783;333
57;21;2038;333
58;21;626;333
59;21;627;333
60;21;287;333
61;21;287;333
62;21;599;333
64;21;1782;333
65;21;621;333
65;21;1783;333
66;21;619;333
67;21;618;333
67;21;1783;333
69;21;1783;333
70;21;1809;333
71;21;273;333
74;21;627;333
75;21;287;333
76;21;287;333
77;21;287;333
78;21;287;333
79;21;287;333
80;21;287;333
81;21;287;333
82;21;287;333
83;21;287;333
84;21;287;333
85;21;274;333
86;21;1804;333
87;21;338;333
88;21;1813;333
89;21;1254;333
90;21;1813;333
98;21;626;333
99;21;287;333
15;22;287;333
23;22;51;333
30;22;1265;333
31;22;1265;333
32;22;1265;333
32;22;1265;333
32;22;1265;333
33;22;1265;333
34;22;596;333
34;22;1265;333
35;22;596;333
35;22;596;333
36;22;287;333
37;22;599;333
38;22;338;333
39;22;273;333
41;22;1783;333
42;22;915;333
43;22;274;333
45;22;301;333
46;22;630;333
47;22;630;333
54;22;1808;333
55;22;1782;333
56;22;1817;333
57;22;1273;333
58;22;625;333
59;22;629;333
59;22;287;333
60;22;287;333
61;22;287;333
63;22;1783;333
67;22;1783;333
71;22;1808;333
72;22;287;333
73;22;287;333
74;22;287;333
75;22;287;333
76;22;287;333
77;22;287;333
78;22;287;333
79;22;287;333
80;22;287;333
81;22;287;333
82;22;287;333
82;22;287;333
83;22;287;333
87;22;1266;333
87;22;2170;333
88;22;1266;333
89;22;1813;333
90;22;627;333
91;22;287;333
92;22;599;333
93;22;596;333
98;22;287;333
99;22;287;333
15;23;287;333
15;23;287;333
23;23;2937;333
23;23;333;333
28;23;1254;333
29;23;314;333
30;23;1265;333
34;23;596;333
34;23;596;333
35;23;596;333
35;23;596;333
36;23;287;333
37;23;599;333
37;23;628;333
37;23;287;333
38;23;1813;333
39;23;2169;333
42;23;1265;333
43;23;1783;333
44;23;273;333
45;23;629;333
46;23;628;333
46;23;630;333
47;23;287;333
48;23;287;333
48;23;287;333
48;23;287;333
49;23;287;333
50;23;287;333
51;23;287;333
52;23;287;333
53;23;287;333
54;23;287;333
55;23;287;333
58;23;623;333
59;23;287;333
60;23;287;333
61;23;628;333
63;23;338;333
64;23;1813;333
65;23;338;333
67;23;1807;333
68;23;1813;333
69;23;1783;333
70;23;627;333
71;23;287;333
71;23;627;333
72;23;287;333
73;23;287;333
74;23;287;333
75;23;287;333
76;23;287;333
76;23;287;333
77;23;287;333
78;23;287;333
79;23;287;333
80;23;287;333
81;23;287;333
82;23;287;333
85;23;1813;333
87;23;2170;333
88;23;1265;333
88;23;1266;333
88;23;273;333
89;23;627;333
90;23;287;333
91;23;287;333
92;23;599;333
93;23;596;333
96;23;287;333
97;23;287;333
98;23;287;333
98;23;287;333
99;23;287;333
15;24;287;333
16;24;287;333
17;24;287;333
26;24;1265;333
30;24;220;333
34;24;596;333
35;24;287;333
35;24;596;333
36;24;287;333
37;24;628;333
38;24;1783;333
40;24;338;333
41;24;338;333
43;24;338;333
44;24;629;333
45;24;630;333
46;24;630;333
47;24;287;333
48;24;287;333
48;24;287;333
49;24;597;333
50;24;597;333
50;24;597;333
51;24;597;333
51;24;629;333
52;24;597;333
53;24;597;333
53;24;629;333
54;24;597;333
55;24;287;333
56;24;287;333
57;24;287;333
58;24;628;333
59;24;628;333
60;24;628;333
64;24;2169;333
66;24;1813;333
67;24;1783;333
67;24;1782;333
68;24;1783;333
69;24;627;333
70;24;287;333
71;24;287;333
72;24;287;333
73;24;287;333
74;24;287;333
75;24;287;333
76;24;287;333
76;24;287;333
77;24;287;333
78;24;287;333
79;24;287;333
80;24;627;333
80;24;287;333
81;24;287;333
81;24;287;333
82;24;287;333
84;24;338;333
87;24;232;333
88;24;1804;333
89;24;627;333
90;24;287;333
91;24;287;333
92;24;599;333
93;24;596;333
94;24;287;333
95;24;630;333
96;24;287;333
97;24;287;333
98;24;287;333
98;24;287;333
99;24;287;333
13;25;287;333
14;25;287;333
15;25;287;333
16;25;287;333
17;25;287;333
29;25;598;333
30;25;598;333
31;25;598;333
32;25;598;333
33;25;596;333
34;25;287;333
35;25;287;333
36;25;628;333
37;25;1817;333
41;25;338;333
42;25;1804;333
44;25;629;333
45;25;630;333
46;25;287;333
47;25;287;333
48;25;287;333
50;25;1783;333
51;25;1783;333
52;25;1783;333
53;25;1783;333
54;25;1783;333
54;25;597;333
54;25;629;333
54;25;629;333
55;25;597;333
55;25;597;333
56;25;597;333
56;25;597;333
57;25;597;333
59;25;1783;333
60;25;1783;333
60;25;274;333
61;25;1783;333
62;25;1783;333
63;25;1783;333
64;25;1783;333
64;25;274;333
65;25;1783;333
65;25;1265;333
66;25;338;333
67;25;274;333
69;25;596;333
70;25;287;333
70;25;287;333
71;25;287;333
72;25;298;333
72;25;1008;333
72;25;287;333
73;25;287;333
74;25;287;333
75;25;287;333
76;25;287;333
77;25;287;333
78;25;623;333
78;25;287;333
79;25;287;333
80;25;287;333
81;25;287;333
83;25;338;333
84;25;915;333
87;25;338;333
89;25;623;333
90;25;287;333
94;25;626;333
95;25;596;333
96;25;287;333
97;25;287;333
98;25;287;333
98;25;287;333
99;25;287;333
13;26;287;333
14;26;287;333
15;26;287;333
16;26;287;333
17;26;287;333
24;26;314;333
27;26;522;333
28;26;623;333
29;26;598;333
30;26;598;333
31;26;287;333
31;26;598;333
32;26;287;333
33;26;287;333
33;26;287;333
34;26;628;333
34;26;287;333
34;26;287;333
35;26;628;333
37;26;1782;333
38;26;203;333
40;26;273;333
42;26;1782;333
43;26;629;333
44;26;630;333
45;26;630;333
46;26;287;333
47;26;287;333
47;26;287;333
47;26;287;333
47;26;287;333
48;26;287;333
48;26;287;333
50;26;1783;333
51;26;1783;333
52;26;1783;333
53;26;1783;333
54;26;1783;333
55;26;1783;333
56;26;1783;333
57;26;1783;333
58;26;1783;333
58;26;1782;333
59;26;1783;333
60;26;1783;333
61;26;1783;333
62;26;1783;333
63;26;1783;333
63;26;274;333
64;26;1783;333
65;26;1783;333
65;26;1257;333
66;26;338;333
66;26;1257;333
67;26;1783;333
67;26;1257;333
68;26;627;333
69;26;622;333
70;26;287;333
71;26;287;333
71;26;287;333
72;26;314;333
72;26;287;333
73;26;2038;333
73;26;287;333
74;26;287;333
75;26;287;333
76;26;287;333
77;26;287;333
77;26;287;333
78;26;627;333
78;26;287;333
79;26;287;333
84;26;1266;333
87;26;1266;333
88;26;273;333
89;26;626;333
90;26;287;333
95;26;596;333
96;26;287;333
97;26;287;333
98;26;287;333
98;26;287;333
99;26;287;333
14;27;287;333
15;27;287;333
15;27;287;333
16;27;287;333
21;27;1265;333
26;27;1254;333
27;27;1265;333
28;27;623;333
29;27;630;333
30;27;630;333
31;27;630;333
32;27;626;333
39;27;1783;333
42;27;630;333
43;27;287;333
44;27;287;333
45;27;630;333
46;27;287;333
47;27;287;333
48;27;287;333
50;27;1783;333
50;27;274;333
51;27;1783;333
52;27;1783;333
53;27;1783;333
54;27;1783;333
55;27;1783;333
56;27;1783;333
57;27;1783;333
57;27;2207;333
58;27;1783;333
59;27;1783;333
60;27;1783;333
60;27;1808;333
61;27;1783;333
62;27;1783;333
63;27;1783;333
64;27;1783;333
64;27;274;333
65;27;1783;333
65;27;914;333
66;27;1783;333
66;27;914;333
67;27;338;333
67;27;1783;333
67;27;273;333
68;27;1783;333
68;27;274;333
69;27;626;333
70;27;287;333
71;27;287;333
72;27;287;333
72;27;287;333
73;27;287;333
74;27;287;333
74;27;287;333
75;27;287;333
76;27;287;333
76;27;287;333
77;27;287;333
77;27;287;333
78;27;287;333
79;27;287;333
79;27;622;333
80;27;622;333
80;27;622;333
85;27;2937;333
86;27;2170;333
87;27;1808;333
88;27;1813;333
89;27;623;333
90;27;287;333
94;27;3097;333
95;27;596;333
95;27;3097;333
96;27;287;333
97;27;287;333
98;27;287;333
98;27;287;333
99;27;287;333
14;28;287;333
15;28;287;333
15;28;287;333
16;28;287;333
25;28;287;333
26;28;287;333
27;28;287;333
28;28;630;333
29;28;630;333
30;28;301;333
31;28;301;333
32;28;626;333
33;28;626;333
34;28;628;333
35;28;1808;333
38;28;1808;333
41;28;630;333
42;28;287;333
43;28;287;333
44;28;287;333
45;28;287;333
46;28;287;333
46;28;287;333
47;28;287;333
47;28;287;333
47;28;287;333
47;28;287;333
48;28;287;333
48;28;287;333
49;28;1783;333
50;28;1783;333
51;28;1783;333
52;28;1783;333
52;28;1809;333
52;28;1783;333
53;28;1783;333
54;28;1783;333
55;28;1783;333
56;28;1783;333
57;28;1783;333
58;28;1783;333
58;28;273;333
59;28;1783;333
60;28;1783;333
61;28;1783;333
62;28;1783;333
63;28;1783;333
66;28;1782;333
68;28;1783;333
68;28;274;333
70;28;628;333
70;28;1783;333
71;28;626;333
72;28;287;333
73;28;287;333
74;28;287;333
75;28;287;333
76;28;287;333
76;28;287;333
77;28;287;333
78;28;287;333
79;28;622;333
81;28;566;333
81;28;1813;333
83;28;1813;333
86;28;273;333
87;28;521;333
89;28;626;333
89;28;629;333
90;28;287;333
95;28;596;333
96;28;287;333
97;28;287;333
98;28;287;333
98;28;287;333
99;28;287;333
14;29;287;333
15;29;287;333
15;29;287;333
16;29;287;333
24;29;287;333
25;29;287;333
26;29;301;333
28;29;274;333
29;29;1783;333
29;29;628;333
31;29;203;333
32;29;1783;333
36;29;1783;333
40;29;630;333
41;29;630;333
41;29;287;333
41;29;287;333
42;29;287;333
43;29;287;333
44;29;287;333
45;29;287;333
46;29;1783;333
46;29;287;333
47;29;1783;333
47;29;287;333
48;29;1783;333
49;29;1783;333
49;29;2850;333
50;29;1783;333
50;29;1782;333
51;29;1783;333
52;29;1783;333
53;29;1783;333
53;29;2038;333
54;29;1783;333
55;29;1783;333
56;29;1783;333
57;29;1783;333
58;29;1783;333
59;29;1783;333
60;29;1783;333
61;29;1783;333
62;29;1783;333
63;29;1783;333
64;29;1782;333
66;29;1782;333
67;29;1782;333
72;29;597;333
72;29;629;333
73;29;287;333
74;29;287;333
75;29;287;333
75;29;287;333
76;29;287;333
76;29;287;333
77;29;287;333
78;29;622;333
80;29;338;333
84;29;915;333
85;29;1813;333
87;29;1265;333
88;29;338;333
88;29;125;333
89;29;629;333
90;29;287;333
91;29;3097;333
92;29;3097;333
94;29;273;333
95;29;596;333
97;29;28;333
98;29;315;333
99;29;287;333
13;30;287;333
14;30;287;333
15;30;287;333
15;30;287;333
16;30;287;333
23;30;287;333
24;30;287;333
25;30;1783;333
26;30;1783;333
27;30;1782;333
28;30;1813;333
32;30;3101;333
33;30;273;333
35;30;1782;333
36;30;203;333
38;30;623;333
39;30;630;333
40;30;287;333
41;30;287;333
42;30;287;333
43;30;287;333
44;30;287;333
45;30;287;333
46;30;1783;333
47;30;1783;333
47;30;274;333
48;30;1783;333
49;30;1783;333
49;30;298;333
49;30;2488;333
50;30;1783;333
50;30;1265;333
50;30;2850;333
51;30;1783;333
52;30;1783;333
53;30;1783;333
53;30;1808;333
54;30;1783;333
55;30;1783;333
56;30;1783;333
57;30;1783;333
58;30;1783;333
59;30;1783;333
60;30;1783;333
61;30;1783;333
62;30;1783;333
63;30;1783;333
72;30;629;333
73;30;287;333
74;30;287;333
75;30;287;333
76;30;287;333
77;30;287;333
80;30;520;333
87;30;1783;333
88;30;627;333
89;30;287;333
90;30;287;333
95;30;596;333
98;30;1362;333
99;30;287;333
13;31;287;333
14;31;287;333
15;31;287;333
15;31;287;333
16;31;287;333
22;31;287;333
23;31;287;333
25;31;1783;333
25;31;301;333
26;31;1782;333
26;31;1783;333
28;31;621;333
28;31;1783;333
29;31;619;333
29;31;1783;333
29;31;1783;333
30;31;619;333
30;31;1783;333
31;31;618;333
31;31;1783;333
33;31;584;333
34;31;577;333
35;31;338;333
37;31;623;333
38;31;630;333
39;31;630;333
39;31;630;333
40;31;287;333
41;31;287;333
42;31;287;333
42;31;287;333
43;31;287;333
44;31;287;333
45;31;287;333
46;31;1783;333
47;31;1783;333
48;31;1783;333
48;31;1782;333
49;31;1783;333
50;31;1783;333
51;31;1783;333
51;31;1245;333
52;31;1783;333
53;31;1783;333
54;31;1783;333
55;31;1783;333
55;31;1265;333
56;31;1783;333
57;31;680;333
58;31;637;333
59;31;633;333
60;31;633;333
60;31;295;333
61;31;633;333
62;31;633;333
62;31;3075;333
63;31;633;333
64;31;633;333
65;31;637;333
66;31;637;333
67;31;633;333
67;31;3095;333
68;31;633;333
69;31;681;333
72;31;1783;333
73;31;629;333
74;31;628;333
74;31;597;333
75;31;287;333
76;31;622;333
77;31;628;333
84;31;1804;333
85;31;232;333
89;31;287;333
90;31;287;333
99;31;287;333
99;31;287;333
13;32;287;333
14;32;287;333
15;32;287;333
16;32;287;333
17;32;287;333
18;32;287;333
21;32;287;333
22;32;287;333
23;32;301;333
26;32;338;333
26;32;274;333
27;32;1813;333
28;32;1813;333
29;32;338;333
32;32;1783;333
35;32;338;333
36;32;301;333
37;32;623;333
37;32;623;333
38;32;630;333
39;32;287;333
40;32;287;333
41;32;287;333
42;32;287;333
43;32;287;333
44;32;287;333
45;32;287;333
46;32;287;333
47;32;1783;333
48;32;1783;333
49;32;1783;333
50;32;1783;333
51;32;1783;333
52;32;1783;333
52;32;273;333
53;32;1783;333
54;32;1783;333
54;32;1782;333
55;32;1783;333
56;32;1783;333
57;32;638;333
58;32;2880;333
60;32;2805;333
61;32;2038;333
63;32;2805;333
64;32;2880;333
67;32;1783;333
68;32;1003;333
69;32;635;333
69;32;221;333
73;32;914;333
75;32;287;333
82;32;338;333
84;32;338;333
86;32;1807;333
87;32;1265;333
88;32;627;333
89;32;287;333
90;32;287;333
90;32;287;333
99;32;287;333
99;32;287;333
99;32;287;333
13;33;287;333
14;33;287;333
16;33;622;333
17;33;622;333
18;33;629;333
20;33;3093;333
21;33;287;333
22;33;287;333
24;33;1783;333
25;33;273;333
26;33;274;333
28;33;915;333
33;33;1812;333
34;33;1817;333
37;33;630;333
38;33;287;333
39;33;287;333
40;33;287;333
40;33;287;333
41;33;287;333
42;33;287;333
43;33;287;333
44;33;287;333
45;33;287;333
46;33;287;333
47;33;1783;333
48;33;1783;333
49;33;1783;333
49;33;1808;333
50;33;1783;333
51;33;1783;333
52;33;1783;333
53;33;1783;333
54;33;1783;333
55;33;1783;333
56;33;1783;333
56;33;513;333
57;33;634;333
58;33;274;333
60;33;1783;333
60;33;1782;333
62;33;1783;333
62;33;273;333
63;33;1783;333
63;33;3095;333
67;33;1783;333
68;33;1783;333
69;33;639;333
72;33;1783;333
73;33;1783;333
74;33;623;333
75;33;287;333
76;33;599;333
78;33;338;333
79;33;1813;333
85;33;274;333
87;33;2926;333
88;33;597;333
89;33;597;333
89;33;3095;333
90;33;597;333
95;33;596;333
99;33;287;333
99;33;287;333
5;34;627;333
6;34;630;333
11;34;629;333
12;34;287;333
13;34;287;333
14;34;287;333
15;34;628;333
17;34;75;333
18;34;2925;333
21;34;287;333
22;34;287;333
23;34;274;333
24;34;1783;333
25;34;1782;333
25;34;274;333
26;34;1783;333
26;34;273;333
27;34;1783;333
28;34;338;333
29;34;1783;333
30;34;338;333
31;34;338;333
33;34;1254;333
34;34;1783;333
35;34;625;333
36;34;630;333
37;34;630;333
38;34;287;333
39;34;287;333
40;34;287;333
41;34;287;333
42;34;287;333
43;34;287;333
44;34;287;333
45;34;287;333
46;34;287;333
47;34;1783;333
48;34;1783;333
49;34;1783;333
50;34;1783;333
51;34;1783;333
52;34;1783;333
53;34;1783;333
54;34;1783;333
55;34;1783;333
56;34;1783;333
58;34;213;333
59;34;213;333
60;34;3101;333
62;34;213;333
63;34;213;333
64;34;213;333
65;34;1783;333
66;34;274;333
67;34;2805;333
68;34;395;333
69;34;639;333
69;34;2805;333
73;34;1783;333
73;34;274;333
75;34;287;333
76;34;599;333
82;34;338;333
83;34;1782;333
84;34;2169;333
86;34;3101;333
87;34;3101;333
88;34;3101;333
89;34;1265;333
95;34;596;333
95;34;2038;333
96;34;287;333
97;34;287;333
98;34;287;333
98;34;287;333
99;34;287;333
99;34;287;333
5;35;629;333
6;35;626;333
11;35;629;333
12;35;287;333
13;35;287;333
14;35;628;333
16;35;523;333
16;35;2038;333
21;35;287;333
22;35;287;333
23;35;1782;333
24;35;273;333
26;35;338;333
27;35;274;333
30;35;586;333
34;35;301;333
35;35;626;333
36;35;630;333
37;35;287;333
38;35;287;333
39;35;287;333
40;35;287;333
41;35;287;333
42;35;287;333
43;35;287;333
44;35;287;333
45;35;287;333
46;35;273;333
46;35;287;333
47;35;1783;333
48;35;1783;333
49;35;1783;333
50;35;1783;333
51;35;680;333
52;35;633;333
53;35;633;333
54;35;1782;333
55;35;632;333
57;35;683;333
58;35;213;333
59;35;213;333
61;35;1783;333
62;35;213;333
62;35;1783;333
63;35;213;333
63;35;1783;333
64;35;213;333
65;35;1783;333
65;35;1782;333
66;35;1783;333
67;35;273;333
69;35;639;333
73;35;1783;333
73;35;387;333
75;35;287;333
76;35;599;333
80;35;338;333
85;35;1817;333
86;35;3101;333
87;35;1813;333
88;35;1265;333
89;35;3096;333
95;35;596;333
96;35;287;333
97;35;287;333
98;35;287;333
98;35;287;333
99;35;287;333
99;35;287;333
10;36;629;333
11;36;629;333
12;36;287;333
13;36;287;333
16;36;298;333
16;36;314;333
17;36;3101;333
20;36;629;333
21;36;287;333
21;36;287;333
22;36;338;333
22;36;287;333
23;36;1782;333
24;36;1783;333
25;36;1783;333
26;36;1783;333
29;36;274;333
30;36;1783;333
31;36;338;333
34;36;1783;333
35;36;1812;333
36;36;626;333
37;36;629;333
38;36;287;333
39;36;287;333
40;36;287;333
41;36;287;333
42;36;287;333
43;36;287;333
44;36;287;333
45;36;287;333
45;36;287;333
46;36;287;333
47;36;1783;333
48;36;1783;333
49;36;1783;333
50;36;1783;333
50;36;1247;333
51;36;638;333
52;36;319;333
54;36;314;333
55;36;1782;333
56;36;395;333
58;36;274;333
58;36;1783;333
60;36;2937;333
62;36;1783;333
67;36;1783;333
68;36;2857;333
68;36;315;333
69;36;639;333
69;36;273;333
73;36;1783;333
73;36;387;333
74;36;1783;333
75;36;287;333
76;36;628;333
78;36;577;333
78;36;1807;333
80;36;338;333
83;36;232;333
85;36;274;333
87;36;2926;333
88;36;598;333
89;36;598;333
90;36;598;333
91;36;287;333
95;36;596;333
96;36;287;333
97;36;287;333
98;36;287;333
98;36;287;333
99;36;287;333
99;36;287;333
10;37;287;333
11;37;287;333
11;37;629;333
12;37;287;333
13;37;287;333
14;37;287;333
16;37;2937;333
16;37;3101;333
20;37;623;333
21;37;287;333
22;37;287;333
23;37;338;333
24;37;1783;333
27;37;338;333
27;37;1783;333
28;37;338;333
34;37;586;333
36;37;1813;333
37;37;626;333
38;37;597;333
38;37;626;333
39;37;597;333
39;37;626;333
40;37;626;333
41;37;287;333
42;37;287;333
43;37;287;333
44;37;287;333
46;37;1783;333
46;37;914;333
47;37;1783;333
47;37;273;333
48;37;1783;333
49;37;1783;333
50;37;1783;333
51;37;634;333
55;37;2937;333
58;37;213;333
59;37;213;333
62;37;213;333
63;37;213;333
64;37;213;333
66;37;3093;333
67;37;2805;333
68;37;1783;333
68;37;395;333
69;37;639;333
69;37;2805;333
72;37;1783;333
73;37;1783;333
73;37;914;333
74;37;1783;333
75;37;287;333
78;37;301;333
81;37;1804;333
82;37;274;333
83;37;273;333
85;37;1813;333
86;37;274;333
87;37;629;333
88;37;287;333
89;37;287;333
89;37;287;333
90;37;287;333
91;37;287;333
95;37;596;333
96;37;287;333
97;37;287;333
98;37;287;333
98;37;287;333
99;37;287;333
99;37;287;333
9;38;629;333
10;38;287;333
10;38;628;333
11;38;626;333
12;38;287;333
13;38;628;333
14;38;287;333
15;38;287;333
16;38;287;333
17;38;75;333
21;38;287;333
22;38;628;333
23;38;338;333
25;38;338;333
27;38;338;333
30;38;274;333
32;38;2170;333
33;38;314;333
33;38;2937;333
36;38;1783;333
37;38;274;333
38;38;1783;333
40;38;629;333
41;38;626;333
42;38;287;333
43;38;287;333
44;38;287;333
45;38;1783;333
46;38;1783;333
46;38;51;333
47;38;1783;333
48;38;1783;333
49;38;1783;333
50;38;1783;333
51;38;686;333
55;38;1783;333
57;38;1783;333
57;38;274;333
58;38;213;333
59;38;213;333
60;38;1783;333
61;38;3101;333
62;38;213;333
63;38;213;333
63;38;1783;333
64;38;213;333
64;38;1783;333
65;38;2038;333
66;38;3101;333
69;38;635;333
69;38;221;333
72;38;1783;333
73;38;1783;333
74;38;287;333
75;38;287;333
80;38;301;333
81;38;2927;333
82;38;1783;333
83;38;2038;333
84;38;1783;333
86;38;1807;333
88;38;287;333
89;38;287;333
90;38;287;333
91;38;287;333
95;38;596;333
96;38;287;333
96;38;626;333
97;38;287;333
98;38;287;333
98;38;287;333
99;38;287;333
99;38;287;333
8;39;629;333
9;39;628;333
10;39;628;333
11;39;628;333
12;39;626;333
13;39;626;333
14;39;626;333
15;39;287;333
16;39;287;333
17;39;287;333
18;39;287;333
19;39;599;333
20;39;596;333
21;39;629;333
22;39;628;333
25;39;338;333
25;39;338;333
26;39;3101;333
26;39;338;333
28;39;1783;333
28;39;627;333
29;39;627;333
31;39;273;333
31;39;1783;333
33;39;2169;333
36;39;338;333
37;39;1782;333
40;39;1783;333
42;39;629;333
43;39;287;333
44;39;287;333
45;39;1783;333
46;39;1783;333
47;39;1783;333
48;39;1783;333
49;39;1783;333
50;39;1783;333
51;39;662;333
56;39;1783;333
60;39;1783;333
63;39;1782;333
67;39;1782;333
69;39;635;333
69;39;635;333
73;39;287;333
74;39;287;333
77;39;1273;333
78;39;338;333
80;39;1813;333
81;39;1783;333
82;39;274;333
84;39;1265;333
86;39;1813;333
87;39;232;333
88;39;629;333
89;39;287;333
89;39;622;333
90;39;287;333
90;39;622;333
91;39;287;333
95;39;287;333
95;39;287;333
96;39;287;333
96;39;287;333
97;39;287;333
97;39;287;333
98;39;287;333
99;39;287;333
99;39;287;333
10;40;274;333
13;40;1812;333
14;40;626;333
15;40;628;333
16;40;287;333
17;40;626;333
18;40;622;333
19;40;3101;333
21;40;628;333
22;40;203;333
25;40;1783;333
27;40;627;333
28;40;287;333
29;40;287;333
30;40;627;333
31;40;274;333
32;40;586;333
33;40;273;333
34;40;203;333
35;40;1782;333
36;40;338;333
37;40;274;333
38;40;203;333
39;40;1782;333
41;40;1807;333
42;40;1782;333
43;40;629;333
44;40;287;333
45;40;914;333
46;40;1783;333
47;40;1783;333
48;40;1783;333
49;40;1783;333
50;40;1783;333
51;40;638;333
53;40;1782;333
54;40;1783;333
61;40;1783;333
63;40;1782;333
64;40;1783;333
65;40;3096;333
66;40;1782;333
69;40;635;333
72;40;287;333
73;40;287;333
73;40;287;333
81;40;614;333
84;40;1817;333
86;40;2937;333
87;40;521;333
88;40;1813;333
89;40;1813;333
89;40;301;333
90;40;622;333
91;40;287;333
92;40;287;333
93;40;287;333
94;40;287;333
95;40;287;333
96;40;287;333
97;40;287;333
98;40;287;333
99;40;287;333
99;40;287;333
7;41;1812;333
10;41;1807;333
15;41;629;333
16;41;629;333
17;41;1812;333
18;41;1257;333
19;41;3101;333
19;41;1783;333
20;41;1276;333
21;41;1808;333
21;41;274;333
22;41;338;333
23;41;274;333
25;41;338;333
27;41;627;333
28;41;287;333
29;41;287;333
30;41;627;333
31;41;627;333
33;41;274;333
34;41;125;333
35;41;627;333
36;41;627;333
37;41;627;333
40;41;1783;333
43;41;627;333
44;41;287;333
45;41;1783;333
46;41;1783;333
46;41;914;333
47;41;1783;333
48;41;1783;333
49;41;1783;333
50;41;1783;333
50;41;1247;333
51;41;682;333
52;41;1782;333
52;41;632;333
53;41;1782;333
54;41;1783;333
55;41;632;333
56;41;632;333
57;41;1783;333
57;41;1782;333
59;41;273;333
59;41;1783;333
62;41;395;333
63;41;1783;333
64;41;274;333
65;41;680;333
66;41;633;333
66;41;1783;333
67;41;681;333
67;41;1783;333
69;41;689;333
70;41;681;333
72;41;287;333
73;41;287;333
81;41;615;333
84;41;273;333
85;41;1782;333
86;41;232;333
87;41;1813;333
88;41;273;333
88;41;1813;333
89;41;274;333
89;41;301;333
90;41;1804;333
91;41;628;333
92;41;628;333
93;41;627;333
94;41;287;333
95;41;287;333
96;41;287;333
97;41;287;333
98;41;287;333
99;41;287;333
99;41;287;333
10;42;274;333
14;42;274;333
15;42;1812;333
18;42;273;333
19;42;1782;333
21;42;338;333
23;42;274;333
25;42;629;333
26;42;629;333
27;42;287;333
28;42;287;333
29;42;287;333
30;42;287;333
31;42;627;333
32;42;627;333
33;42;627;333
34;42;627;333
35;42;287;333
36;42;287;333
37;42;628;333
38;42;627;333
40;42;1783;333
41;42;1783;333
43;42;623;333
44;42;287;333
46;42;1783;333
47;42;1804;333
48;42;1783;333
49;42;1783;333
50;42;1783;333
51;42;1783;333
52;42;1783;333
53;42;1783;333
54;42;1783;333
55;42;1783;333
56;42;689;333
56;42;1783;333
57;42;681;333
57;42;1783;333
57;42;1247;333
61;42;3101;333
64;42;1783;333
64;42;273;333
65;42;634;333
66;42;1783;333
66;42;914;333
67;42;635;333
67;42;1783;333
67;42;914;333
69;42;1003;333
70;42;635;333
72;42;1783;333
73;42;287;333
76;42;584;333
78;42;586;333
81;42;616;333
86;42;1813;333
87;42;125;333
88;42;1804;333
89;42;1265;333
89;42;274;333
90;42;1808;333
90;42;274;333
91;42;273;333
92;42;1783;333
92;42;301;333
93;42;629;333
94;42;622;333
95;42;626;333
96;42;287;333
97;42;287;333
98;42;287;333
99;42;287;333
99;42;287;333
6;43;1812;333
7;43;1812;333
10;43;274;333
15;43;273;333
15;43;1812;333
16;43;1783;333
17;43;338;333
17;43;1812;333
20;43;1782;333
22;43;3101;333
22;43;1783;333
23;43;338;333
25;43;629;333
26;43;630;333
27;43;287;333
28;43;287;333
28;43;287;333
29;43;287;333
29;43;287;333
30;43;287;333
30;43;287;333
31;43;287;333
31;43;287;333
32;43;287;333
32;43;287;333
33;43;287;333
33;43;287;333
34;43;287;333
34;43;287;333
35;43;287;333
35;43;287;333
36;43;287;333
36;43;287;333
37;43;622;333
38;43;626;333
39;43;627;333
41;43;1783;333
42;43;125;333
43;43;628;333
44;43;287;333
44;43;628;333
45;43;287;333
47;43;1783;333
48;43;1783;333
49;43;1783;333
49;43;1782;333
50;43;1783;333
51;43;1783;333
52;43;1783;333
53;43;1783;333
54;43;1783;333
55;43;1783;333
56;43;1783;333
57;43;635;333
57;43;1783;333
59;43;273;333
60;43;1783;333
62;43;1783;333
62;43;273;333
65;43;634;333
67;43;689;333
67;43;1783;333
68;43;682;333
69;43;632;333
70;43;683;333
71;43;1783;333
71;43;274;333
73;43;287;333
76;43;1817;333
77;43;1251;333
78;43;338;333
81;43;615;333
82;43;301;333
86;43;1813;333
87;43;2170;333
88;43;1265;333
89;43;338;333
90;43;1817;333
91;43;1276;333
92;43;301;333
93;43;301;333
97;43;287;333
98;43;287;333
99;43;287;333
99;43;287;333
13;44;338;333
14;44;1812;333
15;44;1812;333
16;44;1808;333
17;44;1782;333
19;44;274;333
19;44;338;333
21;44;1804;333
22;44;273;333
23;44;338;333
24;44;629;333
25;44;623;333
26;44;287;333
27;44;287;333
27;44;287;333
28;44;287;333
29;44;287;333
30;44;287;333
31;44;287;333
32;44;287;333
33;44;287;333
34;44;287;333
35;44;287;333
36;44;287;333
37;44;287;333
37;44;597;333
38;44;623;333
39;44;287;333
40;44;599;333
41;44;274;333
42;44;274;333
43;44;596;333
43;44;274;333
44;44;287;333
45;44;287;333
46;44;287;333
47;44;1783;333
48;44;1783;333
49;44;1783;333
50;44;1783;333
51;44;1783;333
52;44;1783;333
53;44;1783;333
54;44;631;333
54;44;1783;333
55;44;1783;333
56;44;1783;333
56;44;274;333
57;44;635;333
57;44;1783;333
62;44;1003;333
62;44;1783;333
67;44;1783;333
68;44;1783;333
69;44;1783;333
70;44;1783;333
73;44;287;333
74;44;287;333
77;44;1783;333
78;44;338;333
79;44;1783;333
81;44;617;333
81;44;1783;333
83;44;586;333
83;44;338;333
86;44;1813;333
87;44;1813;333
89;44;338;333
90;44;1782;333
93;44;1783;333
94;44;1265;333
96;44;1276;333
97;44;629;333
98;44;287;333
99;44;287;333
10;45;1812;333
14;45;338;333
15;45;1783;333
15;45;1812;333
16;45;1782;333
18;45;338;333
19;45;586;333
20;45;338;333
21;45;1783;333
22;45;629;333
23;45;629;333
24;45;623;333
24;45;287;333
25;45;287;333
26;45;287;333
27;45;629;333
27;45;287;333
28;45;597;333
29;45;597;333
30;45;597;333
31;45;597;333
31;45;622;333
32;45;597;333
33;45;597;333
33;45;626;333
34;45;597;333
35;45;597;333
35;45;629;333
36;45;1783;333
36;45;597;333
37;45;597;333
37;45;622;333
38;45;628;333
39;45;626;333
40;45;1783;333
43;45;629;333
43;45;1783;333
44;45;287;333
45;45;287;333
46;45;287;333
47;45;1783;333
48;45;1783;333
48;45;1782;333
49;45;1783;333
50;45;1782;333
50;45;1783;333
51;45;688;333
51;45;689;333
51;45;691;333
51;45;690;333
51;45;1782;333
51;45;1783;333
52;45;1783;333
53;45;1783;333
54;45;1783;333
54;45;274;333
55;45;1783;333
56;45;1783;333
57;45;689;333
57;45;1783;333
58;45;682;333
59;45;636;333
60;45;632;333
61;45;636;333
62;45;636;333
63;45;632;333
64;45;636;333
65;45;683;333
66;45;1783;333
67;45;1783;333
67;45;1807;333
69;45;287;333
70;45;287;333
71;45;287;333
72;45;287;333
73;45;287;333
74;45;287;333
75;45;287;333
78;45;586;333
79;45;338;333
82;45;338;333
86;45;338;333
89;45;274;333
92;45;1783;333
93;45;1265;333
94;45;1809;333
95;45;274;333
96;45;1276;333
97;45;629;333
98;45;287;333
99;45;287;333
8;46;274;333
14;46;1782;333
15;46;274;333
15;46;1812;333
16;46;1812;333
16;46;1812;333
17;46;1783;333
17;46;1812;333
18;46;1813;333
19;46;273;333
21;46;629;333
22;46;623;333
24;46;287;333
25;46;287;333
26;46;629;333
27;46;629;333
33;46;1782;333
34;46;1813;333
36;46;274;333
37;46;274;333
38;46;1783;333
39;46;1783;333
41;46;1808;333
44;46;630;333
45;46;287;333
46;46;287;333
47;46;1783;333
48;46;1783;333
49;46;1783;333
50;46;1782;333
50;46;1783;333
50;46;233;333
51;46;1782;333
51;46;1783;333
52;46;1783;333
53;46;1783;333
53;46;273;333
54;46;1783;333
55;46;1783;333
56;46;1783;333
56;46;914;333
57;46;1783;333
58;46;1783;333
58;46;274;333
59;46;1783;333
60;46;1783;333
61;46;1783;333
62;46;1783;333
63;46;1783;333
64;46;1783;333
65;46;1783;333
65;46;273;333
66;46;1783;333
68;46;287;333
69;46;287;333
70;46;287;333
71;46;287;333
72;46;287;333
73;46;287;333
74;46;287;333
75;46;287;333
76;46;287;333
77;46;287;333
80;46;203;333
81;46;273;333
83;46;338;333
93;46;614;333
93;46;1783;333
95;46;1783;333
96;46;338;333
97;46;338;333
98;46;597;333
99;46;287;333
15;47;1804;333
16;47;338;333
17;47;629;333
18;47;629;333
19;47;629;333
20;47;629;333
21;47;623;333
22;47;287;333
23;47;287;333
24;47;287;333
25;47;622;333
32;47;338;333
33;47;1783;333
34;47;273;333
35;47;1783;333
36;47;1817;333
37;47;273;333
44;47;629;333
45;47;630;333
46;47;287;333
47;47;287;333
48;47;287;333
49;47;287;333
50;47;287;333
52;47;1783;333
52;47;233;333
53;47;1783;333
54;47;1783;333
55;47;1783;333
57;47;287;333
58;47;287;333
59;47;287;333
61;47;1807;333
62;47;1783;333
63;47;1783;333
64;47;1783;333
65;47;287;333
66;47;287;333
66;47;623;333
67;47;287;333
68;47;287;333
69;47;287;333
70;47;287;333
70;47;287;333
71;47;287;333
71;47;287;333
72;47;287;333
72;47;287;333
73;47;287;333
73;47;287;333
74;47;287;333
74;47;287;333
75;47;287;333
75;47;287;333
76;47;287;333
77;47;287;333
78;47;628;333
78;47;287;333
79;47;626;333
80;47;338;333
81;47;274;333
85;47;338;333
88;47;338;333
90;47;1783;333
91;47;338;333
93;47;615;333
94;47;338;333
95;47;1278;333
97;47;338;333
98;47;625;333
99;47;287;333
7;48;203;333
14;48;1782;333
16;48;1782;333
17;48;629;333
18;48;623;333
19;48;623;333
20;48;287;333
21;48;287;333
22;48;287;333
23;48;287;333
24;48;622;333
27;48;338;333
29;48;338;333
32;48;274;333
33;48;274;333
33;48;274;333
34;48;1783;333
35;48;1807;333
37;48;1813;333
40;48;1783;333
41;48;2170;333
42;48;1783;333
42;48;338;333
45;48;629;333
46;48;630;333
47;48;287;333
48;48;287;333
49;48;287;333
50;48;287;333
51;48;287;333
57;48;287;333
58;48;287;333
59;48;287;333
60;48;287;333
61;48;287;333
62;48;287;333
63;48;287;333
64;48;287;333
65;48;287;333
66;48;287;333
67;48;287;333
68;48;287;333
69;48;287;333
70;48;287;333
71;48;287;333
72;48;287;333
73;48;287;333
74;48;287;333
74;48;622;333
75;48;287;333
75;48;628;333
76;48;1251;333
76;48;628;333
77;48;1813;333
77;48;301;333
78;48;301;333
78;48;301;333
79;48;301;333
79;48;301;333
80;48;1808;333
81;48;592;333
84;48;1808;333
85;48;1783;333
88;48;338;333
90;48;914;333
92;48;338;333
93;48;615;333
97;48;1278;333
98;48;598;333
99;48;287;333
16;49;1812;333
17;49;629;333
18;49;629;333
19;49;287;333
19;49;287;333
20;49;287;333
21;49;287;333
21;49;287;333
22;49;287;333
23;49;622;333
25;49;586;333
26;49;1782;333
27;49;274;333
29;49;1782;333
30;49;1782;333
33;49;274;333
35;49;627;333
36;49;627;333
37;49;627;333
38;49;628;333
39;49;628;333
40;49;1783;333
44;49;1783;333
46;49;628;333
47;49;630;333
48;49;287;333
49;49;287;333
51;49;287;333
52;49;287;333
53;49;287;333
54;49;287;333
55;49;287;333
56;49;287;333
57;49;287;333
58;49;287;333
59;49;287;333
60;49;287;333
61;49;287;333
62;49;287;333
63;49;287;333
64;49;287;333
65;49;287;333
66;49;287;333
67;49;629;333
67;49;287;333
68;49;287;333
69;49;287;333
69;49;287;333
70;49;287;333
70;49;287;333
70;49;287;333
71;49;287;333
71;49;287;333
72;49;287;333
74;49;914;333
75;49;338;333
75;49;629;333
76;49;338;333
77;49;1266;333
77;49;338;333
78;49;1782;333
78;49;338;333
79;49;1782;333
79;49;301;333
80;49;274;333
81;49;1804;333
93;49;617;333
93;49;1783;333
94;49;2170;333
95;49;1808;333
96;49;627;333
97;49;629;333
98;49;287;333
99;49;287;333
6;50;1812;333
8;50;203;333
9;50;274;333
10;50;273;333
14;50;1808;333
18;50;629;333
19;50;287;333
20;50;287;333
20;50;287;333
21;50;287;333
22;50;622;333
26;50;1782;333
27;50;1783;333
32;50;1783;333
33;50;627;333
34;50;627;333
35;50;630;333
35;50;630;333
36;50;627;333
37;50;628;333
41;50;1807;333
42;50;274;333
45;50;1783;333
48;50;628;333
49;50;628;333
50;50;628;333
51;50;628;333
52;50;627;333
53;50;287;333
54;50;287;333
55;50;287;333
56;50;287;333
57;50;287;333
58;50;287;333
59;50;287;333
60;50;287;333
61;50;287;333
62;50;287;333
63;50;287;333
64;50;287;333
65;50;287;333
66;50;287;333
67;50;287;333
68;50;629;333
69;50;628;333
70;50;287;333
70;50;628;333
71;50;287;333
73;50;203;333
74;50;541;333
76;50;2169;333
78;50;1808;333
79;50;301;333
83;50;338;333
85;50;1783;333
86;50;621;333
86;50;1783;333
87;50;620;333
88;50;619;333
89;50;618;333
89;50;1783;333
91;50;274;333
96;50;627;333
97;50;630;333
97;50;287;333
98;50;287;333
99;50;287;333
13;51;565;333
15;51;338;333
16;51;274;333
17;51;1782;333
18;51;629;333
19;51;287;333
20;51;628;333
21;51;622;333
24;51;338;333
25;51;273;333
28;51;1783;333
29;51;274;333
31;51;627;333
32;51;627;333
33;51;630;333
34;51;630;333
35;51;628;333
36;51;628;333
39;51;274;333
40;51;1813;333
41;51;1783;333
43;51;1783;333
44;51;1783;333
44;51;1813;333
49;51;1813;333
49;51;338;333
52;51;627;333
53;51;287;333
54;51;287;333
55;51;287;333
56;51;287;333
57;51;287;333
58;51;287;333
59;51;287;333
60;51;287;333
61;51;287;333
62;51;287;333
63;51;287;333
64;51;287;333
65;51;287;333
66;51;287;333
67;51;629;333
68;51;1808;333
69;51;519;333
70;51;628;333
71;51;1804;333
72;51;542;333
72;51;1783;333
73;51;1783;333
73;51;338;333
74;51;1817;333
75;51;338;333
76;51;1783;333
76;51;338;333
77;51;1782;333
77;51;338;333
79;51;1783;333
82;51;338;333
83;51;1273;333
87;51;338;333
90;51;1783;333
92;51;1804;333
94;51;273;333
95;51;627;333
96;51;287;333
96;51;287;333
97;51;630;333
97;51;287;333
98;51;287;333
99;51;287;333
99;51;287;333
8;52;1813;333
10;52;1812;333
14;52;338;333
17;52;586;333
19;52;626;333
19;52;629;333
20;52;628;333
22;52;1782;333
23;52;338;333
25;52;273;333
26;52;338;333
27;52;1809;333
28;52;1783;333
29;52;338;333
31;52;627;333
32;52;630;333
33;52;630;333
34;52;622;333
35;52;622;333
37;52;1783;333
38;52;1783;333
39;52;1783;333
40;52;1782;333
45;52;203;333
45;52;338;333
46;52;1782;333
48;52;1783;333
48;52;1813;333
50;52;1783;333
52;52;627;333
53;52;287;333
54;52;287;333
55;52;287;333
56;52;287;333
57;52;287;333
58;52;287;333
59;52;287;333
60;52;287;333
61;52;287;333
62;52;287;333
63;52;287;333
64;52;287;333
65;52;628;333
66;52;914;333
68;52;338;333
68;52;914;333
72;52;1783;333
73;52;1783;333
74;52;338;333
74;52;338;333
75;52;338;333
76;52;1276;333
79;52;1276;333
89;52;273;333
90;52;301;333
91;52;581;333
91;52;1783;333
95;52;597;333
96;52;597;333
97;52;597;333
98;52;596;333
99;52;287;333
9;53;301;333
10;53;301;333
11;53;301;333
12;53;274;333
14;53;1813;333
19;53;626;333
20;53;628;333
23;53;274;333
25;53;274;333
26;53;1782;333
26;53;273;333
27;53;1783;333
28;53;338;333
30;53;627;333
31;53;630;333
32;53;287;333
32;53;630;333
33;53;622;333
33;53;287;333
34;53;203;333
36;53;274;333
37;53;1783;333
38;53;1783;333
38;53;1782;333
39;53;1783;333
41;53;1807;333
43;53;338;333
44;53;1783;333
45;53;338;333
45;53;627;333
45;53;627;333
51;53;627;333
52;53;287;333
53;53;287;333
54;53;287;333
55;53;287;333
55;53;629;333
56;53;287;333
57;53;629;333
58;53;629;333
59;53;629;333
59;53;624;333
60;53;629;333
61;53;915;333
62;53;1272;333
62;53;2927;333
62;53;914;333
63;53;628;333
64;53;301;333
65;53;915;333
66;53;338;333
67;53;338;333
69;53;2170;333
72;53;1782;333
72;53;594;333
72;53;1783;333
73;53;1783;333
74;53;1813;333
75;53;338;333
78;53;1783;333
80;53;2170;333
82;53;338;333
87;53;301;333
95;53;598;333
98;53;596;333
99;53;287;333
8;54;274;333
9;54;301;333
10;54;203;333
11;54;1783;333
11;54;274;333
13;54;1812;333
14;54;338;333
17;54;338;333
19;54;626;333
20;54;626;333
21;54;628;333
22;54;1808;333
23;54;627;333
24;54;627;333
25;54;338;333
27;54;274;333
29;54;627;333
30;54;630;333
30;54;630;333
31;54;287;333
32;54;622;333
32;54;287;333
32;54;287;333
34;54;1782;333
36;54;338;333
37;54;1783;333
38;54;1783;333
39;54;1783;333
40;54;629;333
41;54;628;333
41;54;629;333
43;54;1783;333
45;54;627;333
46;54;287;333
46;54;627;333
47;54;287;333
48;54;287;333
49;54;287;333
50;54;287;333
51;54;626;333
52;54;287;333
53;54;287;333
54;54;629;333
55;54;1804;333
56;54;629;333
57;54;1783;333
58;54;1783;333
62;54;338;333
66;54;1265;333
67;54;1783;333
69;54;1808;333
70;54;1783;333
70;54;338;333
75;54;338;333
79;54;338;333
80;54;1817;333
82;54;1817;333
83;54;1266;333
84;54;1783;333
85;54;338;333
87;54;301;333
89;54;1783;333
91;54;1817;333
94;54;623;333
95;54;287;333
98;54;596;333
99;54;287;333
6;55;203;333
9;55;301;333
10;55;1783;333
10;55;1782;333
11;55;1783;333
12;55;273;333
13;55;1783;333
13;55;1813;333
13;55;274;333
14;55;274;333
16;55;1783;333
18;55;1808;333
19;55;627;333
20;55;287;333
21;55;287;333
22;55;627;333
23;55;627;333
24;55;627;333
25;55;1807;333
26;55;338;333
27;55;1813;333
29;55;627;333
30;55;287;333
31;55;287;333
32;55;622;333
38;55;287;333
39;55;287;333
39;55;287;333
40;55;630;333
41;55;1783;333
42;55;1783;333
43;55;274;333
45;55;630;333
46;55;287;333
47;55;287;333
48;55;287;333
48;55;287;333
48;55;287;333
49;55;287;333
50;55;287;333
51;55;287;333
52;55;628;333
53;55;629;333
54;55;586;333
55;55;2850;333
55;55;1783;333
56;55;586;333
56;55;1783;333
57;55;1783;333
57;55;1783;333
58;55;1783;333
58;55;1783;333
61;55;338;333
64;55;594;333
65;55;338;333
66;55;1808;333
67;55;1783;333
69;55;1783;333
77;55;1266;333
77;55;338;333
80;55;1783;333
81;55;1783;333
82;55;1807;333
84;55;1251;333
85;55;1817;333
86;55;592;333
87;55;1809;333
89;55;203;333
90;55;1783;333
91;55;1783;333
93;55;626;333
93;55;287;333
94;55;287;333
97;55;3100;333
98;55;596;333
99;55;287;333
9;56;301;333
10;56;1783;333
10;56;1783;333
11;56;1783;333
13;56;586;333
14;56;1812;333
15;56;338;333
15;56;1812;333
17;56;338;333
19;56;627;333
20;56;287;333
21;56;287;333
22;56;287;333
22;56;287;333
23;56;287;333
24;56;628;333
25;56;627;333
26;56;627;333
27;56;629;333
28;56;629;333
29;56;287;333
30;56;287;333
31;56;622;333
32;56;622;333
35;56;627;333
35;56;627;333
36;56;287;333
37;56;287;333
38;56;287;333
39;56;287;333
40;56;630;333
41;56;630;333
42;56;1807;333
42;56;630;333
43;56;630;333
44;56;630;333
44;56;630;333
46;56;629;333
47;56;629;333
48;56;287;333
49;56;287;333
50;56;287;333
51;56;287;333
53;56;622;333
55;56;314;333
55;56;2488;333
55;56;1783;333
56;56;2850;333
56;56;1783;333
57;56;1783;333
57;56;1783;333
58;56;1783;333
58;56;273;333
63;56;1783;333
64;56;1783;333
65;56;1783;333
66;56;1783;333
67;56;1783;333
68;56;584;333
68;56;1783;333
69;56;338;333
70;56;1804;333
71;56;1783;333
74;56;1254;333
76;56;338;333
77;56;338;333
78;56;1266;333
80;56;1782;333
81;56;274;333
82;56;338;333
83;56;1782;333
84;56;338;333
86;56;274;333
87;56;914;333
90;56;1783;333
91;56;1783;333
92;56;626;333
93;56;287;333
95;56;3101;333
98;56;596;333
98;56;623;333
99;56;287;333
9;57;1813;333
11;57;1782;333
12;57;273;333
14;57;1782;333
18;57;627;333
19;57;287;333
19;57;287;333
20;57;287;333
20;57;287;333
21;57;287;333
21;57;287;333
22;57;287;333
23;57;287;333
24;57;287;333
25;57;287;333
26;57;287;333
27;57;287;333
28;57;287;333
29;57;287;333
30;57;628;333
34;57;627;333
35;57;287;333
36;57;287;333
37;57;287;333
38;57;287;333
39;57;287;333
40;57;287;333
41;57;630;333
41;57;630;333
42;57;630;333
43;57;630;333
43;57;630;333
43;57;630;333
43;57;630;333
44;57;630;333
47;57;629;333
48;57;628;333
49;57;628;333
50;57;623;333
51;57;630;333
51;57;630;333
53;57;628;333
54;57;1783;333
54;57;273;333
55;57;1783;333
56;57;1783;333
56;57;1782;333
57;57;1783;333
58;57;1783;333
60;57;338;333
63;57;1783;333
63;57;1813;333
64;57;1783;333
65;57;1783;333
66;57;1783;333
66;57;1783;333
66;57;1813;333
67;57;1783;333
68;57;1783;333
69;57;274;333
70;57;125;333
80;57;1266;333
82;57;273;333
84;57;1783;333
85;57;1783;333
86;57;1266;333
86;57;1804;333
87;57;301;333
88;57;1809;333
89;57;627;333
90;57;627;333
91;57;627;333
92;57;287;333
93;57;287;333
98;57;596;333
99;57;287;333
6;58;1813;333
9;58;301;333
11;58;1813;333
13;58;1783;333
15;58;1783;333
16;58;1783;333
16;58;273;333
18;58;627;333
19;58;287;333
20;58;287;333
20;58;287;333
20;58;287;333
21;58;287;333
22;58;287;333
23;58;287;333
24;58;287;333
25;58;287;333
25;58;287;333
26;58;287;333
27;58;287;333
28;58;287;333
29;58;287;333
31;58;1257;333
32;58;586;333
33;58;1782;333
34;58;627;333
35;58;622;333
37;58;220;333
38;58;627;333
39;58;622;333
40;58;627;333
40;58;622;333
41;58;630;333
41;58;630;333
41;58;630;333
41;58;630;333
42;58;630;333
42;58;630;333
42;58;630;333
43;58;630;333
45;58;586;333
46;58;301;333
47;58;1783;333
47;58;1783;333
47;58;1783;333
47;58;301;333
48;58;1783;333
49;58;1783;333
49;58;1783;333
50;58;629;333
51;58;623;333
51;58;630;333
53;58;628;333
55;58;1782;333
59;58;338;333
66;58;1783;333
67;58;519;333
68;58;914;333
69;58;203;333
74;58;2169;333
78;58;562;333
79;58;338;333
80;58;586;333
81;58;1783;333
82;58;1813;333
83;58;338;333
84;58;1783;333
85;58;1783;333
88;58;627;333
90;58;287;333
90;58;287;333
90;58;287;333
90;58;287;333
91;58;287;333
92;58;287;333
94;58;273;333
96;58;2038;333
98;58;596;333
98;58;629;333
99;58;287;333
8;59;203;333
9;59;301;333
11;59;1783;333
12;59;1783;333
13;59;1783;333
13;59;203;333
14;59;338;333
14;59;274;333
16;59;1813;333
18;59;287;333
19;59;287;333
20;59;287;333
21;59;287;333
22;59;287;333
23;59;287;333
24;59;287;333
25;59;287;333
25;59;287;333
26;59;287;333
27;59;287;333
28;59;287;333
29;59;628;333
34;59;626;333
35;59;626;333
36;59;1782;333
37;59;1790;333
39;59;301;333
40;59;627;333
41;59;630;333
42;59;622;333
43;59;622;333
45;59;1782;333
48;59;1783;333
48;59;1783;333
48;59;1783;333
49;59;1783;333
49;59;1783;333
49;59;1783;333
49;59;1783;333
49;59;1783;333
49;59;301;333
50;59;1783;333
51;59;629;333
52;59;628;333
54;59;273;333
57;59;273;333
60;59;915;333
64;59;614;333
64;59;1783;333
76;59;1817;333
77;59;274;333
78;59;273;333
79;59;542;333
80;59;1783;333
82;59;914;333
86;59;627;333
89;59;287;333
89;59;287;333
90;59;287;333
92;59;338;333
95;59;3101;333
98;59;596;333
99;59;287;333
9;60;1813;333
11;60;274;333
15;60;1782;333
15;60;273;333
17;60;627;333
18;60;287;333
19;60;287;333
19;60;287;333
20;60;287;333
21;60;287;333
22;60;287;333
23;60;287;333
24;60;287;333
25;60;287;333
26;60;287;333
27;60;287;333
28;60;287;333
29;60;628;333
32;60;1813;333
34;60;626;333
35;60;626;333
37;60;1813;333
39;60;1782;333
40;60;314;333
41;60;622;333
44;60;1782;333
45;60;1783;333
46;60;203;333
48;60;1783;333
49;60;1783;333
49;60;1783;333
51;60;629;333
52;60;628;333
57;60;301;333
58;60;1782;333
62;60;1272;333
64;60;615;333
64;60;1783;333
67;60;338;333
71;60;338;333
73;60;338;333
78;60;1782;333
80;60;1817;333
81;60;627;333
85;60;627;333
86;60;623;333
87;60;287;333
88;60;287;333
88;60;287;333
88;60;287;333
89;60;287;333
93;60;606;333
94;60;601;333
97;60;1783;333
98;60;596;333
99;60;287;333
7;61;1813;333
8;61;1813;333
9;61;301;333
11;61;1804;333
11;61;274;333
13;61;576;333
17;61;627;333
18;61;287;333
19;61;287;333
20;61;287;333
21;61;287;333
22;61;287;333
23;61;287;333
24;61;287;333
25;61;628;333
26;61;628;333
27;61;628;333
28;61;628;333
32;61;273;333
35;61;626;333
36;61;1245;333
37;61;584;333
38;61;577;333
41;61;3095;333
45;61;338;333
47;61;1813;333
49;61;629;333
51;61;628;333
51;61;629;333
54;61;273;333
56;61;1782;333
57;61;203;333
58;61;338;333
59;61;338;333
60;61;915;333
62;61;1272;333
63;61;338;333
64;61;615;333
65;61;2169;333
68;61;338;333
69;61;338;333
75;61;338;333
78;61;1813;333
80;61;1804;333
81;61;623;333
82;61;597;333
82;61;232;333
83;61;597;333
84;61;597;333
85;61;287;333
86;61;626;333
87;61;287;333
90;61;338;333
97;61;1783;333
97;61;1783;333
98;61;596;333
98;61;625;333
99;61;287;333
9;62;301;333
16;62;627;333
17;62;287;333
18;62;287;333
18;62;287;333
18;62;287;333
18;62;287;333
19;62;287;333
19;62;287;333
19;62;287;333
20;62;287;333
21;62;287;333
22;62;287;333
23;62;287;333
24;62;628;333
25;62;1782;333
30;62;274;333
33;62;1783;333
40;62;1782;333
41;62;1808;333
46;62;1813;333
48;62;338;333
50;62;628;333
51;62;628;333
64;62;615;333
70;62;586;333
71;62;1812;333
78;62;338;333
79;62;274;333
80;62;338;333
81;62;338;333
83;62;298;333
83;62;2488;333
84;62;914;333
85;62;627;333
86;62;623;333
87;62;287;333
92;62;3098;333
95;62;1783;333
98;62;596;333
99;62;287;333
9;63;1812;333
11;63;338;333
14;63;1813;333
16;63;627;333
17;63;287;333
18;63;287;333
19;63;287;333
20;63;287;333
21;63;287;333
22;63;630;333
23;63;622;333
26;63;1807;333
27;63;1817;333
35;63;338;333
36;63;338;333
41;63;1813;333
50;63;629;333
51;63;628;333
52;63;338;333
54;63;338;333
55;63;301;333
56;63;301;333
58;63;338;333
60;63;915;333
64;63;616;333
67;63;1783;333
68;63;1276;333
69;63;338;333
71;63;338;333
72;63;274;333
76;63;1813;333
77;63;273;333
80;63;338;333
81;63;338;333
85;63;629;333
86;63;626;333
87;63;287;333
89;63;338;333
96;63;915;333
97;63;629;333
98;63;596;333
99;63;287;333
6;64;1813;333
9;64;301;333
11;64;274;333
12;64;1817;333
15;64;627;333
16;64;287;333
17;64;287;333
18;64;287;333
18;64;287;333
19;64;287;333
20;64;287;333
21;64;630;333
22;64;622;333
27;64;125;333
29;64;274;333
30;64;274;333
34;64;1782;333
39;64;1782;333
48;64;1783;333
50;64;628;333
52;64;338;333
54;64;301;333
61;64;338;333
63;64;338;333
64;64;617;333
64;64;1783;333
66;64;1817;333
69;64;338;333
71;64;203;333
71;64;338;333
72;64;586;333
73;64;1817;333
76;64;338;333
77;64;595;333
78;64;542;333
79;64;1813;333
80;64;623;333
81;64;598;333
82;64;598;333
83;64;598;333
84;64;598;333
85;64;629;333
86;64;287;333
90;64;273;333
92;64;607;333
95;64;1783;333
97;64;629;333
98;64;596;333
98;64;629;333
99;64;287;333
8;65;1812;333
9;65;301;333
11;65;309;333
12;65;338;333
12;65;1783;333
13;65;1783;333
14;65;1812;333
15;65;629;333
16;65;287;333
17;65;287;333
18;65;287;333
18;65;287;333
18;65;287;333
19;65;287;333
20;65;630;333
21;65;622;333
21;65;630;333
22;65;1245;333
24;65;1813;333
25;65;1782;333
28;65;1783;333
29;65;203;333
31;65;2169;333
33;65;1783;333
41;65;338;333
42;65;1783;333
43;65;1783;333
46;65;1813;333
49;65;1782;333
50;65;301;333
51;65;1782;333
52;65;338;333
58;65;338;333
59;65;1783;333
64;65;338;333
66;65;274;333
71;65;338;333
72;65;1783;333
72;65;274;333
74;65;1783;333
75;65;273;333
76;65;584;333
80;65;627;333
81;65;287;333
82;65;287;333
83;65;287;333
84;65;287;333
85;65;287;333
92;65;609;333
94;65;338;333
97;65;273;333
98;65;596;333
98;65;629;333
99;65;287;333
6;66;1812;333
9;66;301;333
12;66;338;333
12;66;1783;333
13;66;1783;333
14;66;629;333
16;66;287;333
17;66;287;333
17;66;287;333
18;66;287;333
19;66;287;333
20;66;628;333
22;66;1782;333
27;66;1245;333
28;66;338;333
35;66;1817;333
36;66;1783;333
37;66;1257;333
40;66;233;333
41;66;586;333
41;66;338;333
43;66;274;333
44;66;586;333
50;66;301;333
56;66;1783;333
57;66;338;333
64;66;338;333
65;66;338;333
66;66;1783;333
67;66;621;333
67;66;1783;333
68;66;620;333
69;66;620;333
70;66;618;333
70;66;1783;333
74;66;1783;333
80;66;623;333
81;66;287;333
82;66;287;333
83;66;287;333
84;66;287;333
85;66;287;333
86;66;628;333
91;66;338;333
92;66;612;333
92;66;3101;333
97;66;301;333
98;66;596;333
99;66;287;333
9;67;301;333
12;67;1783;333
13;67;1783;333
14;67;623;333
15;67;287;333
15;67;629;333
16;67;287;333
17;67;287;333
17;67;287;333
18;67;287;333
19;67;628;333
21;67;314;333
24;67;1782;333
29;67;338;333
30;67;338;333
30;67;338;333
33;67;1813;333
35;67;1782;333
37;67;1813;333
38;67;3093;333
39;67;513;333
41;67;338;333
43;67;614;333
47;67;1265;333
54;67;915;333
61;67;1812;333
64;67;338;333
71;67;338;333
74;67;1804;333
75;67;629;333
76;67;287;333
77;67;287;333
78;67;287;333
79;67;287;333
80;67;287;333
81;67;287;333
82;67;287;333
83;67;287;333
84;67;622;333
85;67;628;333
86;67;628;333
91;67;274;333
93;67;3101;333
97;67;3101;333
98;67;596;333
99;67;287;333
9;68;301;333
14;68;623;333
15;68;287;333
16;68;287;333
17;68;287;333
18;68;628;333
34;68;1266;333
35;68;338;333
36;68;1782;333
38;68;338;333
43;68;615;333
46;68;338;333
50;68;915;333
53;68;338;333
58;68;338;333
61;68;1812;333
65;68;338;333
66;68;1807;333
67;68;1817;333
70;68;274;333
71;68;1812;333
73;68;203;333
75;68;629;333
76;68;629;333
77;68;287;333
77;68;622;333
78;68;287;333
79;68;287;333
80;68;287;333
81;68;287;333
82;68;287;333
83;68;287;333
84;68;629;333
86;68;630;333
98;68;596;333
99;68;287;333
6;69;203;333
9;69;1812;333
12;69;1783;333
14;69;623;333
15;69;287;333
16;69;287;333
17;69;628;333
17;69;287;333
18;69;628;333
27;69;338;333
34;69;1783;333
35;69;273;333
38;69;338;333
43;69;616;333
52;69;203;333
58;69;274;333
59;69;1813;333
60;69;273;333
61;69;1809;333
62;69;1783;333
62;69;915;333
64;69;1783;333
67;69;2169;333
70;69;1817;333
74;69;273;333
76;69;1813;333
77;69;626;333
78;69;287;333
79;69;287;333
80;69;287;333
81;69;287;333
82;69;287;333
83;69;287;333
86;69;630;333
89;69;915;333
90;69;3098;333
91;69;627;333
92;69;627;333
98;69;596;333
99;69;287;333
7;70;1812;333
9;70;301;333
11;70;1817;333
13;70;1273;333
14;70;623;333
15;70;287;333
16;70;628;333
21;70;1783;333
26;70;1257;333
28;70;1817;333
30;70;1812;333
32;70;338;333
36;70;1783;333
38;70;338;333
39;70;1265;333
41;70;338;333
43;70;615;333
47;70;1807;333
50;70;338;333
51;70;1782;333
53;70;2926;333
54;70;1783;333
57;70;519;333
58;70;1812;333
60;70;2170;333
61;70;2926;333
62;70;1812;333
63;70;627;333
66;70;1783;333
67;70;1276;333
71;70;1783;333
71;70;274;333
72;70;1783;333
73;70;1783;333
74;70;623;333
75;70;287;333
76;70;287;333
77;70;287;333
78;70;287;333
79;70;287;333
80;70;287;333
81;70;287;333
82;70;622;333
83;70;626;333
84;70;630;333
85;70;630;333
86;70;630;333
90;70;915;333
91;70;597;333
91;70;629;333
92;70;597;333
92;70;629;333
93;70;597;333
93;70;629;333
98;70;596;333
99;70;287;333
9;71;301;333
11;71;1783;333
12;71;1783;333
13;71;1817;333
14;71;629;333
15;71;628;333
21;71;1809;333
22;71;915;333
24;71;338;333
26;71;338;333
27;71;1783;333
28;71;1782;333
30;71;1782;333
33;71;1783;333
37;71;338;333
38;71;1265;333
42;71;301;333
43;71;617;333
44;71;301;333
45;71;1273;333
49;71;621;333
50;71;619;333
51;71;619;333
52;71;618;333
52;71;1783;333
55;71;2937;333
56;71;1783;333
57;71;563;333
59;71;1783;333
60;71;630;333
61;71;629;333
62;71;629;333
63;71;627;333
64;71;1782;333
65;71;2924;333
68;71;338;333
72;71;273;333
73;71;627;333
74;71;630;333
75;71;597;333
76;71;597;333
77;71;597;333
78;71;597;333
79;71;597;333
80;71;597;333
81;71;597;333
84;71;597;333
90;71;2926;333
92;71;274;333
93;71;629;333
94;71;623;333
97;71;3093;333
98;71;629;333
99;71;287;333
9;72;301;333
12;72;273;333
13;72;1276;333
18;72;338;333
20;72;338;333
25;72;1783;333
29;72;273;333
30;72;1783;333
31;72;274;333
32;72;1807;333
33;72;1783;333
34;72;274;333
39;72;338;333
41;72;915;333
42;72;1272;333
43;72;1272;333
44;72;1273;333
45;72;1813;333
46;72;1782;333
50;72;338;333
54;72;3101;333
55;72;338;333
57;72;627;333
58;72;627;333
59;72;287;333
60;72;626;333
61;72;629;333
64;72;1812;333
66;72;1807;333
67;72;1782;333
85;72;606;333
86;72;603;333
87;72;602;333
87;72;3101;333
88;72;603;333
89;72;601;333
89;72;3101;333
92;72;274;333
93;72;629;333
94;72;627;333
95;72;628;333
98;72;915;333
99;72;287;333
99;72;287;333
6;73;274;333
9;73;301;333
10;73;1782;333
12;73;1782;333
12;73;1783;333
13;73;1783;333
13;73;273;333
13;73;1804;333
15;73;273;333
17;73;1276;333
24;73;1783;333
28;73;1812;333
32;73;301;333
33;73;1783;333
35;73;1813;333
39;73;1265;333
41;73;1813;333
44;73;1813;333
45;73;1813;333
48;73;1782;333
49;73;274;333
50;73;1783;333
51;73;338;333
53;73;274;333
55;73;627;333
56;73;627;333
56;73;287;333
56;73;287;333
57;73;287;333
58;73;287;333
61;73;1783;333
62;73;1817;333
68;73;338;333
71;73;274;333
74;73;273;333
75;73;598;333
76;73;598;333
77;73;598;333
78;73;598;333
79;73;598;333
80;73;598;333
81;73;598;333
82;73;598;333
83;73;630;333
84;73;598;333
89;73;2038;333
90;73;1265;333
92;73;2069;333
94;73;628;333
95;73;628;333
99;73;629;333
99;73;287;333
8;74;1782;333
9;74;1812;333
12;74;274;333
12;74;1783;333
13;74;1783;333
16;74;1809;333
18;74;1782;333
24;74;338;333
27;74;614;333
27;74;1783;333
31;74;1782;333
40;74;274;333
41;74;203;333
42;74;1813;333
43;74;1813;333
44;74;1817;333
45;74;1813;333
46;74;1807;333
48;74;274;333
50;74;1817;333
55;74;627;333
56;74;287;333
57;74;622;333
58;74;622;333
60;74;1812;333
62;74;1782;333
64;74;2805;333
66;74;586;333
71;74;1817;333
74;74;596;333
75;74;630;333
75;74;287;333
76;74;287;333
77;74;287;333
78;74;287;333
79;74;287;333
80;74;287;333
81;74;287;333
82;74;630;333
83;74;628;333
91;74;1265;333
92;74;627;333
93;74;627;333
99;74;596;333
99;74;3097;333
7;75;1812;333
9;75;1812;333
11;75;273;333
12;75;1783;333
13;75;1783;333
14;75;1783;333
17;75;1783;333
19;75;1783;333
20;75;1807;333
24;75;586;333
27;75;616;333
27;75;1783;333
29;75;338;333
35;75;338;333
37;75;338;333
38;75;338;333
39;75;579;333
41;75;584;333
43;75;1813;333
47;75;565;333
50;75;1783;333
50;75;387;333
52;75;1782;333
55;75;623;333
56;75;287;333
58;75;1782;333
62;75;338;333
64;75;1783;333
66;75;274;333
68;75;1783;333
71;75;1782;333
73;75;1817;333
74;75;596;333
78;75;287;333
79;75;287;333
80;75;287;333
81;75;287;333
82;75;628;333
84;75;338;333
85;75;338;333
88;75;1265;333
89;75;3101;333
90;75;3093;333
91;75;1276;333
92;75;627;333
93;75;628;333
94;75;622;333
97;75;3101;333
99;75;629;333
99;75;287;333
9;76;301;333
10;76;338;333
11;76;338;333
12;76;1783;333
12;76;1804;333
13;76;1808;333
13;76;1783;333
14;76;2170;333
18;76;1813;333
19;76;614;333
20;76;338;333
24;76;1783;333
27;76;615;333
27;76;1783;333
34;76;1783;333
36;76;507;333
38;76;338;333
43;76;1782;333
45;76;629;333
46;76;629;333
48;76;1783;333
50;76;1783;333
51;76;274;333
53;76;1813;333
55;76;623;333
56;76;287;333
58;76;1808;333
60;76;1783;333
65;76;579;333
68;76;1812;333
70;76;1783;333
72;76;274;333
74;76;596;333
78;76;287;333
79;76;287;333
80;76;287;333
81;76;287;333
82;76;628;333
86;76;520;333
87;76;337;333
91;76;915;333
92;76;626;333
93;76;1783;333
98;76;523;333
99;76;629;333
99;76;287;333
9;77;301;333
13;77;541;333
19;77;615;333
21;77;915;333
24;77;1812;333
26;77;233;333
27;77;617;333
27;77;1783;333
28;77;338;333
29;77;1812;333
31;77;273;333
33;77;915;333
36;77;1266;333
36;77;1265;333
37;77;1265;333
39;77;1783;333
40;77;1817;333
41;77;627;333
42;77;627;333
44;77;629;333
45;77;629;333
46;77;629;333
47;77;629;333
51;77;1817;333
54;77;623;333
55;77;287;333
56;77;287;333
59;77;2169;333
62;77;333;333
64;77;338;333
67;77;1782;333
69;77;586;333
70;77;1783;333
73;77;1782;333
74;77;596;333
78;77;287;333
79;77;287;333
80;77;287;333
81;77;622;333
84;77;1783;333
92;77;3095;333
97;77;1254;333
98;77;1254;333
99;77;596;333
9;78;1812;333
11;78;1273;333
14;78;1783;333
19;78;616;333
19;78;1783;333
25;78;1783;333
28;78;274;333
29;78;586;333
31;78;273;333
33;78;338;333
35;78;274;333
37;78;1782;333
39;78;1783;333
40;78;627;333
42;78;630;333
43;78;630;333
44;78;630;333
45;78;630;333
46;78;630;333
47;78;629;333
48;78;203;333
49;78;1813;333
51;78;521;333
53;78;338;333
54;78;629;333
55;78;628;333
55;78;628;333
56;78;628;333
57;78;273;333
61;78;1782;333
62;78;1817;333
65;78;1812;333
70;78;627;333
70;78;629;333
71;78;598;333
72;78;598;333
73;78;598;333
74;78;596;333
74;78;598;333
77;78;287;333
78;78;287;333
79;78;287;333
80;78;622;333
89;78;1265;333
90;78;2937;333
97;78;3098;333
98;78;513;333
99;78;629;333
7;79;203;333
9;79;301;333
11;79;1812;333
12;79;1804;333
14;79;1783;333
14;79;1783;333
15;79;338;333
17;79;1783;333
18;79;338;333
19;79;615;333
22;79;338;333
24;79;274;333
25;79;585;333
26;79;561;333
31;79;1783;333
31;79;338;333
34;79;314;333
35;79;3101;333
37;79;1265;333
39;79;1783;333
40;79;220;333
41;79;627;333
42;79;630;333
43;79;630;333
44;79;630;333
45;79;630;333
46;79;628;333
50;79;273;333
51;79;387;333
53;79;629;333
55;79;628;333
56;79;1812;333
59;79;586;333
62;79;627;333
65;79;627;333
66;79;627;333
67;79;627;333
68;79;1783;333
69;79;627;333
70;79;287;333
71;79;287;333
72;79;598;333
72;79;598;333
72;79;287;333
72;79;287;333
73;79;287;333
74;79;287;333
75;79;287;333
76;79;287;333
77;79;287;333
78;79;622;333
79;79;622;333
83;79;915;333
86;79;1783;333
88;79;2038;333
90;79;3101;333
93;79;1265;333
97;79;513;333
98;79;513;333
6;80;203;333
8;80;274;333
9;80;301;333
9;80;301;333
10;80;1812;333
12;80;301;333
15;80;1812;333
17;80;1783;333
19;80;615;333
20;80;586;333
21;80;1247;333
23;80;274;333
27;80;338;333
29;80;1812;333
31;80;2926;333
37;80;2937;333
38;80;333;333
39;80;519;333
40;80;627;333
41;80;630;333
42;80;630;333
43;80;630;333
44;80;628;333
44;80;630;333
45;80;630;333
46;80;628;333
47;80;1813;333
48;80;1783;333
50;80;1813;333
53;80;629;333
54;80;628;333
58;80;274;333
60;80;1783;333
61;80;627;333
62;80;627;333
63;80;627;333
63;80;630;333
64;80;627;333
64;80;630;333
65;80;630;333
66;80;630;333
67;80;630;333
68;80;627;333
69;80;627;333
70;80;287;333
71;80;287;333
72;80;287;333
73;80;287;333
74;80;287;333
74;80;287;333
75;80;287;333
76;80;287;333
77;80;287;333
78;80;622;333
90;80;3101;333
91;80;233;333
7;81;273;333
9;81;301;333
10;81;301;333
11;81;301;333
14;81;1783;333
17;81;338;333
19;81;617;333
19;81;1783;333
21;81;274;333
23;81;301;333
27;81;273;333
35;81;273;333
37;81;1782;333
39;81;627;333
40;81;630;333
41;81;630;333
42;81;628;333
43;81;624;333
44;81;628;333
45;81;628;333
46;81;338;333
48;81;614;333
50;81;1813;333
51;81;338;333
52;81;629;333
53;81;628;333
55;81;274;333
57;81;1783;333
60;81;627;333
62;81;629;333
63;81;629;333
64;81;629;333
64;81;629;333
65;81;629;333
66;81;629;333
67;81;630;333
68;81;287;333
69;81;287;333
70;81;287;333
71;81;287;333
72;81;287;333
73;81;287;333
74;81;287;333
75;81;287;333
76;81;287;333
77;81;622;333
78;81;622;333
81;81;338;333
83;81;338;333
85;81;1783;333
87;81;914;333
91;81;220;333
6;82;1813;333
9;82;1782;333
12;82;1783;333
16;82;1254;333
18;82;1813;333
22;82;1783;333
23;82;301;333
24;82;1782;333
28;82;541;333
29;82;2038;333
30;82;1782;333
32;82;274;333
33;82;1808;333
36;82;623;333
37;82;630;333
38;82;623;333
39;82;287;333
40;82;630;333
41;82;628;333
42;82;274;333
44;82;273;333
47;82;1783;333
48;82;616;333
50;82;629;333
51;82;629;333
57;82;627;333
58;82;627;333
59;82;627;333
59;82;627;333
60;82;627;333
60;82;287;333
61;82;287;333
62;82;626;333
62;82;287;333
63;82;627;333
64;82;627;333
67;82;623;333
68;82;287;333
69;82;287;333
69;82;287;333
70;82;287;333
71;82;287;333
72;82;287;333
73;82;287;333
74;82;287;333
74;82;287;333
74;82;287;333
75;82;287;333
76;82;287;333
77;82;622;333
87;82;3096;333
92;82;3098;333
93;82;1783;333
8;83;233;333
14;83;338;333
19;83;1812;333
20;83;1266;333
21;83;1266;333
22;83;1804;333
23;83;301;333
23;83;301;333
24;83;1783;333
25;83;1812;333
28;83;1783;333
30;83;627;333
32;83;627;333
33;83;627;333
34;83;627;333
35;83;627;333
36;83;623;333
36;83;630;333
37;83;623;333
37;83;630;333
38;83;287;333
39;83;287;333
40;83;287;333
41;83;626;333
43;83;1782;333
44;83;338;333
48;83;617;333
56;83;627;333
57;83;627;333
58;83;627;333
58;83;287;333
58;83;287;333
59;83;287;333
59;83;287;333
60;83;287;333
61;83;287;333
62;83;626;333
62;83;287;333
63;83;287;333
64;83;627;333
64;83;627;333
64;83;627;333
65;83;627;333
65;83;627;333
65;83;627;333
66;83;627;333
67;83;623;333
68;83;287;333
69;83;287;333
70;83;287;333
70;83;287;333
70;83;287;333
71;83;287;333
72;83;287;333
72;83;287;333
72;83;287;333
72;83;287;333
72;83;287;333
73;83;287;333
73;83;287;333
73;83;287;333
73;83;287;333
74;83;287;333
74;83;287;333
75;83;287;333
76;83;622;333
84;83;3098;333
87;83;507;333
91;83;1783;333
6;84;274;333
11;84;338;333
16;84;1783;333
18;84;1783;333
20;84;1783;333
22;84;338;333
23;84;274;333
23;84;301;333
24;84;1783;333
25;84;915;333
25;84;627;333
26;84;627;333
28;84;627;333
29;84;627;333
30;84;627;333
31;84;627;333
32;84;287;333
33;84;287;333
34;84;287;333
35;84;287;333
35;84;287;333
36;84;287;333
36;84;287;333
37;84;287;333
38;84;287;333
39;84;287;333
40;84;287;333
41;84;628;333
42;84;626;333
42;84;628;333
45;84;274;333
47;84;273;333
49;84;1783;333
51;84;274;333
53;84;1782;333
55;84;1783;333
56;84;627;333
56;84;623;333
56;84;287;333
57;84;287;333
57;84;287;333
58;84;287;333
59;84;287;333
60;84;287;333
61;84;287;333
62;84;627;333
62;84;287;333
63;84;287;333
64;84;287;333
65;84;627;333
66;84;626;333
67;84;287;333
68;84;287;333
69;84;287;333
69;84;287;333
70;84;287;333
71;84;287;333
72;84;287;333
72;84;287;333
72;84;287;333
72;84;287;333
73;84;287;333
74;84;287;333
75;84;622;333
90;84;1783;333
91;84;627;333
92;84;630;333
1;85;1783;333
12;85;338;333
13;85;338;333
17;85;1807;333
18;85;914;333
21;85;1813;333
23;85;301;333
24;85;623;333
25;85;630;333
26;85;630;333
27;85;630;333
28;85;287;333
29;85;287;333
30;85;287;333
31;85;287;333
32;85;287;333
33;85;287;333
34;85;287;333
35;85;287;333
36;85;287;333
36;85;287;333
37;85;287;333
38;85;287;333
39;85;287;333
40;85;287;333
42;85;626;333
43;85;626;333
44;85;626;333
44;85;626;333
45;85;627;333
51;85;1783;333
52;85;1813;333
53;85;623;333
54;85;623;333
55;85;623;333
55;85;287;333
56;85;287;333
57;85;287;333
58;85;287;333
58;85;287;333
58;85;287;333
58;85;287;333
58;85;287;333
59;85;287;333
60;85;287;333
61;85;287;333
62;85;287;333
63;85;287;333
64;85;287;333
65;85;287;333
66;85;287;333
67;85;287;333
68;85;287;333
69;85;287;333
70;85;287;333
71;85;287;333
72;85;287;333
73;85;622;333
74;85;622;333
89;85;915;333
91;85;627;333
6;86;1813;333
10;86;1783;333
11;86;1783;333
15;86;1813;333
18;86;1783;333
24;86;623;333
25;86;630;333
26;86;287;333
27;86;287;333
28;86;287;333
29;86;287;333
30;86;287;333
31;86;287;333
32;86;287;333
33;86;287;333
34;86;287;333
35;86;287;333
36;86;287;333
37;86;287;333
38;86;287;333
39;86;287;333
40;86;287;333
41;86;287;333
42;86;287;333
42;86;287;333
43;86;287;333
44;86;627;333
45;86;626;333
45;86;627;333
46;86;626;333
47;86;630;333
48;86;630;333
48;86;630;333
51;86;629;333
52;86;623;333
53;86;623;333
53;86;287;333
54;86;623;333
54;86;623;333
54;86;287;333
55;86;287;333
56;86;287;333
57;86;287;333
58;86;287;333
59;86;287;333
60;86;287;333
60;86;287;333
61;86;287;333
62;86;287;333
63;86;287;333
64;86;287;333
65;86;287;333
66;86;287;333
67;86;287;333
68;86;622;333
69;86;622;333
70;86;622;333
71;86;622;333
72;86;622;333
80;86;3097;333
91;86;626;333
92;86;628;333
3;87;1783;333
7;87;338;333
9;87;1813;333
15;87;1276;333
23;87;623;333
24;87;630;333
25;87;630;333
26;87;630;333
27;87;287;333
28;87;287;333
29;87;287;333
30;87;629;333
31;87;630;333
32;87;630;333
32;87;629;333
33;87;287;333
34;87;287;333
35;87;287;333
36;87;287;333
37;87;287;333
38;87;622;333
39;87;287;333
40;87;287;333
41;87;287;333
41;87;287;333
42;87;287;333
43;87;622;333
44;87;622;333
45;87;622;333
46;87;622;333
47;87;630;333
48;87;630;333
49;87;630;333
49;87;630;333
50;87;630;333
51;87;629;333
52;87;287;333
53;87;287;333
54;87;287;333
55;87;287;333
56;87;287;333
57;87;287;333
58;87;287;333
59;87;287;333
59;87;287;333
59;87;287;333
60;87;287;333
61;87;287;333
62;87;622;333
63;87;622;333
64;87;622;333
65;87;622;333
66;87;622;333
67;87;622;333
5;88;338;333
7;88;1254;333
8;88;338;333
12;88;1782;333
13;88;301;333
14;88;274;333
15;88;1808;333
16;88;203;333
19;88;338;333
22;88;629;333
23;88;629;333
24;88;629;333
25;88;628;333
26;88;626;333
27;88;287;333
28;88;287;333
29;88;629;333
30;88;914;333
31;88;628;333
32;88;629;333
32;88;629;333
33;88;287;333
33;88;287;333
34;88;287;333
35;88;628;333
36;88;622;333
37;88;622;333
38;88;629;333
39;88;622;333
41;88;629;333
42;88;628;333
43;88;622;333
44;88;624;333
45;88;597;333
46;88;597;333
46;88;622;333
47;88;628;333
48;88;629;333
49;88;622;333
50;88;622;333
51;88;628;333
52;88;622;333
53;88;622;333
54;88;622;333
55;88;622;333
56;88;622;333
57;88;622;333
58;88;622;333
59;88;622;333
60;88;622;333
61;88;622;333
3;89;1783;333
7;89;338;333
12;89;1782;333
13;89;301;333
14;89;301;333
15;89;301;333
16;89;301;333
17;89;301;333
18;89;301;333
19;89;301;333
20;89;629;333
21;89;629;333
22;89;629;333
23;89;626;333
25;89;627;333
26;89;287;333
27;89;287;333
28;89;629;333
31;89;914;333
32;89;629;333
33;89;287;333
34;89;628;333
35;89;628;333
39;89;629;333
40;89;1812;333
45;89;203;333
46;89;629;333
47;89;622;333
48;89;629;333
6;90;1783;333
19;90;915;333
21;90;203;333
21;90;1813;333
22;90;1813;333
25;90;629;333
26;90;629;333
27;90;629;333
31;90;203;333
32;90;629;333
33;90;1783;333
33;90;628;333
38;90;1812;333
39;90;915;333
40;90;1812;333
4;91;1783;333
9;91;1813;333
15;91;273;333
21;91;203;333
22;91;203;333
26;91;1783;333
33;91;1812;333
36;91;1812;333
42;91;203;333
0;92;915;333
19;92;1783;333
21;92;1813;333
30;92;1813;333
36;92;1812;333
8;93;273;333
12;93;1783;333
16;93;1812;333
11;94;203;333
19;94;233;333
22;94;203;333
3;95;1783;333
6;95;1783;333
9;95;1813;333
17;95;1813;333
24;95;1813;333
38;95;915;333
4;96;915;333
30;96;915;333
15;97;1813;333
7;98;1783;333
10;98;915;333
28;98;915;333
