47;0;0;287;0;333
48;0;0;287;0;333
49;0;0;287;0;333
50;0;0;287;0;333
51;0;0;287;0;333
52;0;0;287;0;333
53;0;0;287;0;333
54;0;0;287;0;333
55;0;0;287;0;333
56;0;0;287;0;333
57;0;0;287;0;333
58;0;0;287;0;333
59;0;0;287;0;333
60;0;0;287;0;333
60;0;0;287;0;333
61;0;0;287;0;333
62;0;0;287;0;333
63;0;0;287;0;333
64;0;0;287;0;333
65;0;0;287;0;333
66;0;0;287;0;333
67;0;0;287;0;333
68;0;0;287;0;333
69;0;0;287;0;333
70;0;0;287;0;333
71;0;0;287;0;333
72;0;0;287;0;333
73;0;0;287;0;333
74;0;0;287;0;333
75;0;0;287;0;333
75;0;0;287;0;333
76;0;0;287;0;333
77;0;0;287;0;333
78;0;0;287;0;333
79;0;0;287;0;333
80;0;0;287;0;333
81;0;0;287;0;333
82;0;0;287;0;333
83;0;0;287;0;333
84;0;0;287;0;333
85;0;0;287;0;333
86;0;0;287;0;333
87;0;0;287;0;333
88;0;0;287;0;333
89;0;0;287;0;333
90;0;0;287;0;333
91;0;0;287;0;333
92;0;0;287;0;333
93;0;0;287;0;333
94;0;0;287;0;333
95;0;0;287;0;333
96;0;0;287;0;333
97;0;0;287;0;333
98;0;0;287;0;333
99;0;0;287;0;333
47;1;0;287;0;333
48;1;0;287;0;333
49;1;0;287;0;333
50;1;0;287;0;333
51;1;0;287;0;333
52;1;0;287;0;333
53;1;0;287;0;333
54;1;0;287;0;333
55;1;0;287;0;333
56;1;0;287;0;333
57;1;0;287;0;333
58;1;0;287;0;333
59;1;0;287;0;333
60;1;0;287;0;333
75;1;0;287;0;333
76;1;0;287;0;333
77;1;0;287;0;333
78;1;0;287;0;333
79;1;0;287;0;333
80;1;0;287;0;333
81;1;0;628;0;333
82;1;0;622;0;333
83;1;0;628;0;333
84;1;0;628;0;333
85;1;0;630;0;333
86;1;0;626;0;333
87;1;0;628;0;333
88;1;0;627;0;333
88;1;0;628;0;333
89;1;0;626;0;333
89;1;0;629;0;333
90;1;0;287;0;333
91;1;0;287;0;333
91;1;0;287;0;333
92;1;0;287;0;333
93;1;0;287;0;333
94;1;0;287;0;333
95;1;0;287;0;333
96;1;0;628;0;333
96;1;0;287;0;333
97;1;0;287;0;333
98;1;0;287;0;333
99;1;0;287;0;333
45;2;0;627;0;333
46;2;0;627;0;333
47;2;0;287;0;333
48;2;0;628;0;333
49;2;0;626;0;333
50;2;0;630;0;333
51;2;0;287;0;333
52;2;0;287;0;333
53;2;0;287;0;333
54;2;0;287;0;333
55;2;0;287;0;333
56;2;0;287;0;333
57;2;0;287;0;333
58;2;0;287;0;333
59;2;0;287;0;333
60;2;0;287;0;333
75;2;0;287;0;333
78;2;0;623;0;333
79;2;0;287;0;333
80;2;0;287;0;333
82;2;0;273;0;333
84;2;0;273;0;333
86;2;0;1783;0;333
87;2;0;274;0;333
88;2;0;628;0;333
89;2;0;626;0;333
89;2;0;628;0;333
90;2;0;622;0;333
91;2;0;622;0;333
92;2;0;622;0;333
93;2;0;622;0;333
94;2;0;622;0;333
95;2;0;627;0;333
96;2;0;623;0;333
97;2;0;287;0;333
98;2;0;287;0;333
99;2;0;287;0;333
37;3;0;623;0;333
38;3;0;287;0;333
39;3;0;287;0;333
40;3;0;287;0;333
41;3;0;287;0;333
42;3;0;287;0;333
43;3;0;628;0;333
44;3;0;627;0;333
45;3;0;627;0;333
46;3;0;629;0;333
47;3;0;628;0;333
49;3;0;626;0;333
50;3;0;626;0;333
51;3;0;629;0;333
52;3;0;597;0;333
52;3;0;630;0;333
53;3;0;597;0;333
53;3;0;629;0;333
54;3;0;287;0;333
55;3;0;287;0;333
56;3;0;287;0;333
57;3;0;287;0;333
58;3;0;287;0;333
59;3;0;287;0;333
60;3;0;287;0;333
75;3;0;287;0;333
75;3;0;287;0;333
76;3;0;287;0;333
78;3;0;623;0;333
79;3;0;287;0;333
80;3;0;287;0;333
95;3;0;630;0;333
96;3;0;629;0;333
97;3;0;627;0;333
98;3;0;287;0;333
98;3;0;287;0;333
99;3;0;287;0;333
36;4;0;627;0;333
37;4;0;629;0;333
38;4;0;287;0;333
39;4;0;287;0;333
40;4;0;287;0;333
41;4;0;287;0;333
42;4;0;287;0;333
43;4;0;628;0;333
44;4;0;627;0;333
45;4;0;629;0;333
47;4;0;273;0;333
51;4;0;627;0;333
52;4;0;622;0;333
53;4;0;628;0;333
54;4;0;628;0;333
55;4;0;597;0;333
55;4;0;628;0;333
56;4;0;626;0;333
57;4;0;622;0;333
57;4;0;626;0;333
58;4;0;287;0;333
59;4;0;287;0;333
59;4;0;287;0;333
60;4;0;287;0;333
75;4;0;287;0;333
76;4;0;287;0;333
78;4;0;629;0;333
79;4;0;622;0;333
80;4;0;628;0;333
95;4;0;627;0;333
96;4;0;627;0;333
97;4;0;627;0;333
98;4;0;287;0;333
99;4;0;287;0;333
36;5;0;627;0;333
37;5;0;623;0;333
38;5;0;287;0;333
39;5;0;287;0;333
40;5;0;287;0;333
41;5;0;287;0;333
42;5;0;287;0;333
43;5;0;628;0;333
56;5;0;628;0;333
57;5;0;626;0;333
58;5;0;622;0;333
59;5;0;629;0;333
60;5;0;287;0;333
74;5;0;287;0;333
75;5;0;287;0;333
76;5;0;287;0;333
95;5;0;627;0;333
96;5;0;630;0;333
98;5;0;287;0;333
99;5;0;287;0;333
37;6;0;623;0;333
37;6;0;629;0;333
37;6;0;629;0;333
38;6;0;627;0;333
38;6;0;629;0;333
39;6;0;622;0;333
40;6;0;629;0;333
41;6;0;628;0;333
42;6;0;628;0;333
58;6;0;628;0;333
59;6;0;627;0;333
60;6;0;287;0;333
74;6;0;287;0;333
75;6;0;287;0;333
75;6;0;287;0;333
76;6;0;628;0;333
79;6;0;626;0;333
95;6;0;626;0;333
96;6;0;626;0;333
97;6;0;630;0;333
98;6;0;287;0;333
98;6;0;287;0;333
99;6;0;287;0;333
37;7;0;627;0;333
38;7;0;627;0;333
38;7;0;629;0;333
39;7;0;628;0;333
40;7;0;629;0;333
58;7;0;1782;0;333
59;7;0;627;0;333
60;7;0;287;0;333
73;7;0;287;0;333
74;7;0;287;0;333
75;7;0;628;0;333
96;7;0;623;0;333
96;7;0;628;0;333
97;7;0;630;0;333
97;7;0;628;0;333
98;7;0;287;0;333
99;7;0;287;0;333
38;8;0;628;0;333
39;8;0;628;0;333
59;8;0;626;0;333
60;8;0;287;0;333
61;8;0;287;0;333
62;8;0;287;0;333
63;8;0;287;0;333
64;8;0;287;0;333
65;8;0;287;0;333
66;8;0;287;0;333
67;8;0;287;0;333
68;8;0;287;0;333
69;8;0;287;0;333
70;8;0;287;0;333
71;8;0;287;0;333
71;8;0;287;0;333
72;8;0;287;0;333
73;8;0;287;0;333
73;8;0;287;0;333
74;8;0;287;0;333
75;8;0;628;0;333
96;8;0;628;0;333
97;8;0;287;0;333
98;8;0;629;0;333
99;8;0;287;0;333
34;9;0;628;0;333
37;9;0;628;0;333
60;9;0;629;0;333
61;9;0;627;0;333
62;9;0;629;0;333
63;9;0;622;0;333
64;9;0;629;0;333
65;9;0;626;0;333
66;9;0;622;0;333
67;9;0;597;0;333
67;9;0;628;0;333
68;9;0;597;0;333
68;9;0;628;0;333
69;9;0;622;0;333
70;9;0;622;0;333
71;9;0;629;0;333
72;9;0;630;0;333
73;9;0;630;0;333
74;9;0;628;0;333
98;9;0;629;0;333
99;9;0;287;0;333
31;10;0;627;0;333
32;10;0;627;0;333
33;10;0;627;0;333
34;10;0;628;0;333
35;10;0;630;0;333
67;10;0;1783;0;333
68;10;0;1782;0;333
72;10;0;626;0;333
73;10;0;626;0;333
99;10;0;287;0;333
31;11;0;627;0;333
32;11;0;301;0;333
33;11;0;301;0;333
34;11;0;301;0;333
35;11;0;628;0;333
98;11;0;627;0;333
99;11;0;287;0;333
27;12;0;623;0;333
28;12;0;597;0;333
28;12;0;597;0;333
29;12;0;597;0;333
30;12;0;597;0;333
30;12;0;628;0;333
31;12;0;628;0;333
32;12;0;301;0;333
35;12;0;301;0;333
36;12;0;596;0;333
45;12;0;627;0;333
99;12;0;287;0;333
26;13;0;623;0;333
27;13;0;597;0;333
28;13;0;628;0;333
29;13;0;301;0;333
30;13;0;301;0;333
31;13;0;301;0;333
32;13;0;301;0;333
34;13;0;1804;0;333
35;13;0;596;0;333
35;13;0;301;0;333
44;13;0;627;0;333
45;13;0;287;0;333
46;13;0;287;0;333
99;13;0;287;0;333
23;14;0;630;0;333
24;14;0;630;0;333
25;14;0;630;0;333
26;14;0;626;0;333
27;14;0;626;0;333
29;14;0;1804;0;333
33;14;0;274;0;333
34;14;0;596;0;333
44;14;0;629;0;333
45;14;0;627;0;333
45;14;0;629;0;333
46;14;0;287;0;333
47;14;0;287;0;333
48;14;0;287;0;333
49;14;0;287;0;333
50;14;0;287;0;333
51;14;0;287;0;333
99;14;0;287;0;333
21;15;0;630;0;333
22;15;0;630;0;333
22;15;0;626;0;333
23;15;0;630;0;333
23;15;0;626;0;333
24;15;0;626;0;333
25;15;0;626;0;333
26;15;0;1791;0;333
27;15;0;1791;0;333
29;15;0;1783;0;333
32;15;0;2832;0;333
34;15;0;629;0;333
35;15;0;596;0;333
35;15;0;596;0;333
35;15;0;629;0;333
35;15;0;629;0;333
44;15;0;629;0;333
45;15;0;629;0;333
46;15;0;628;0;333
47;15;0;628;0;333
49;15;0;629;0;333
51;15;0;287;0;333
99;15;0;287;0;333
18;16;0;287;0;333
19;16;0;287;0;333
20;16;0;287;0;333
21;16;0;287;0;333
21;16;0;628;0;333
22;16;0;287;0;333
24;16;0;626;0;333
25;16;0;301;0;333
30;16;0;1783;0;333
32;16;0;1783;0;333
34;16;0;627;0;333
35;16;0;596;0;333
44;16;0;627;0;333
45;16;0;626;0;333
51;16;0;287;0;333
52;16;0;287;0;333
53;16;0;630;0;333
53;16;0;630;0;333
53;16;0;287;0;333
54;16;0;630;0;333
54;16;0;287;0;333
55;16;0;630;0;333
56;16;0;627;0;333
57;16;0;627;0;333
58;16;0;627;0;333
62;16;0;627;0;333
63;16;0;627;0;333
64;16;0;627;0;333
65;16;0;630;0;333
99;16;0;287;0;333
17;17;0;287;0;333
18;17;0;287;0;333
19;17;0;287;0;333
20;17;0;287;0;333
22;17;0;628;0;333
23;17;0;626;0;333
24;17;0;301;0;333
29;17;0;1817;0;333
32;17;0;14;0;333
34;17;0;301;0;333
35;17;0;629;0;333
36;17;0;287;0;333
37;17;0;287;0;333
38;17;0;287;0;333
44;17;0;626;0;333
54;17;0;629;0;333
55;17;0;629;0;333
56;17;0;629;0;333
57;17;0;629;0;333
58;17;0;629;0;333
59;17;0;627;0;333
60;17;0;627;0;333
61;17;0;627;0;333
62;17;0;287;0;333
63;17;0;630;0;333
64;17;0;630;0;333
65;17;0;630;0;333
85;17;0;626;0;333
86;17;0;626;0;333
99;17;0;287;0;333
17;18;0;287;0;333
18;18;0;287;0;333
20;18;0;628;0;333
21;18;0;628;0;333
24;18;0;1783;0;333
26;18;0;14;0;333
34;18;0;1783;0;333
35;18;0;301;0;333
36;18;0;629;0;333
37;18;0;287;0;333
38;18;0;287;0;333
57;18;0;629;0;333
58;18;0;627;0;333
59;18;0;287;0;333
60;18;0;287;0;333
61;18;0;287;0;333
62;18;0;287;0;333
63;18;0;629;0;333
64;18;0;622;0;333
65;18;0;628;0;333
77;18;0;627;0;333
78;18;0;627;0;333
83;18;0;627;0;333
84;18;0;627;0;333
85;18;0;628;0;333
86;18;0;628;0;333
87;18;0;626;0;333
88;18;0;626;0;333
99;18;0;287;0;333
16;19;0;627;0;333
17;19;0;630;0;333
18;19;0;630;0;333
19;19;0;622;0;333
21;19;0;1817;0;333
25;19;0;1813;0;333
29;19;0;290;0;333
30;19;0;248;0;333
31;19;0;248;0;333
32;19;0;248;0;333
34;19;0;387;0;333
35;19;0;301;0;333
36;19;0;627;0;333
37;19;0;287;0;333
37;19;0;287;0;333
37;19;0;287;0;333
38;19;0;287;0;333
38;19;0;287;0;333
38;19;0;287;0;333
38;19;0;287;0;333
59;19;0;627;0;333
59;19;0;626;0;333
60;19;0;287;0;333
61;19;0;287;0;333
62;19;0;287;0;333
77;19;0;627;0;333
78;19;0;287;0;333
79;19;0;627;0;333
80;19;0;627;0;333
80;19;0;627;0;333
81;19;0;627;0;333
82;19;0;287;0;333
83;19;0;287;0;333
84;19;0;287;0;333
85;19;0;628;0;333
86;19;0;622;0;333
86;19;0;628;0;333
99;19;0;287;0;333
16;20;0;627;0;333
17;20;0;630;0;333
18;20;0;628;0;333
20;20;0;1782;0;333
24;20;0;2850;0;333
26;20;0;1783;0;333
28;20;0;537;0;333
29;20;0;290;0;333
31;20;0;248;0;333
32;20;0;248;0;333
34;20;0;387;0;333
35;20;0;301;0;333
36;20;0;623;0;333
37;20;0;287;0;333
38;20;0;287;0;333
38;20;0;287;0;333
59;20;0;626;0;333
60;20;0;628;0;333
61;20;0;287;0;333
62;20;0;287;0;333
62;20;0;287;0;333
76;20;0;627;0;333
77;20;0;287;0;333
78;20;0;287;0;333
79;20;0;287;0;333
80;20;0;287;0;333
81;20;0;287;0;333
82;20;0;287;0;333
83;20;0;287;0;333
84;20;0;628;0;333
85;20;0;622;0;333
99;20;0;287;0;333
15;21;0;273;0;333
16;21;0;626;0;333
17;21;0;628;0;333
21;21;0;1813;0;333
23;21;0;1783;0;333
23;21;0;2850;0;333
24;21;0;314;0;333
24;21;0;2488;0;333
31;21;0;248;0;333
34;21;0;301;0;333
35;21;0;626;0;333
36;21;0;287;0;333
37;21;0;287;0;333
38;21;0;287;0;333
60;21;0;629;0;333
61;21;0;626;0;333
62;21;0;626;0;333
75;21;0;623;0;333
76;21;0;287;0;333
77;21;0;287;0;333
78;21;0;287;0;333
79;21;0;287;0;333
80;21;0;287;0;333
81;21;0;287;0;333
82;21;0;287;0;333
83;21;0;287;0;333
84;21;0;628;0;333
99;21;0;287;0;333
15;22;0;629;0;333
16;22;0;629;0;333
17;22;0;628;0;333
19;22;0;1783;0;333
21;22;0;1813;0;333
24;22;0;2850;0;333
27;22;0;1782;0;333
31;22;0;1783;0;333
33;22;0;1812;0;333
34;22;0;627;0;333
35;22;0;287;0;333
36;22;0;287;0;333
37;22;0;628;0;333
59;22;0;626;0;333
60;22;0;626;0;333
61;22;0;626;0;333
72;22;0;627;0;333
73;22;0;627;0;333
74;22;0;627;0;333
75;22;0;627;0;333
75;22;0;287;0;333
76;22;0;287;0;333
81;22;0;287;0;333
82;22;0;287;0;333
83;22;0;628;0;333
91;22;0;629;0;333
92;22;0;627;0;333
98;22;0;627;0;333
99;22;0;287;0;333
15;23;0;287;0;333
16;23;0;287;0;333
17;23;0;630;0;333
19;23;0;300;0;333
19;23;0;1783;0;333
29;23;0;1813;0;333
32;23;0;1782;0;333
35;23;0;287;0;333
36;23;0;287;0;333
37;23;0;628;0;333
47;23;0;628;0;333
48;23;0;628;0;333
49;23;0;628;0;333
50;23;0;627;0;333
51;23;0;630;0;333
52;23;0;630;0;333
53;23;0;627;0;333
54;23;0;627;0;333
55;23;0;630;0;333
59;23;0;626;0;333
60;23;0;628;0;333
71;23;0;627;0;333
72;23;0;627;0;333
73;23;0;287;0;333
74;23;0;287;0;333
75;23;0;287;0;333
81;23;0;287;0;333
82;23;0;628;0;333
90;23;0;629;0;333
91;23;0;287;0;333
92;23;0;628;0;333
93;23;0;628;0;333
96;23;0;629;0;333
97;23;0;629;0;333
98;23;0;629;0;333
99;23;0;287;0;333
15;24;0;287;0;333
16;24;0;287;0;333
21;24;0;584;0;333
34;24;0;287;0;333
35;24;0;287;0;333
36;24;0;628;0;333
47;24;0;629;0;333
48;24;0;627;0;333
49;24;0;626;0;333
50;24;0;626;0;333
52;24;0;628;0;333
54;24;0;627;0;333
55;24;0;630;0;333
56;24;0;627;0;333
57;24;0;630;0;333
70;24;0;627;0;333
71;24;0;287;0;333
72;24;0;287;0;333
72;24;0;287;0;333
73;24;0;287;0;333
74;24;0;287;0;333
80;24;0;287;0;333
81;24;0;287;0;333
82;24;0;628;0;333
90;24;0;627;0;333
91;24;0;287;0;333
92;24;0;287;0;333
93;24;0;629;0;333
93;24;0;287;0;333
93;24;0;287;0;333
94;24;0;627;0;333
94;24;0;287;0;333
95;24;0;287;0;333
96;24;0;287;0;333
97;24;0;287;0;333
98;24;0;287;0;333
99;24;0;287;0;333
13;25;0;629;0;333
14;25;0;623;0;333
15;25;0;287;0;333
16;25;0;287;0;333
20;25;0;1782;0;333
25;25;0;1817;0;333
27;25;0;287;0;333
28;25;0;287;0;333
29;25;0;287;0;333
30;25;0;287;0;333
31;25;0;287;0;333
32;25;0;287;0;333
33;25;0;287;0;333
34;25;0;287;0;333
35;25;0;628;0;333
46;25;0;629;0;333
47;25;0;630;0;333
48;25;0;627;0;333
55;25;0;622;0;333
56;25;0;622;0;333
57;25;0;622;0;333
69;25;0;627;0;333
70;25;0;287;0;333
70;25;0;630;0;333
71;25;0;287;0;333
72;25;0;287;0;333
79;25;0;287;0;333
80;25;0;622;0;333
81;25;0;622;0;333
90;25;0;627;0;333
91;25;0;287;0;333
99;25;0;287;0;333
13;26;0;273;0;333
14;26;0;626;0;333
15;26;0;287;0;333
16;26;0;287;0;333
21;26;0;300;0;333
24;26;0;1813;0;333
26;26;0;1783;0;333
26;26;0;287;0;333
27;26;0;287;0;333
29;26;0;628;0;333
30;26;0;628;0;333
31;26;0;628;0;333
32;26;0;622;0;333
33;26;0;597;0;333
34;26;0;628;0;333
46;26;0;629;0;333
47;26;0;630;0;333
48;26;0;629;0;333
68;26;0;627;0;333
69;26;0;287;0;333
69;26;0;630;0;333
69;26;0;630;0;333
69;26;0;623;0;333
70;26;0;287;0;333
70;26;0;630;0;333
70;26;0;630;0;333
70;26;0;630;0;333
70;26;0;623;0;333
71;26;0;630;0;333
72;26;0;287;0;333
73;26;0;287;0;333
78;26;0;287;0;333
79;26;0;622;0;333
90;26;0;596;0;333
90;26;0;629;0;333
91;26;0;287;0;333
99;26;0;287;0;333
14;27;0;629;0;333
15;27;0;287;0;333
15;27;0;630;0;333
16;27;0;287;0;333
17;27;0;287;0;333
22;27;0;1813;0;333
25;27;0;287;0;333
25;27;0;287;0;333
26;27;0;287;0;333
27;27;0;287;0;333
27;27;0;287;0;333
27;27;0;628;0;333
43;27;0;629;0;333
44;27;0;629;0;333
46;27;0;629;0;333
47;27;0;629;0;333
48;27;0;630;0;333
70;27;0;629;0;333
71;27;0;629;0;333
72;27;0;630;0;333
73;27;0;287;0;333
73;27;0;287;0;333
74;27;0;287;0;333
77;27;0;287;0;333
78;27;0;287;0;333
90;27;0;596;0;333
90;27;0;627;0;333
91;27;0;287;0;333
99;27;0;287;0;333
14;28;0;629;0;333
14;28;0;630;0;333
15;28;0;629;0;333
15;28;0;630;0;333
16;28;0;287;0;333
17;28;0;287;0;333
18;28;0;287;0;333
19;28;0;287;0;333
20;28;0;287;0;333
21;28;0;287;0;333
22;28;0;287;0;333
23;28;0;287;0;333
24;28;0;287;0;333
25;28;0;287;0;333
26;28;0;628;0;333
27;28;0;628;0;333
42;28;0;623;0;333
43;28;0;287;0;333
44;28;0;287;0;333
45;28;0;287;0;333
46;28;0;629;0;333
48;28;0;628;0;333
72;28;0;629;0;333
73;28;0;630;0;333
74;28;0;287;0;333
75;28;0;287;0;333
76;28;0;287;0;333
77;28;0;287;0;333
78;28;0;622;0;333
90;28;0;596;0;333
90;28;0;629;0;333
91;28;0;287;0;333
99;28;0;287;0;333
14;29;0;629;0;333
15;29;0;630;0;333
16;29;0;287;0;333
17;29;0;287;0;333
18;29;0;287;0;333
19;29;0;287;0;333
20;29;0;287;0;333
21;29;0;287;0;333
22;29;0;287;0;333
23;29;0;287;0;333
24;29;0;287;0;333
25;29;0;628;0;333
41;29;0;623;0;333
42;29;0;287;0;333
43;29;0;287;0;333
44;29;0;287;0;333
44;29;0;287;0;333
45;29;0;287;0;333
46;29;0;622;0;333
47;29;0;622;0;333
73;29;0;629;0;333
74;29;0;287;0;333
75;29;0;287;0;333
76;29;0;287;0;333
77;29;0;628;0;333
90;29;0;596;0;333
90;29;0;627;0;333
91;29;0;287;0;333
99;29;0;287;0;333
13;30;0;626;0;333
14;30;0;630;0;333
15;30;0;287;0;333
16;30;0;287;0;333
17;30;0;287;0;333
18;30;0;287;0;333
19;30;0;287;0;333
19;30;0;287;0;333
20;30;0;287;0;333
21;30;0;287;0;333
22;30;0;287;0;333
23;30;0;287;0;333
24;30;0;628;0;333
40;30;0;623;0;333
41;30;0;287;0;333
42;30;0;287;0;333
43;30;0;287;0;333
44;30;0;287;0;333
45;30;0;287;0;333
73;30;0;629;0;333
74;30;0;630;0;333
75;30;0;629;0;333
76;30;0;628;0;333
77;30;0;628;0;333
77;30;0;629;0;333
89;30;0;627;0;333
90;30;0;287;0;333
91;30;0;287;0;333
99;30;0;287;0;333
13;31;0;1782;0;333
14;31;0;623;0;333
15;31;0;287;0;333
21;31;0;287;0;333
22;31;0;627;0;333
23;31;0;628;0;333
39;31;0;623;0;333
40;31;0;287;0;333
41;31;0;287;0;333
42;31;0;287;0;333
43;31;0;287;0;333
44;31;0;287;0;333
45;31;0;287;0;333
57;31;0;680;0;333
58;31;0;633;0;333
59;31;0;637;0;333
60;31;0;637;0;333
60;31;0;315;0;333
61;31;0;633;0;333
61;31;0;295;0;333
62;31;0;637;0;333
63;31;0;637;0;333
63;31;0;3093;0;333
64;31;0;633;0;333
64;31;0;295;0;333
64;31;0;272;0;333
65;31;0;637;0;333
65;31;0;3094;0;333
65;31;0;2937;0;333
66;31;0;637;0;333
67;31;0;633;0;333
67;31;0;295;0;333
68;31;0;637;0;333
68;31;0;315;0;333
69;31;0;681;0;333
69;31;0;2038;0;333
74;31;0;629;0;333
75;31;0;629;0;333
89;31;0;627;0;333
90;31;0;287;0;333
91;31;0;287;0;333
91;31;0;287;0;333
99;31;0;287;0;333
13;32;0;1783;0;333
14;32;0;627;0;333
15;32;0;287;0;333
21;32;0;287;0;333
22;32;0;627;0;333
39;32;0;623;0;333
40;32;0;287;0;333
41;32;0;287;0;333
42;32;0;287;0;333
43;32;0;287;0;333
44;32;0;287;0;333
45;32;0;287;0;333
46;32;0;287;0;333
57;32;0;634;0;333
64;32;0;3095;0;333
68;32;0;2832;0;333
69;32;0;635;0;333
75;32;0;623;0;333
90;32;0;287;0;333
90;32;0;287;0;333
91;32;0;287;0;333
92;32;0;287;0;333
99;32;0;287;0;333
13;33;0;273;0;333
14;33;0;596;0;333
15;33;0;287;0;333
21;33;0;287;0;333
22;33;0;627;0;333
38;33;0;626;0;333
39;33;0;629;0;333
40;33;0;623;0;333
41;33;0;287;0;333
42;33;0;287;0;333
43;33;0;287;0;333
44;33;0;287;0;333
45;33;0;287;0;333
46;33;0;287;0;333
46;33;0;629;0;333
57;33;0;634;0;333
57;33;0;634;0;333
69;33;0;635;0;333
75;33;0;623;0;333
88;33;0;623;0;333
89;33;0;287;0;333
90;33;0;287;0;333
99;33;0;287;0;333
12;34;0;1783;0;333
14;34;0;596;0;333
14;34;0;1783;0;333
15;34;0;287;0;333
21;34;0;287;0;333
22;34;0;627;0;333
22;34;0;623;0;333
38;34;0;273;0;333
39;34;0;626;0;333
40;34;0;628;0;333
41;34;0;287;0;333
42;34;0;287;0;333
43;34;0;287;0;333
44;34;0;287;0;333
45;34;0;287;0;333
45;34;0;630;0;333
46;34;0;629;0;333
57;34;0;634;0;333
69;34;0;635;0;333
75;34;0;623;0;333
76;34;0;628;0;333
88;34;0;623;0;333
89;34;0;287;0;333
89;34;0;287;0;333
89;34;0;287;0;333
90;34;0;287;0;333
99;34;0;287;0;333
13;35;0;1783;0;333
14;35;0;596;0;333
15;35;0;287;0;333
15;35;0;287;0;333
21;35;0;287;0;333
22;35;0;627;0;333
38;35;0;1783;0;333
39;35;0;623;0;333
40;35;0;630;0;333
41;35;0;287;0;333
42;35;0;287;0;333
43;35;0;287;0;333
44;35;0;287;0;333
44;35;0;630;0;333
45;35;0;630;0;333
46;35;0;629;0;333
46;35;0;630;0;333
51;35;0;680;0;333
52;35;0;633;0;333
53;35;0;633;0;333
53;35;0;1360;0;333
53;35;0;3095;0;333
54;35;0;633;0;333
54;35;0;3075;0;333
54;35;0;275;0;333
55;35;0;633;0;333
55;35;0;551;0;333
56;35;0;633;0;333
57;35;0;688;0;333
57;35;0;633;0;333
57;35;0;272;0;333
58;35;0;633;0;333
58;35;0;2805;0;333
59;35;0;633;0;333
59;35;0;2805;0;333
60;35;0;633;0;333
60;35;0;272;0;333
61;35;0;633;0;333
61;35;0;3075;0;333
61;35;0;275;0;333
61;35;0;3094;0;333
62;35;0;653;0;333
63;35;0;657;0;333
63;35;0;3093;0;333
64;35;0;633;0;333
64;35;0;634;0;333
65;35;0;633;0;333
65;35;0;2805;0;333
66;35;0;633;0;333
66;35;0;295;0;333
66;35;0;2830;0;333
67;35;0;633;0;333
67;35;0;272;0;333
68;35;0;633;0;333
68;35;0;295;0;333
68;35;0;2830;0;333
69;35;0;633;0;333
69;35;0;635;0;333
69;35;0;2805;0;333
75;35;0;623;0;333
76;35;0;628;0;333
88;35;0;623;0;333
89;35;0;287;0;333
90;35;0;287;0;333
99;35;0;287;0;333
14;36;0;596;0;333
15;36;0;287;0;333
16;36;0;287;0;333
17;36;0;287;0;333
21;36;0;287;0;333
22;36;0;628;0;333
38;36;0;626;0;333
40;36;0;629;0;333
41;36;0;629;0;333
42;36;0;287;0;333
42;36;0;630;0;333
43;36;0;287;0;333
43;36;0;287;0;333
44;36;0;630;0;333
45;36;0;630;0;333
46;36;0;629;0;333
46;36;0;630;0;333
51;36;0;638;0;333
52;36;0;2832;0;333
55;36;0;2875;0;333
57;36;0;3095;0;333
58;36;0;2915;0;333
58;36;0;3095;0;333
59;36;0;2915;0;333
62;36;0;3101;0;333
63;36;0;211;0;333
63;36;0;3101;0;333
64;36;0;634;0;333
67;36;0;3095;0;333
69;36;0;639;0;333
69;36;0;1367;0;333
75;36;0;623;0;333
88;36;0;623;0;333
89;36;0;287;0;333
99;36;0;287;0;333
11;37;0;629;0;333
12;37;0;629;0;333
13;37;0;287;0;333
14;37;0;287;0;333
15;37;0;287;0;333
16;37;0;287;0;333
17;37;0;287;0;333
19;37;0;287;0;333
19;37;0;287;0;333
20;37;0;287;0;333
21;37;0;287;0;333
22;37;0;628;0;333
38;37;0;629;0;333
39;37;0;628;0;333
41;37;0;626;0;333
42;37;0;630;0;333
43;37;0;628;0;333
44;37;0;630;0;333
51;37;0;638;0;333
54;37;0;2937;0;333
57;37;0;3101;0;333
58;37;0;320;0;333
59;37;0;320;0;333
59;37;0;2038;0;333
61;37;0;3101;0;333
63;37;0;2038;0;333
64;37;0;634;0;333
67;37;0;337;0;333
69;37;0;639;0;333
69;37;0;361;0;333
75;37;0;629;0;333
88;37;0;623;0;333
89;37;0;287;0;333
90;37;0;287;0;333
90;37;0;287;0;333
99;37;0;287;0;333
12;38;0;626;0;333
14;38;0;622;0;333
15;38;0;287;0;333
16;38;0;287;0;333
17;38;0;287;0;333
18;38;0;287;0;333
19;38;0;287;0;333
20;38;0;287;0;333
21;38;0;628;0;333
21;38;0;628;0;333
42;38;0;626;0;333
43;38;0;629;0;333
44;38;0;628;0;333
51;38;0;634;0;333
54;38;0;3101;0;333
61;38;0;3101;0;333
63;38;0;265;0;333
63;38;0;3093;0;333
64;38;0;634;0;333
69;38;0;639;0;333
69;38;0;1367;0;333
74;38;0;627;0;333
75;38;0;628;0;333
88;38;0;626;0;333
89;38;0;628;0;333
90;38;0;628;0;333
90;38;0;287;0;333
91;38;0;287;0;333
91;38;0;287;0;333
99;38;0;287;0;333
15;39;0;622;0;333
16;39;0;622;0;333
17;39;0;622;0;333
18;39;0;622;0;333
19;39;0;622;0;333
20;39;0;628;0;333
43;39;0;629;0;333
44;39;0;628;0;333
51;39;0;638;0;333
55;39;0;212;0;333
56;39;0;212;0;333
57;39;0;212;0;333
58;39;0;212;0;333
59;39;0;212;0;333
60;39;0;212;0;333
61;39;0;212;0;333
64;39;0;634;0;333
65;39;0;2805;0;333
69;39;0;639;0;333
69;39;0;2805;0;333
74;39;0;627;0;333
91;39;0;628;0;333
92;39;0;287;0;333
99;39;0;287;0;333
16;40;0;622;0;333
28;40;0;626;0;333
29;40;0;626;0;333
44;40;0;1783;0;333
51;40;0;638;0;333
54;40;0;217;0;333
55;40;0;320;0;333
56;40;0;320;0;333
57;40;0;320;0;333
58;40;0;320;0;333
59;40;0;320;0;333
60;40;0;320;0;333
61;40;0;320;0;333
62;40;0;219;0;333
63;40;0;211;0;333
63;40;0;3093;0;333
64;40;0;634;0;333
64;40;0;632;0;333
65;40;0;632;0;333
66;40;0;652;0;333
67;40;0;656;0;333
68;40;0;632;0;333
69;40;0;639;0;333
69;40;0;632;0;333
73;40;0;629;0;333
92;40;0;623;0;333
93;40;0;622;0;333
94;40;0;287;0;333
95;40;0;287;0;333
96;40;0;287;0;333
97;40;0;287;0;333
98;40;0;287;0;333
99;40;0;287;0;333
28;41;0;626;0;333
29;41;0;627;0;333
44;41;0;629;0;333
51;41;0;638;0;333
54;41;0;217;0;333
55;41;0;320;0;333
55;41;0;2038;0;333
56;41;0;320;0;333
57;41;0;320;0;333
58;41;0;320;0;333
58;41;0;336;0;333
59;41;0;320;0;333
60;41;0;320;0;333
61;41;0;320;0;333
62;41;0;219;0;333
64;41;0;3095;0;333
65;41;0;3075;0;333
65;41;0;3095;0;333
66;41;0;3095;0;333
68;41;0;3075;0;333
69;41;0;689;0;333
70;41;0;681;0;333
73;41;0;629;0;333
94;41;0;630;0;333
95;41;0;630;0;333
95;41;0;628;0;333
95;41;0;628;0;333
95;41;0;627;0;333
96;41;0;630;0;333
96;41;0;628;0;333
96;41;0;628;0;333
97;41;0;623;0;333
97;41;0;287;0;333
97;41;0;287;0;333
98;41;0;287;0;333
98;41;0;287;0;333
98;41;0;287;0;333
98;41;0;287;0;333
99;41;0;287;0;333
99;41;0;287;0;333
99;41;0;287;0;333
27;42;0;626;0;333
28;42;0;630;0;333
29;42;0;627;0;333
30;42;0;627;0;333
35;42;0;626;0;333
36;42;0;626;0;333
44;42;0;627;0;333
51;42;0;638;0;333
55;42;0;214;0;333
56;42;0;214;0;333
57;42;0;214;0;333
58;42;0;214;0;333
59;42;0;214;0;333
60;42;0;214;0;333
61;42;0;214;0;333
66;42;0;3096;0;333
69;42;0;2832;0;333
70;42;0;639;0;333
73;42;0;629;0;333
97;42;0;623;0;333
98;42;0;287;0;333
99;42;0;287;0;333
27;43;0;626;0;333
28;43;0;626;0;333
29;43;0;630;0;333
30;43;0;629;0;333
31;43;0;629;0;333
32;43;0;629;0;333
33;43;0;627;0;333
35;43;0;626;0;333
36;43;0;626;0;333
44;43;0;627;0;333
45;43;0;627;0;333
51;43;0;634;0;333
65;43;0;691;0;333
66;43;0;632;0;333
67;43;0;632;0;333
68;43;0;632;0;333
69;43;0;636;0;333
70;43;0;683;0;333
73;43;0;629;0;333
97;43;0;623;0;333
98;43;0;287;0;333
99;43;0;287;0;333
99;43;0;622;0;333
26;44;0;623;0;333
27;44;0;287;0;333
28;44;0;287;0;333
29;44;0;287;0;333
30;44;0;630;0;333
31;44;0;629;0;333
32;44;0;629;0;333
33;44;0;623;0;333
34;44;0;287;0;333
35;44;0;622;0;333
36;44;0;626;0;333
37;44;0;626;0;333
39;44;0;629;0;333
40;44;0;626;0;333
43;44;0;626;0;333
44;44;0;628;0;333
44;44;0;629;0;333
45;44;0;628;0;333
45;44;0;629;0;333
46;44;0;627;0;333
51;44;0;634;0;333
52;44;0;275;0;333
56;44;0;1360;0;333
59;44;0;1360;0;333
63;44;0;2832;0;333
65;44;0;635;0;333
73;44;0;627;0;333
74;44;0;627;0;333
98;44;0;627;0;333
98;44;0;622;0;333
99;44;0;626;0;333
99;44;0;622;0;333
24;45;0;623;0;333
25;45;0;626;0;333
26;45;0;626;0;333
27;45;0;622;0;333
28;45;0;629;0;333
29;45;0;629;0;333
30;45;0;629;0;333
32;45;0;629;0;333
33;45;0;629;0;333
34;45;0;622;0;333
36;45;0;626;0;333
44;45;0;626;0;333
45;45;0;629;0;333
46;45;0;627;0;333
51;45;0;682;0;333
52;45;0;632;0;333
53;45;0;636;0;333
54;45;0;636;0;333
55;45;0;636;0;333
56;45;0;636;0;333
57;45;0;636;0;333
58;45;0;632;0;333
59;45;0;632;0;333
60;45;0;636;0;333
61;45;0;636;0;333
62;45;0;636;0;333
63;45;0;636;0;333
64;45;0;632;0;333
65;45;0;683;0;333
69;45;0;627;0;333
70;45;0;627;0;333
71;45;0;627;0;333
72;45;0;627;0;333
73;45;0;627;0;333
74;45;0;629;0;333
75;45;0;627;0;333
98;45;0;626;0;333
99;45;0;626;0;333
24;46;0;628;0;333
25;46;0;628;0;333
25;46;0;628;0;333
45;46;0;626;0;333
46;46;0;627;0;333
68;46;0;623;0;333
69;46;0;287;0;333
70;46;0;287;0;333
70;46;0;287;0;333
71;46;0;287;0;333
72;46;0;287;0;333
73;46;0;287;0;333
74;46;0;287;0;333
75;46;0;629;0;333
76;46;0;627;0;333
77;46;0;626;0;333
98;46;0;626;0;333
99;46;0;627;0;333
22;47;0;627;0;333
23;47;0;627;0;333
24;47;0;628;0;333
46;47;0;627;0;333
47;47;0;630;0;333
48;47;0;630;0;333
49;47;0;629;0;333
49;47;0;630;0;333
50;47;0;627;0;333
57;47;0;627;0;333
57;47;0;626;0;333
58;47;0;627;0;333
59;47;0;627;0;333
65;47;0;627;0;333
66;47;0;627;0;333
67;47;0;627;0;333
68;47;0;287;0;333
69;47;0;287;0;333
70;47;0;287;0;333
70;47;0;287;0;333
71;47;0;287;0;333
72;47;0;287;0;333
73;47;0;287;0;333
74;47;0;622;0;333
75;47;0;629;0;333
76;47;0;630;0;333
77;47;0;626;0;333
78;47;0;629;0;333
99;47;0;627;0;333
20;48;0;623;0;333
21;48;0;630;0;333
21;48;0;629;0;333
22;48;0;287;0;333
23;48;0;628;0;333
47;48;0;628;0;333
48;48;0;629;0;333
49;48;0;630;0;333
50;48;0;627;0;333
50;48;0;630;0;333
51;48;0;629;0;333
57;48;0;630;0;333
58;48;0;630;0;333
59;48;0;627;0;333
59;48;0;630;0;333
60;48;0;627;0;333
60;48;0;627;0;333
61;48;0;627;0;333
62;48;0;627;0;333
63;48;0;627;0;333
64;48;0;627;0;333
65;48;0;287;0;333
66;48;0;287;0;333
67;48;0;287;0;333
67;48;0;287;0;333
68;48;0;287;0;333
69;48;0;287;0;333
70;48;0;287;0;333
71;48;0;287;0;333
72;48;0;287;0;333
73;48;0;622;0;333
75;48;0;629;0;333
99;48;0;627;0;333
19;49;0;629;0;333
20;49;0;628;0;333
21;49;0;629;0;333
22;49;0;622;0;333
48;49;0;626;0;333
49;49;0;626;0;333
51;49;0;628;0;333
51;49;0;629;0;333
52;49;0;628;0;333
52;49;0;628;0;333
53;49;0;628;0;333
54;49;0;627;0;333
55;49;0;629;0;333
56;49;0;629;0;333
57;49;0;287;0;333
58;49;0;287;0;333
59;49;0;287;0;333
60;49;0;287;0;333
61;49;0;287;0;333
61;49;0;287;0;333
62;49;0;287;0;333
63;49;0;287;0;333
64;49;0;287;0;333
65;49;0;287;0;333
66;49;0;287;0;333
67;49;0;287;0;333
68;49;0;622;0;333
69;49;0;622;0;333
70;49;0;622;0;333
71;49;0;622;0;333
72;49;0;622;0;333
98;49;0;627;0;333
99;49;0;629;0;333
19;50;0;629;0;333
20;50;0;630;0;333
21;50;0;629;0;333
53;50;0;627;0;333
54;50;0;627;0;333
56;50;0;287;0;333
57;50;0;287;0;333
58;50;0;287;0;333
59;50;0;287;0;333
60;50;0;287;0;333
61;50;0;287;0;333
62;50;0;287;0;333
63;50;0;287;0;333
63;50;0;287;0;333
64;50;0;287;0;333
65;50;0;287;0;333
66;50;0;287;0;333
67;50;0;622;0;333
70;50;0;628;0;333
71;50;0;628;0;333
97;50;0;627;0;333
98;50;0;628;0;333
98;50;0;628;0;333
99;50;0;629;0;333
19;51;0;626;0;333
53;51;0;623;0;333
55;51;0;287;0;333
56;51;0;287;0;333
57;51;0;287;0;333
57;51;0;287;0;333
58;51;0;287;0;333
59;51;0;287;0;333
60;51;0;287;0;333
61;51;0;287;0;333
62;51;0;287;0;333
63;51;0;629;0;333
64;51;0;622;0;333
65;51;0;629;0;333
66;51;0;628;0;333
96;51;0;627;0;333
98;51;0;628;0;333
99;51;0;627;0;333
53;52;0;623;0;333
55;52;0;630;0;333
56;52;0;629;0;333
57;52;0;628;0;333
58;52;0;622;0;333
59;52;0;622;0;333
60;52;0;622;0;333
61;52;0;628;0;333
62;52;0;622;0;333
63;52;0;628;0;333
95;52;0;627;0;333
96;52;0;627;0;333
97;52;0;628;0;333
98;52;0;628;0;333
99;52;0;627;0;333
33;53;0;626;0;333
52;53;0;626;0;333
53;53;0;629;0;333
95;53;0;627;0;333
98;53;0;627;0;333
99;53;0;287;0;333
31;54;0;626;0;333
32;54;0;626;0;333
46;54;0;627;0;333
47;54;0;627;0;333
48;54;0;627;0;333
49;54;0;627;0;333
50;54;0;627;0;333
52;54;0;627;0;333
53;54;0;626;0;333
95;54;0;627;0;333
98;54;0;623;0;333
99;54;0;287;0;333
20;55;0;630;0;333
21;55;0;630;0;333
30;55;0;626;0;333
31;55;0;626;0;333
38;55;0;627;0;333
39;55;0;627;0;333
46;55;0;628;0;333
47;55;0;628;0;333
48;55;0;626;0;333
49;55;0;626;0;333
50;55;0;626;0;333
51;55;0;627;0;333
93;55;0;623;0;333
94;55;0;628;0;333
98;55;0;623;0;333
99;55;0;287;0;333
20;56;0;630;0;333
21;56;0;630;0;333
22;56;0;630;0;333
23;56;0;630;0;333
29;56;0;626;0;333
30;56;0;626;0;333
31;56;0;626;0;333
36;56;0;629;0;333
37;56;0;629;0;333
38;56;0;629;0;333
39;56;0;627;0;333
48;56;0;626;0;333
49;56;0;628;0;333
50;56;0;628;0;333
51;56;0;627;0;333
93;56;0;629;0;333
98;56;0;623;0;333
99;56;0;287;0;333
19;57;0;627;0;333
20;57;0;630;0;333
21;57;0;287;0;333
22;57;0;287;0;333
23;57;0;630;0;333
24;57;0;630;0;333
25;57;0;630;0;333
26;57;0;630;0;333
27;57;0;630;0;333
29;57;0;626;0;333
35;57;0;627;0;333
36;57;0;627;0;333
37;57;0;623;0;333
38;57;0;630;0;333
39;57;0;629;0;333
40;57;0;626;0;333
92;57;0;626;0;333
93;57;0;629;0;333
98;57;0;623;0;333
99;57;0;287;0;333
19;58;0;627;0;333
20;58;0;287;0;333
21;58;0;287;0;333
22;58;0;287;0;333
22;58;0;287;0;333
23;58;0;630;0;333
24;58;0;630;0;333
24;58;0;630;0;333
25;58;0;630;0;333
26;58;0;630;0;333
27;58;0;630;0;333
28;58;0;626;0;333
29;58;0;626;0;333
90;58;0;626;0;333
91;58;0;626;0;333
92;58;0;626;0;333
98;58;0;623;0;333
99;58;0;287;0;333
18;59;0;627;0;333
19;59;0;627;0;333
20;59;0;287;0;333
21;59;0;287;0;333
22;59;0;287;0;333
23;59;0;630;0;333
24;59;0;630;0;333
24;59;0;630;0;333
25;59;0;622;0;333
26;59;0;622;0;333
27;59;0;622;0;333
27;59;0;622;0;333
28;59;0;626;0;333
89;59;0;626;0;333
90;59;0;626;0;333
98;59;0;623;0;333
99;59;0;287;0;333
18;60;0;627;0;333
18;60;0;627;0;333
19;60;0;287;0;333
20;60;0;287;0;333
21;60;0;287;0;333
21;60;0;287;0;333
22;60;0;287;0;333
22;60;0;287;0;333
23;60;0;630;0;333
24;60;0;630;0;333
25;60;0;622;0;333
26;60;0;628;0;333
26;60;0;622;0;333
27;60;0;628;0;333
27;60;0;622;0;333
28;60;0;626;0;333
87;60;0;626;0;333
88;60;0;626;0;333
89;60;0;626;0;333
98;60;0;623;0;333
99;60;0;287;0;333
18;61;0;623;0;333
19;61;0;287;0;333
20;61;0;287;0;333
21;61;0;287;0;333
22;61;0;287;0;333
23;61;0;630;0;333
24;61;0;622;0;333
82;61;0;629;0;333
83;61;0;623;0;333
84;61;0;627;0;333
84;61;0;630;0;333
85;61;0;627;0;333
85;61;0;630;0;333
87;61;0;626;0;333
98;61;0;623;0;333
99;61;0;287;0;333
17;62;0;627;0;333
18;62;0;623;0;333
19;62;0;287;0;333
20;62;0;287;0;333
21;62;0;287;0;333
22;62;0;629;0;333
23;62;0;622;0;333
87;62;0;626;0;333
98;62;0;623;0;333
99;62;0;287;0;333
17;63;0;629;0;333
18;63;0;629;0;333
19;63;0;622;0;333
20;63;0;628;0;333
20;63;0;622;0;333
21;63;0;629;0;333
87;63;0;626;0;333
98;63;0;623;0;333
99;63;0;287;0;333
16;64;0;626;0;333
17;64;0;626;0;333
18;64;0;628;0;333
19;64;0;628;0;333
20;64;0;628;0;333
81;64;0;629;0;333
82;64;0;629;0;333
83;64;0;629;0;333
84;64;0;629;0;333
86;64;0;629;0;333
98;64;0;623;0;333
99;64;0;287;0;333
16;65;0;629;0;333
17;65;0;626;0;333
19;65;0;629;0;333
81;65;0;627;0;333
82;65;0;287;0;333
82;65;0;287;0;333
83;65;0;287;0;333
84;65;0;287;0;333
85;65;0;287;0;333
98;65;0;623;0;333
99;65;0;287;0;333
16;66;0;627;0;333
18;66;0;629;0;333
19;66;0;629;0;333
81;66;0;627;0;333
82;66;0;287;0;333
83;66;0;287;0;333
84;66;0;622;0;333
85;66;0;622;0;333
98;66;0;623;0;333
99;66;0;287;0;333
16;67;0;629;0;333
17;67;0;628;0;333
18;67;0;629;0;333
76;67;0;623;0;333
77;67;0;627;0;333
78;67;0;627;0;333
79;67;0;627;0;333
80;67;0;627;0;333
81;67;0;627;0;333
82;67;0;287;0;333
83;67;0;628;0;333
98;67;0;623;0;333
99;67;0;287;0;333
15;68;0;626;0;333
16;68;0;626;0;333
17;68;0;626;0;333
78;68;0;627;0;333
79;68;0;287;0;333
80;68;0;287;0;333
81;68;0;287;0;333
82;68;0;287;0;333
83;68;0;630;0;333
98;68;0;623;0;333
99;68;0;287;0;333
15;69;0;626;0;333
16;69;0;626;0;333
17;69;0;626;0;333
78;69;0;629;0;333
79;69;0;287;0;333
80;69;0;287;0;333
81;69;0;630;0;333
82;69;0;628;0;333
83;69;0;628;0;333
98;69;0;630;0;333
99;69;0;287;0;333
99;69;0;629;0;333
15;70;0;626;0;333
75;70;0;629;0;333
76;70;0;627;0;333
77;70;0;627;0;333
78;70;0;287;0;333
78;70;0;287;0;333
79;70;0;287;0;333
80;70;0;287;0;333
81;70;0;622;0;333
98;70;0;629;0;333
99;70;0;628;0;333
99;70;0;629;0;333
75;71;0;629;0;333
76;71;0;628;0;333
77;71;0;628;0;333
78;71;0;287;0;333
79;71;0;628;0;333
79;71;0;630;0;333
80;71;0;628;0;333
81;71;0;628;0;333
84;71;0;626;0;333
99;71;0;629;0;333
59;72;0;629;0;333
99;72;0;629;0;333
56;73;0;626;0;333
57;73;0;626;0;333
58;73;0;629;0;333
75;73;0;627;0;333
75;73;0;626;0;333
76;73;0;627;0;333
77;73;0;627;0;333
78;73;0;627;0;333
79;73;0;627;0;333
80;73;0;627;0;333
81;73;0;627;0;333
82;73;0;627;0;333
83;73;0;627;0;333
84;73;0;627;0;333
99;73;0;629;0;333
56;74;0;627;0;333
74;74;0;626;0;333
75;74;0;630;0;333
76;74;0;622;0;333
77;74;0;622;0;333
78;74;0;622;0;333
78;74;0;622;0;333
79;74;0;622;0;333
80;74;0;627;0;333
81;74;0;626;0;333
99;74;0;629;0;333
56;75;0;628;0;333
74;75;0;623;0;333
75;75;0;622;0;333
75;75;0;630;0;333
76;75;0;622;0;333
76;75;0;630;0;333
77;75;0;630;0;333
78;75;0;630;0;333
79;75;0;630;0;333
80;75;0;627;0;333
81;75;0;626;0;333
99;75;0;626;0;333
56;76;0;628;0;333
74;76;0;623;0;333
75;76;0;630;0;333
76;76;0;630;0;333
77;76;0;630;0;333
78;76;0;630;0;333
79;76;0;630;0;333
80;76;0;627;0;333
81;76;0;626;0;333
99;76;0;626;0;333
55;77;0;629;0;333
56;77;0;628;0;333
74;77;0;623;0;333
75;77;0;630;0;333
76;77;0;630;0;333
77;77;0;630;0;333
79;77;0;627;0;333
80;77;0;626;0;333
99;77;0;623;0;333
71;78;0;627;0;333
72;78;0;627;0;333
73;78;0;627;0;333
74;78;0;623;0;333
75;78;0;287;0;333
76;78;0;287;0;333
77;78;0;627;0;333
79;78;0;626;0;333
70;79;0;627;0;333
71;79;0;627;0;333
72;79;0;630;0;333
73;79;0;630;0;333
74;79;0;287;0;333
75;79;0;287;0;333
76;79;0;287;0;333
77;79;0;627;0;333
78;79;0;626;0;333
70;80;0;630;0;333
71;80;0;627;0;333
72;80;0;287;0;333
73;80;0;287;0;333
74;80;0;287;0;333
75;80;0;287;0;333
76;80;0;627;0;333
77;80;0;626;0;333
68;81;0;627;0;333
69;81;0;627;0;333
70;81;0;627;0;333
70;81;0;630;0;333
70;81;0;630;0;333
71;81;0;623;0;333
72;81;0;287;0;333
73;81;0;287;0;333
74;81;0;287;0;333
75;81;0;627;0;333
76;81;0;626;0;333
39;82;0;629;0;333
60;82;0;629;0;333
61;82;0;629;0;333
62;82;0;629;0;333
62;82;0;629;0;333
68;82;0;627;0;333
69;82;0;630;0;333
70;82;0;630;0;333
71;82;0;623;0;333
72;82;0;287;0;333
73;82;0;287;0;333
74;82;0;287;0;333
75;82;0;627;0;333
76;82;0;626;0;333
38;83;0;629;0;333
39;83;0;629;0;333
40;83;0;623;0;333
58;83;0;629;0;333
59;83;0;629;0;333
60;83;0;630;0;333
61;83;0;630;0;333
61;83;0;629;0;333
62;83;0;628;0;333
62;83;0;629;0;333
63;83;0;627;0;333
63;83;0;629;0;333
68;83;0;627;0;333
69;83;0;630;0;333
70;83;0;630;0;333
71;83;0;630;0;333
72;83;0;287;0;333
73;83;0;287;0;333
73;83;0;287;0;333
74;83;0;287;0;333
75;83;0;626;0;333
32;84;0;627;0;333
33;84;0;627;0;333
34;84;0;627;0;333
35;84;0;627;0;333
36;84;0;627;0;333
37;84;0;627;0;333
38;84;0;630;0;333
39;84;0;630;0;333
40;84;0;623;0;333
56;84;0;629;0;333
57;84;0;629;0;333
57;84;0;630;0;333
58;84;0;630;0;333
59;84;0;630;0;333
60;84;0;630;0;333
61;84;0;629;0;333
61;84;0;287;0;333
62;84;0;629;0;333
63;84;0;628;0;333
63;84;0;629;0;333
64;84;0;627;0;333
67;84;0;627;0;333
69;84;0;629;0;333
70;84;0;629;0;333
71;84;0;628;0;333
72;84;0;628;0;333
73;84;0;628;0;333
74;84;0;628;0;333
28;85;0;627;0;333
29;85;0;622;0;333
30;85;0;622;0;333
31;85;0;626;0;333
32;85;0;627;0;333
32;85;0;623;0;333
33;85;0;596;0;333
34;85;0;287;0;333
35;85;0;287;0;333
36;85;0;287;0;333
37;85;0;287;0;333
38;85;0;630;0;333
39;85;0;630;0;333
40;85;0;623;0;333
40;85;0;628;0;333
55;85;0;629;0;333
56;85;0;630;0;333
57;85;0;630;0;333
58;85;0;630;0;333
58;85;0;630;0;333
58;85;0;630;0;333
59;85;0;630;0;333
59;85;0;630;0;333
60;85;0;287;0;333
61;85;0;287;0;333
62;85;0;287;0;333
63;85;0;287;0;333
64;85;0;287;0;333
66;85;0;627;0;333
67;85;0;627;0;333
69;85;0;629;0;333
70;85;0;233;0;333
71;85;0;233;0;333
72;85;0;628;0;333
72;85;0;629;0;333
26;86;0;627;0;333
27;86;0;629;0;333
28;86;0;630;0;333
29;86;0;629;0;333
30;86;0;626;0;333
31;86;0;626;0;333
32;86;0;627;0;333
33;86;0;596;0;333
34;86;0;287;0;333
35;86;0;287;0;333
36;86;0;287;0;333
37;86;0;287;0;333
37;86;0;287;0;333
38;86;0;630;0;333
39;86;0;630;0;333
40;86;0;629;0;333
41;86;0;628;0;333
42;86;0;622;0;333
43;86;0;622;0;333
53;86;0;629;0;333
54;86;0;629;0;333
54;86;0;630;0;333
55;86;0;630;0;333
56;86;0;630;0;333
56;86;0;630;0;333
57;86;0;630;0;333
58;86;0;630;0;333
59;86;0;630;0;333
60;86;0;287;0;333
61;86;0;287;0;333
62;86;0;287;0;333
63;86;0;287;0;333
64;86;0;628;0;333
65;86;0;628;0;333
66;86;0;628;0;333
67;86;0;628;0;333
27;87;0;623;0;333
28;87;0;287;0;333
29;87;0;628;0;333
33;87;0;629;0;333
34;87;0;630;0;333
35;87;0;622;0;333
36;87;0;622;0;333
36;87;0;287;0;333
37;87;0;622;0;333
39;87;0;627;0;333
40;87;0;629;0;333
41;87;0;629;0;333
42;87;0;273;0;333
52;87;0;629;0;333
53;87;0;629;0;333
54;87;0;628;0;333
55;87;0;628;0;333
55;87;0;630;0;333
56;87;0;628;0;333
56;87;0;630;0;333
57;87;0;628;0;333
57;87;0;630;0;333
58;87;0;628;0;333
59;87;0;287;0;333
60;87;0;287;0;333
61;87;0;287;0;333
27;88;0;629;0;333
28;88;0;622;0;333
33;88;0;626;0;333
34;88;0;626;0;333
45;88;0;622;0;333
26;89;0;626;0;333
27;89;0;626;0;333
33;89;0;915;0;333
