48;0;626;333
49;0;627;333
50;0;629;333
51;0;622;333
51;0;629;333
52;0;287;333
53;0;287;333
54;0;287;333
55;0;287;333
56;0;287;333
57;0;287;333
58;0;287;333
59;0;287;333
60;0;287;333
61;0;287;333
62;0;287;333
63;0;287;333
64;0;287;333
65;0;287;333
66;0;287;333
67;0;287;333
68;0;287;333
69;0;287;333
70;0;287;333
71;0;287;333
72;0;287;333
73;0;287;333
74;0;287;333
75;0;287;333
91;0;626;333
92;0;622;333
93;0;622;333
94;0;622;333
95;0;622;333
96;0;629;333
96;0;622;333
97;0;629;333
97;0;622;333
97;0;622;333
98;0;627;333
98;0;629;333
99;0;630;333
52;1;626;333
53;1;622;333
54;1;622;333
55;1;622;333
56;1;622;333
57;1;628;333
58;1;287;333
59;1;287;333
60;1;287;333
60;1;287;333
61;1;287;333
61;1;287;333
62;1;287;333
62;1;287;333
63;1;287;333
63;1;287;333
64;1;287;333
64;1;287;333
65;1;287;333
65;1;287;333
66;1;287;333
66;1;287;333
67;1;287;333
67;1;287;333
68;1;287;333
68;1;287;333
69;1;287;333
69;1;287;333
70;1;287;333
70;1;287;333
71;1;287;333
71;1;287;333
72;1;287;333
72;1;287;333
73;1;287;333
73;1;287;333
74;1;287;333
74;1;287;333
75;1;287;333
93;1;626;333
98;1;629;333
99;1;628;333
99;1;629;333
55;2;622;333
56;2;626;333
57;2;626;333
58;2;628;333
59;2;628;333
60;2;287;333
61;2;287;333
62;2;287;333
63;2;287;333
64;2;287;333
65;2;287;333
66;2;287;333
67;2;287;333
68;2;287;333
69;2;287;333
70;2;287;333
71;2;287;333
72;2;287;333
73;2;287;333
73;2;287;333
74;2;287;333
75;2;287;333
98;2;629;333
99;2;627;333
39;3;629;333
40;3;630;333
41;3;629;333
58;3;626;333
59;3;626;333
60;3;628;333
61;3;626;333
62;3;629;333
63;3;287;333
64;3;287;333
65;3;287;333
66;3;287;333
67;3;287;333
68;3;287;333
69;3;287;333
70;3;287;333
71;3;287;333
72;3;287;333
73;3;287;333
75;3;628;333
98;3;629;333
99;3;629;333
99;3;627;333
40;4;622;333
61;4;626;333
62;4;627;333
63;4;287;333
64;4;287;333
65;4;287;333
66;4;287;333
67;4;287;333
68;4;287;333
69;4;287;333
70;4;287;333
71;4;287;333
72;4;287;333
73;4;287;333
74;4;626;333
74;4;626;333
75;4;628;333
98;4;627;333
99;4;623;333
61;5;1783;333
62;5;629;333
63;5;628;333
64;5;629;333
65;5;629;333
66;5;629;333
67;5;287;333
68;5;630;333
69;5;628;333
70;5;628;333
71;5;628;333
72;5;629;333
73;5;628;333
74;5;626;333
98;5;629;333
99;5;623;333
61;6;1783;333
62;6;627;333
63;6;628;333
63;6;630;333
64;6;630;333
66;6;629;333
67;6;626;333
68;6;626;333
69;6;626;333
70;6;626;333
71;6;626;333
99;6;623;333
61;7;626;333
62;7;627;333
63;7;628;333
63;7;626;333
64;7;628;333
65;7;626;333
66;7;626;333
67;7;626;333
68;7;626;333
69;7;626;333
70;7;626;333
99;7;629;333
42;16;627;333
43;16;629;333
43;17;629;333
44;17;622;333
45;17;622;333
46;17;622;333
47;17;622;333
48;17;629;333
48;18;627;333
48;19;623;333
49;19;628;333
50;19;628;333
51;19;628;333
53;19;627;333
78;21;627;333
58;22;1783;333
78;22;629;333
79;22;628;333
58;23;622;333
59;23;622;333
93;25;1783;333
95;25;627;333
96;25;627;333
97;25;627;333
98;25;627;333
99;25;627;333
92;26;1783;333
93;26;623;333
94;26;627;333
95;26;1813;333
97;26;1783;333
98;26;627;333
99;26;630;333
92;27;623;333
93;27;627;333
94;27;1783;333
96;27;1783;333
98;27;387;333
99;27;630;333
44;28;629;333
91;28;627;333
92;28;627;333
92;28;630;333
96;28;1817;333
97;28;273;333
98;28;627;333
99;28;630;333
18;29;629;333
19;29;629;333
20;29;629;333
21;29;629;333
43;29;626;333
44;29;630;333
91;29;627;333
97;29;2832;333
98;29;626;333
99;29;623;333
17;30;629;333
18;30;629;333
19;30;629;333
20;30;629;333
21;30;629;333
43;30;630;333
43;30;622;333
45;30;629;333
91;30;627;333
93;30;1804;333
94;30;274;333
98;30;629;333
99;30;626;333
99;30;630;333
17;31;629;333
18;31;629;333
19;31;629;333
20;31;629;333
20;31;628;333
21;31;629;333
41;31;628;333
68;31;677;333
69;31;676;333
69;31;512;333
91;31;629;333
91;31;630;333
92;31;1812;333
94;31;2169;333
96;31;51;333
98;31;627;333
99;31;596;333
99;31;626;333
16;32;629;333
18;32;629;333
18;32;623;333
19;32;629;333
20;32;629;333
20;32;628;333
21;32;629;333
21;32;628;333
41;32;626;333
42;32;629;333
68;32;678;333
69;32;679;333
91;32;629;333
98;32;626;333
99;32;623;333
16;33;629;333
18;33;629;333
19;33;629;333
20;33;629;333
20;33;629;333
21;33;629;333
21;33;628;333
42;33;626;333
91;33;629;333
93;33;1783;333
94;33;314;333
96;33;2170;333
97;33;273;333
98;33;273;333
99;33;627;333
99;33;630;333
15;34;629;333
16;34;629;333
17;34;629;333
18;34;629;333
18;34;628;333
19;34;623;333
90;34;629;333
91;34;630;333
92;34;541;333
93;34;565;333
95;34;274;333
98;34;1812;333
99;34;629;333
99;34;630;333
15;35;629;333
17;35;629;333
18;35;629;333
18;35;623;333
20;35;629;333
58;35;677;333
59;35;672;333
60;35;672;333
61;35;672;333
62;35;672;333
63;35;672;333
64;35;672;333
65;35;672;333
66;35;676;333
90;35;630;333
91;35;630;333
98;35;627;333
99;35;629;333
16;36;626;333
17;36;629;333
18;36;629;333
19;36;629;333
21;36;629;333
58;36;674;333
66;36;675;333
90;36;626;333
91;36;630;333
93;36;1782;333
95;36;1804;333
96;36;1782;333
97;36;1783;333
98;36;626;333
99;36;630;333
17;37;626;333
18;37;629;333
19;37;629;333
20;37;629;333
58;37;674;333
62;37;512;333
66;37;675;333
90;37;626;333
91;37;628;333
91;37;629;333
92;37;628;333
92;37;630;333
93;37;630;333
97;37;1783;333
99;37;630;333
58;38;674;333
66;38;675;333
93;38;629;333
93;38;630;333
98;38;627;333
99;38;630;333
58;39;674;333
66;39;675;333
93;39;629;333
94;39;622;333
95;39;622;333
96;39;627;333
96;39;630;333
97;39;627;333
98;39;627;333
99;39;630;333
58;40;678;333
59;40;673;333
60;40;673;333
61;40;673;333
62;40;673;333
63;40;673;333
64;40;673;333
65;40;673;333
66;40;679;333
97;40;623;333
98;40;623;333
99;40;630;333
98;41;622;333
99;41;622;333
69;46;629;333
70;46;627;333
70;46;629;333
68;47;627;333
69;47;630;333
70;47;629;333
71;47;628;333
65;48;626;333
66;48;626;333
67;48;629;333
64;49;629;333
65;49;627;333
66;49;626;333
99;60;627;333
99;61;626;333
73;82;629;333
62;85;629;333
34;86;623;333
35;86;287;333
36;86;626;333
