L: 70
X: 200
Y: 0
W: 50
H: 50
0;0;6;0;0
1;0;6;0;0
2;0;6;0;0
3;0;6;0;0
4;0;6;0;0
5;0;6;0;0
6;0;6;0;0
7;0;6;0;0
8;0;6;0;0
9;0;6;0;0
10;0;6;0;0
11;0;6;0;0
12;0;6;0;0
13;0;6;0;0
14;0;6;0;0
15;0;6;0;0
16;0;6;0;0
17;0;6;0;0
18;0;6;0;0
19;0;6;0;0
20;0;6;0;0
21;0;6;0;0
22;0;6;0;0
23;0;6;0;0
24;0;8454;0;0
25;0;8;0;0
26;0;8;0;0
27;0;11;0;0
28;0;11;0;0
29;0;11;0;0
30;0;11;0;0
31;0;11;0;0
32;0;11;0;0
33;0;11;0;0
34;0;11;0;0
35;0;11;0;0
36;0;11;0;0
37;0;11;0;0
38;0;11;0;0
39;0;11;0;0
40;0;11;0;0
41;0;11;0;0
42;0;11;0;0
43;0;11;0;0
44;0;11;0;0
45;0;11;0;0
46;0;11;0;0
47;0;11;0;0
48;0;11;0;0
49;0;11;0;0
0;1;6;0;0
1;1;6;0;0
2;1;6;0;0
3;1;6;0;0
4;1;6;0;0
5;1;6;0;0
6;1;6;0;0
7;1;6;0;0
8;1;6;0;0
9;1;6;0;0
10;1;6;0;0
11;1;6;0;0
12;1;6;0;0
13;1;6;0;0
14;1;6;0;0
15;1;6;0;0
16;1;6;0;0
17;1;6;0;0
18;1;6;0;0
19;1;6;0;0
20;1;6;0;0
21;1;6;0;0
22;1;6;0;0
23;1;6;0;0
24;1;12550;0;0
25;1;8;0;0
26;1;8;0;0
27;1;23912;0;0
28;1;11;0;0
29;1;11;0;0
30;1;11;0;0
31;1;11;0;0
32;1;11;0;0
33;1;11;0;0
34;1;11;0;0
35;1;11;0;0
36;1;11;0;0
37;1;11;0;0
38;1;11;0;0
39;1;25960;0;0
40;1;18792;0;0
41;1;11;0;0
42;1;11;0;0
43;1;11;0;0
44;1;11;0;0
45;1;11;0;0
46;1;11;0;0
47;1;11;0;0
48;1;11;0;0
49;1;11;0;0
0;2;6;0;0
1;2;6;0;0
2;2;6;0;0
3;2;6;0;0
4;2;6;0;0
5;2;6;0;0
6;2;6;0;0
7;2;6;0;0
8;2;6;0;0
9;2;6;0;0
10;2;6;0;0
11;2;6;0;0
12;2;6;0;0
13;2;6;0;0
14;2;6;0;0
15;2;6;0;0
16;2;6;0;0
17;2;6;0;0
18;2;6;0;0
19;2;6;0;0
20;2;6;0;0
21;2;6;0;0
22;2;6;0;0
23;2;6;0;0
24;2;24838;0;0
25;2;8;0;0
26;2;8;0;0
27;2;12648;0;0
28;2;11;0;0
29;2;11;0;0
30;2;11;0;0
31;2;11;0;0
32;2;11;0;0
33;2;11;0;0
34;2;11;0;0
35;2;11;0;0
36;2;11;0;0
37;2;11;0;0
38;2;11;0;0
39;2;20840;0;0
40;2;8;0;0
41;2;2408;0;0
42;2;18792;0;0
43;2;11;0;0
44;2;11;0;0
45;2;11;0;0
46;2;11;0;0
47;2;11;0;0
48;2;11;0;0
49;2;11;0;0
0;3;6;0;0
1;3;6;0;0
2;3;6;0;0
3;3;6;0;0
4;3;6;0;0
5;3;6;0;0
6;3;6;0;0
7;3;6;0;0
8;3;6;0;0
9;3;6;0;0
10;3;6;0;0
11;3;6;0;0
12;3;6;0;0
13;3;6;0;0
14;3;6;0;0
15;3;6;0;0
16;3;6;0;0
17;3;6;0;0
18;3;6;0;0
19;3;6;0;0
20;3;6;0;0
21;3;6;0;0
22;3;6;0;0
23;3;16646;0;0
24;3;8;0;0
25;3;8;0;0
26;3;8;0;0
27;3;7528;0;0
28;3;11;0;0
29;3;11;0;0
30;3;11;0;0
31;3;11;0;0
32;3;11;0;0
33;3;11;0;0
34;3;11;0;0
35;3;11;0;0
36;3;11;0;0
37;3;11;0;0
38;3;11;0;0
39;3;11;0;0
40;3;4456;0;0
41;3;8;0;0
42;3;8;0;0
43;3;2408;0;0
44;3;26984;0;0
45;3;11;0;0
46;3;11;0;0
47;3;11;0;0
48;3;11;0;0
49;3;11;0;0
0;4;6;0;0
1;4;6;0;0
2;4;6;0;0
3;4;6;0;0
4;4;6;0;0
5;4;6;0;0
6;4;6;0;0
7;4;6;0;0
8;4;6;0;0
9;4;6;0;0
10;4;6;0;0
11;4;6;0;0
12;4;6;0;0
13;4;6;0;0
14;4;6;0;0
15;4;6;0;0
16;4;6;0;0
17;4;6;0;0
18;4;6;0;0
19;4;6;0;0
20;4;6;0;0
21;4;6;0;0
22;4;8454;0;0
23;4;8;0;0
24;4;8;0;0
25;4;8;0;0
26;4;8;0;0
27;4;8;0;0
28;4;23912;0;0
29;4;11;0;0
30;4;11;0;0
31;4;11;0;0
32;4;11;0;0
33;4;11;0;0
34;4;11;0;0
35;4;11;0;0
36;4;11;0;0
37;4;11;0;0
38;4;11;0;0
39;4;11;0;0
40;4;28008;0;0
41;4;11624;0;0
42;4;11624;0;0
43;4;11624;0;0
44;4;29032;0;0
45;4;11;0;0
46;4;11;0;0
47;4;11;0;0
48;4;11;0;0
49;4;11;0;0
0;5;6;0;0
1;5;6;0;0
2;5;6;0;0
3;5;6;0;0
4;5;6;0;0
5;5;6;0;0
6;5;6;0;0
7;5;6;0;0
8;5;6406;0;0
9;5;11526;0;0
10;5;11526;0;0
11;5;5382;0;0
12;5;6;0;0
13;5;6;0;0
14;5;6;0;0
15;5;6;0;0
16;5;6;0;0
17;5;6;0;0
18;5;6;0;0
19;5;6;0;0
20;5;6;0;0
21;5;6;0;0
22;5;7430;0;0
23;5;8;0;0
24;5;8;0;0
25;5;8;0;0
26;5;8;0;0
27;5;8;0;0
28;5;12648;0;0
29;5;11;0;0
30;5;11;0;0
31;5;11;0;0
32;5;11;0;0
33;5;17768;0;0
34;5;9576;0;0
35;5;26984;0;0
36;5;11;0;0
37;5;11;0;0
38;5;11;0;0
39;5;11;0;0
40;5;11;0;0
41;5;11;0;0
42;5;11;0;0
43;5;11;0;0
44;5;11;0;0
45;5;11;0;0
46;5;11;0;0
47;5;11;0;0
48;5;11;0;0
49;5;11;0;0
0;6;6;0;0
1;6;6;0;0
2;6;6;0;0
3;6;6;0;0
4;6;6;0;0
5;6;6;0;0
6;6;6406;0;0
7;6;21766;0;0
8;6;8;0;0
9;6;8;0;0
10;6;8;0;0
11;6;8;0;0
12;6;4358;0;0
13;6;6;0;0
14;6;6;0;0
15;6;6;0;0
16;6;6;0;0
17;6;6;0;0
18;6;6;0;0
19;6;6;0;0
20;6;6;0;0
21;6;6;0;0
22;6;6;0;0
23;6;2310;0;0
24;6;18694;0;0
25;6;8;0;0
26;6;8;0;0
27;6;8;0;0
28;6;12648;0;0
29;6;11;0;0
30;6;11;0;0
31;6;25960;0;0
32;6;1384;0;0
33;6;8;0;0
34;6;6504;0;0
35;6;29032;0;0
36;6;11;0;0
37;6;11;0;0
38;6;11;0;0
39;6;11;0;0
40;6;11;0;0
41;6;11;0;0
42;6;11;0;0
43;6;11;0;0
44;6;11;0;0
45;6;11;0;0
46;6;11;0;0
47;6;11;0;0
48;6;11;0;0
49;6;11;0;0
0;7;6;0;0
1;7;6;0;0
2;7;6;0;0
3;7;6;0;0
4;7;6;0;0
5;7;8454;0;0
6;7;8;0;0
7;7;8;0;0
8;7;8;0;0
9;7;8;0;0
10;7;8;0;0
11;7;8;0;0
12;7;3334;0;0
13;7;6;0;0
14;7;6;0;0
15;7;6;0;0
16;7;6;0;0
17;7;6;0;0
18;7;6;0;0
19;7;6406;0;0
20;7;5382;0;0
21;7;6;0;0
22;7;6;0;0
23;7;6;0;0
24;7;6;0;0
25;7;23814;0;0
26;7;8;0;0
27;7;8;0;0
28;7;12648;0;0
29;7;11;0;0
30;7;11;0;0
31;7;10600;0;0
32;7;8;0;0
33;7;8552;0;0
34;7;11;0;0
35;7;11;0;0
36;7;11;0;0
37;7;11;0;0
38;7;11;0;0
39;7;11;0;0
40;7;17768;0;0
41;7;9576;0;0
42;7;26984;0;0
43;7;11;0;0
44;7;11;0;0
45;7;11;0;0
46;7;11;0;0
47;7;11;0;0
48;7;11;0;0
49;7;11;0;0
0;8;6;0;0
1;8;6;0;0
2;8;6;0;0
3;8;6;0;0
4;8;6;0;0
5;8;12550;0;0
6;8;8;0;0
7;8;8;0;0
8;8;8;0;0
9;8;8;0;0
10;8;8;0;0
11;8;13574;0;0
12;8;6;0;0
13;8;6;0;0
14;8;6;0;0
15;8;6;0;0
16;8;6;0;0
17;8;6;0;0
18;8;8454;0;0
19;8;8;0;0
20;8;8;0;0
21;8;4358;0;0
22;8;6;0;0
23;8;6;0;0
24;8;6;0;0
25;8;12550;0;0
26;8;8;0;0
27;8;8;0;0
28;8;7528;0;0
29;8;11;0;0
30;8;11;0;0
31;8;28008;0;0
32;8;11624;0;0
33;8;29032;0;0
34;8;11;0;0
35;8;11;0;0
36;8;11;0;0
37;8;11;0;0
38;8;25960;0;0
39;8;1384;0;0
40;8;8;0;0
41;8;8;0;0
42;8;24936;0;0
43;8;11;0;0
44;8;11;0;0
45;8;11;0;0
46;8;11;0;0
47;8;11;0;0
48;8;17768;0;0
49;8;1384;0;0
0;9;6;0;0
1;9;6;0;0
2;9;6;0;0
3;9;6;0;0
4;9;6;0;0
5;9;12550;0;0
6;9;8;0;0
7;9;8;0;0
8;9;8;0;0
9;9;8;0;0
10;9;13574;0;0
11;9;6;0;0
12;9;6;0;0
13;9;6;0;0
14;9;6;0;0
15;9;6;0;0
16;9;6;0;0
17;9;6406;0;0
18;9;28934;0;0
19;9;8;0;0
20;9;8;0;0
21;9;10502;0;0
22;9;6;0;0
23;9;6;0;0
24;9;6;0;0
25;9;24838;0;0
26;9;8;0;0
27;9;8;0;0
28;9;8;0;0
29;9;14696;0;0
30;9;11;0;0
31;9;11;0;0
32;9;11;0;0
33;9;11;0;0
34;9;11;0;0
35;9;11;0;0
36;9;11;0;0
37;9;11;0;0
38;9;20840;0;0
39;9;8;0;0
40;9;8;0;0
41;9;16744;0;0
42;9;11;0;0
43;9;11;0;0
44;9;11;0;0
45;9;11;0;0
46;9;17768;0;0
47;9;1384;0;0
48;9;8;0;0
49;9;8;0;0
0;10;6;0;0
1;10;6;0;0
2;10;6;0;0
3;10;6;0;0
4;10;6;0;0
5;10;12550;0;0
6;10;8;0;0
7;10;8;0;0
8;10;8;0;0
9;10;13574;0;0
10;10;6;0;0
11;10;6;0;0
12;10;6;0;0
13;10;6;0;0
14;10;6;0;0
15;10;6;0;0
16;10;8454;0;0
17;10;8;0;0
18;10;8;0;0
19;10;8;0;0
20;10;8;0;0
21;10;10502;0;0
22;10;6;0;0
23;10;6;0;0
24;10;8454;0;0
25;10;8;0;0
26;10;8;0;0
27;10;8;0;0
28;10;8;0;0
29;10;8;0;0
30;10;14696;0;0
31;10;11;0;0
32;10;11;0;0
33;10;11;0;0
34;10;17768;0;0
35;10;18792;0;0
36;10;11;0;0
37;10;11;0;0
38;10;11;0;0
39;10;22888;0;0
40;10;21864;0;0
41;10;11;0;0
42;10;11;0;0
43;10;17768;0;0
44;10;9576;0;0
45;10;1384;0;0
46;10;8;0;0
47;10;8;0;0
48;10;8;0;0
49;10;8;0;0
0;11;6;0;0
1;11;6;0;0
2;11;6;0;0
3;11;6;0;0
4;11;6;0;0
5;11;7430;0;0
6;11;8;0;0
7;11;8;0;0
8;11;13574;0;0
9;11;6;0;0
10;11;6;0;0
11;11;6;0;0
12;11;6;0;0
13;11;6;0;0
14;11;6;0;0
15;11;6;0;0
16;11;24838;0;0
17;11;8;0;0
18;11;8;0;0
19;11;8;0;0
20;11;8;0;0
21;11;10502;0;0
22;11;6;0;0
23;11;6;0;0
24;11;7430;0;0
25;11;8;0;0
26;11;8;0;0
27;11;8;0;0
28;11;8;0;0
29;11;8;0;0
30;11;8;0;0
31;11;2408;0;0
32;11;9576;0;0
33;11;1384;0;0
34;11;8;0;0
35;11;8;0;0
36;11;14696;0;0
37;11;11;0;0
38;11;11;0;0
39;11;11;0;0
40;11;11;0;0
41;11;11;0;0
42;11;13672;0;0
43;11;8;0;0
44;11;8;0;0
45;11;8;0;0
46;11;8;0;0
47;11;8;0;0
48;11;8;0;0
49;11;8;0;0
0;12;6;0;0
1;12;6;0;0
2;12;6;0;0
3;12;6;0;0
4;12;6;0;0
5;12;6;0;0
6;12;2310;0;0
7;12;1286;0;0
8;12;6;0;0
9;12;6;0;0
10;12;6;0;0
11;12;6;0;0
12;12;6;0;0
13;12;6;0;0
14;12;6;0;0
15;12;8454;0;0
16;12;8;0;0
17;12;8;0;0
18;12;8;0;0
19;12;8;0;0
20;12;8;0;0
21;12;10502;0;0
22;12;6;0;0
23;12;6;0;0
24;12;6;0;0
25;12;2310;0;0
26;12;18694;0;0
27;12;8;0;0
28;12;8;0;0
29;12;8;0;0
30;12;8;0;0
31;12;8;0;0
32;12;8;0;0
33;12;8;0;0
34;12;8;0;0
35;12;8;0;0
36;12;8;0;0
37;12;2408;0;0
38;12;9576;0;0
39;12;9576;0;0
40;12;9576;0;0
41;12;1384;0;0
42;12;8;0;0
43;12;6504;0;0
44;12;5480;0;0
45;12;8;0;0
46;12;8;0;0
47;12;8;0;0
48;12;8;0;0
49;12;8;0;0
0;13;6;0;0
1;13;6;0;0
2;13;6;0;0
3;13;6;0;0
4;13;6;0;0
5;13;6;0;0
6;13;6;0;0
7;13;6;0;0
8;13;6;0;0
9;13;6;0;0
10;13;6406;0;0
11;13;5382;0;0
12;13;6;0;0
13;13;6;0;0
14;13;6;0;0
15;13;12550;0;0
16;13;8;0;0
17;13;8;0;0
18;13;8;0;0
19;13;8;0;0
20;13;8;0;0
21;13;3334;0;0
22;13;6;0;0
23;13;6;0;0
24;13;6;0;0
25;13;6;0;0
26;13;6;0;0
27;13;2310;0;0
28;13;9478;0;0
29;13;9478;0;0
30;13;9478;0;0
31;13;18694;0;0
32;13;8;0;0
33;13;8;0;0
34;13;8;0;0
35;13;8;0;0
36;13;8;0;0
37;13;8;0;0
38;13;8;0;0
39;13;8;0;0
40;13;8;0;0
41;13;8;0;0
42;13;8552;0;0
43;13;11;0;0
44;13;11;0;0
45;13;15720;0;0
46;13;8;0;0
47;13;8;0;0
48;13;8;0;0
49;13;8;0;0
0;14;6;0;0
1;14;6;0;0
2;14;6;0;0
3;14;6;0;0
4;14;6;0;0
5;14;6;0;0
6;14;6;0;0
7;14;6;0;0
8;14;6;0;0
9;14;8454;0;0
10;14;8;0;0
11;14;8;0;0
12;14;4358;0;0
13;14;6;0;0
14;14;6;0;0
15;14;12550;0;0
16;14;8;0;0
17;14;8;0;0
18;14;8;0;0
19;14;17670;0;0
20;14;1286;0;0
21;14;6;0;0
22;14;6;0;0
23;14;6;0;0
24;14;6;0;0
25;14;6;0;0
26;14;6406;0;0
27;14;11526;0;0
28;14;11526;0;0
29;14;11526;0;0
30;14;5382;0;0
31;14;6;0;0
32;14;2310;0;0
33;14;9478;0;0
34;14;9478;0;0
35;14;18694;0;0
36;14;8;0;0
37;14;8;0;0
38;14;8;0;0
39;14;8;0;0
40;14;8;0;0
41;14;8;0;0
42;14;12648;0;0
43;14;11;0;0
44;14;11;0;0
45;14;11;0;0
46;14;4456;0;0
47;14;8;0;0
48;14;8;0;0
49;14;8;0;0
0;15;6;0;0
1;15;6;0;0
2;15;6;0;0
3;15;6;0;0
4;15;6;0;0
5;15;6;0;0
6;15;6;0;0
7;15;6;0;0
8;15;6;0;0
9;15;24838;0;0
10;15;8;0;0
11;15;8;0;0
12;15;10502;0;0
13;15;6;0;0
14;15;6;0;0
15;15;7430;0;0
16;15;8;0;0
17;15;8;0;0
18;15;13574;0;0
19;15;6;0;0
20;15;6;0;0
21;15;6406;0;0
22;15;5382;0;0
23;15;6;0;0
24;15;6;0;0
25;15;8454;0;0
26;15;8;0;0
27;15;8;0;0
28;15;8;0;0
29;15;8;0;0
30;15;8;0;0
31;15;4358;0;0
32;15;6;0;0
33;15;6406;0;0
34;15;5382;0;0
35;15;6;0;0
36;15;14598;0;0
37;15;8;0;0
38;15;8;0;0
39;15;8;0;0
40;15;8;0;0
41;15;8;0;0
42;15;7528;0;0
43;15;11;0;0
44;15;11;0;0
45;15;11;0;0
46;15;3432;0;0
47;15;8;0;0
48;15;8;0;0
49;15;8;0;0
0;16;6;0;0
1;16;6;0;0
2;16;6;0;0
3;16;6;0;0
4;16;6;0;0
5;16;6;0;0
6;16;6;0;0
7;16;6;0;0
8;16;8454;0;0
9;16;8;0;0
10;16;8;0;0
11;16;8;0;0
12;16;3334;0;0
13;16;6;0;0
14;16;6;0;0
15;16;6;0;0
16;16;2310;0;0
17;16;1286;0;0
18;16;6;0;0
19;16;6;0;0
20;16;8454;0;0
21;16;8;0;0
22;16;8;0;0
23;16;4358;0;0
24;16;6;0;0
25;16;7430;0;0
26;16;8;0;0
27;16;8;0;0
28;16;8;0;0
29;16;8;0;0
30;16;8;0;0
31;16;10502;0;0
32;16;8454;0;0
33;16;8;0;0
34;16;8;0;0
35;16;4358;0;0
36;16;6;0;0
37;16;14598;0;0
38;16;8;0;0
39;16;8;0;0
40;16;8;0;0
41;16;8;0;0
42;16;8;0;0
43;16;14696;0;0
44;16;11;0;0
45;16;13672;0;0
46;16;8;0;0
47;16;8;0;0
48;16;8;0;0
49;16;8;0;0
0;17;6;0;0
1;17;6;0;0
2;17;6;0;0
3;17;6;0;0
4;17;6;0;0
5;17;6;0;0
6;17;6;0;0
7;17;6;0;0
8;17;7430;0;0
9;17;8;0;0
10;17;8;0;0
11;17;13574;0;0
12;17;6;0;0
13;17;6;0;0
14;17;6;0;0
15;17;6;0;0
16;17;6;0;0
17;17;6;0;0
18;17;6;0;0
19;17;6;0;0
20;17;12550;0;0
21;17;8;0;0
22;17;8;0;0
23;17;10502;0;0
24;17;6;0;0
25;17;6;0;0
26;17;2310;0;0
27;17;9478;0;0
28;17;18694;0;0
29;17;8;0;0
30;17;8;0;0
31;17;3334;0;0
32;17;7430;0;0
33;17;8;0;0
34;17;8;0;0
35;17;3334;0;0
36;17;6;0;0
37;17;6;0;0
38;17;14598;0;0
39;17;8;0;0
40;17;8;0;0
41;17;8;0;0
42;17;8;0;0
43;17;8;0;0
44;17;8;0;0
45;17;8;0;0
46;17;8;0;0
47;17;8;0;0
48;17;8;0;0
49;17;8;0;0
0;18;6;0;0
1;18;6;0;0
2;18;6;0;0
3;18;6;0;0
4;18;6;0;0
5;18;6;0;0
6;18;6;0;0
7;18;6;0;0
8;18;6;0;0
9;18;2310;0;0
10;18;1286;0;0
11;18;6;0;0
12;18;6;0;0
13;18;6;0;0
14;18;6406;0;0
15;18;11526;0;0
16;18;5382;0;0
17;18;6;0;0
18;18;6;0;0
19;18;6;0;0
20;18;7430;0;0
21;18;8;0;0
22;18;8;0;0
23;18;3334;0;0
24;18;6;0;0
25;18;6;0;0
26;18;6;0;0
27;18;6;0;0
28;18;6;0;0
29;18;2310;0;0
30;18;1286;0;0
31;18;6;0;0
32;18;6;0;0
33;18;2310;0;0
34;18;1286;0;0
35;18;6;0;0
36;18;6;0;0
37;18;6;0;0
38;18;6;0;0
39;18;14598;0;0
40;18;8;0;0
41;18;8;0;0
42;18;8;0;0
43;18;8;0;0
44;18;8;0;0
45;18;8;0;0
46;18;8;0;0
47;18;8;0;0
48;18;8;0;0
49;18;8;0;0
0;19;6;0;0
1;19;6;0;0
2;19;6;0;0
3;19;6;0;0
4;19;6;0;0
5;19;6;0;0
6;19;6;0;0
7;19;6;0;0
8;19;6;0;0
9;19;6;0;0
10;19;6;0;0
11;19;6;0;0
12;19;6;0;0
13;19;8454;0;0
14;19;8;0;0
15;19;8;0;0
16;19;8;0;0
17;19;4358;0;0
18;19;6;0;0
19;19;6;0;0
20;19;6;0;0
21;19;2310;0;0
22;19;1286;0;0
23;19;6;0;0
24;19;6;0;0
25;19;6406;0;0
26;19;21766;0;0
27;19;8;0;0
28;19;22790;0;0
29;19;11526;0;0
30;19;11526;0;0
31;19;11526;0;0
32;19;11526;0;0
33;19;11526;0;0
34;19;11526;0;0
35;19;11526;0;0
36;19;11526;0;0
37;19;11526;0;0
38;19;5382;0;0
39;19;6;0;0
40;19;2310;0;0
41;19;18694;0;0
42;19;8;0;0
43;19;8;0;0
44;19;17670;0;0
45;19;18694;0;0
46;19;8;0;0
47;19;8;0;0
48;19;17670;0;0
49;19;1286;0;0
0;20;6;0;0
1;20;6;0;0
2;20;6;0;0
3;20;6;0;0
4;20;6;0;0
5;20;6;0;0
6;20;6;0;0
7;20;6;0;0
8;20;6;0;0
9;20;6;0;0
10;20;6;0;0
11;20;6;0;0
12;20;6;0;0
13;20;12550;0;0
14;20;8;0;0
15;20;8;0;0
16;20;8;0;0
17;20;27910;0;0
18;20;5382;0;0
19;20;6;0;0
20;20;6;0;0
21;20;6;0;0
22;20;6;0;0
23;20;6406;0;0
24;20;21766;0;0
25;20;8;0;0
26;20;8;0;0
27;20;8;0;0
28;20;8;0;0
29;20;8;0;0
30;20;8;0;0
31;20;8;0;0
32;20;8;0;0
33;20;8;0;0
34;20;8;0;0
35;20;8;0;0
36;20;8;0;0
37;20;8;0;0
38;20;8;0;0
39;20;4358;0;0
40;20;6;0;0
41;20;6;0;0
42;20;2310;0;0
43;20;1286;0;0
44;20;6;0;0
45;20;6;0;0
46;20;2310;0;0
47;20;1286;0;0
48;20;6;0;0
49;20;6;0;0
0;21;6;0;0
1;21;6;0;0
2;21;6;0;0
3;21;6;0;0
4;21;6;0;0
5;21;6;0;0
6;21;6;0;0
7;21;6;0;0
8;21;6;0;0
9;21;6;0;0
10;21;6;0;0
11;21;6;0;0
12;21;6;0;0
13;21;24838;0;0
14;21;8;0;0
15;21;8;0;0
16;21;8;0;0
17;21;8;0;0
18;21;8;0;0
19;21;4358;0;0
20;21;6;0;0
21;21;6;0;0
22;21;8454;0;0
23;21;8;0;0
24;21;8;0;0
25;21;8;0;0
26;21;8;0;0
27;21;8;0;0
28;21;8;0;0
29;21;8;0;0
30;21;8;0;0
31;21;8;0;0
32;21;8;0;0
33;21;8;0;0
34;21;8;0;0
35;21;8;0;0
36;21;8;0;0
37;21;8;0;0
38;21;8;0;0
39;21;3334;0;0
40;21;6;0;0
41;21;6;0;0
42;21;6;0;0
43;21;6406;0;0
44;21;11526;0;0
45;21;11526;0;0
46;21;11526;0;0
47;21;11526;0;0
48;21;11526;0;0
49;21;5382;0;0
0;22;6;0;0
1;22;6;0;0
2;22;6;0;0
3;22;6;0;0
4;22;6;0;0
5;22;6;0;0
6;22;6;0;0
7;22;6;0;0
8;22;6;0;0
9;22;6;0;0
10;22;6;0;0
11;22;6;0;0
12;22;8454;0;0
13;22;8;0;0
14;22;8;0;0
15;22;8;0;0
16;22;8;0;0
17;22;8;0;0
18;22;8;0;0
19;22;10502;0;0
20;22;6;0;0
21;22;6;0;0
22;22;7430;0;0
23;22;8;0;0
24;22;8;0;0
25;22;8;0;0
26;22;8;0;0
27;22;8;0;0
28;22;8;0;0
29;22;8;0;0
30;22;8;0;0
31;22;8;0;0
32;22;8;0;0
33;22;8;0;0
34;22;8;0;0
35;22;17670;0;0
36;22;9478;0;0
37;22;9478;0;0
38;22;1286;0;0
39;22;6;0;0
40;22;6406;0;0
41;22;11526;0;0
42;22;21766;0;0
43;22;8;0;0
44;22;8;0;0
45;22;8;0;0
46;22;8;0;0
47;22;8;0;0
48;22;8;0;0
49;22;8;0;0
0;23;6;0;0
1;23;6;0;0
2;23;6;0;0
3;23;6;0;0
4;23;6;0;0
5;23;6;0;0
6;23;6;0;0
7;23;6;0;0
8;23;6;0;0
9;23;6;0;0
10;23;6;0;0
11;23;6;0;0
12;23;12550;0;0
13;23;8;0;0
14;23;8;0;0
15;23;8;0;0
16;23;8;0;0
17;23;8;0;0
18;23;8;0;0
19;23;3334;0;0
20;23;6;0;0
21;23;6;0;0
22;23;6;0;0
23;23;2310;0;0
24;23;9478;0;0
25;23;26886;0;0
26;23;8;0;0
27;23;8;0;0
28;23;8;0;0
29;23;8;0;0
30;23;8;0;0
31;23;8;0;0
32;23;8;0;0
33;23;8;0;0
34;23;13574;0;0
35;23;6;0;0
36;23;6406;0;0
37;23;11526;0;0
38;23;11526;0;0
39;23;21766;0;0
40;23;8;0;0
41;23;8;0;0
42;23;8;0;0
43;23;8;0;0
44;23;8;0;0
45;23;8;0;0
46;23;8;0;0
47;23;8;0;0
48;23;8;0;0
49;23;8;0;0
0;24;6;0;0
1;24;6;0;0
2;24;6;0;0
3;24;6;0;0
4;24;6;0;0
5;24;6;0;0
6;24;6;0;0
7;24;6;0;0
8;24;6;0;0
9;24;6;0;0
10;24;6;0;0
11;24;6;0;0
12;24;12550;0;0
13;24;8;0;0
14;24;8;0;0
15;24;8;0;0
16;24;8;0;0
17;24;17670;0;0
18;24;1286;0;0
19;24;6;0;0
20;24;6406;0;0
21;24;5382;0;0
22;24;6;0;0
23;24;6;0;0
24;24;6;0;0
25;24;12550;0;0
26;24;8;0;0
27;24;8;0;0
28;24;8;0;0
29;24;8;0;0
30;24;8;0;0
31;24;8;0;0
32;24;17670;0;0
33;24;1286;0;0
34;24;6;0;0
35;24;16646;0;0
36;24;8;0;0
37;24;8;0;0
38;24;8;0;0
39;24;8;0;0
40;24;8;0;0
41;24;8;0;0
42;24;8;0;0
43;24;8;0;0
44;24;8;0;0
45;24;8;0;0
46;24;8;0;0
47;24;17670;0;0
48;24;26886;0;0
49;24;8;0;0
0;25;6;0;0
1;25;6;0;0
2;25;6;0;0
3;25;6;0;0
4;25;6;0;0
5;25;6;0;0
6;25;6;0;0
7;25;6;0;0
8;25;6;0;0
9;25;6;0;0
10;25;6;0;0
11;25;6;0;0
12;25;12550;0;0
13;25;8;0;0
14;25;8;0;0
15;25;8;0;0
16;25;13574;0;0
17;25;6;0;0
18;25;6;0;0
19;25;8454;0;0
20;25;8;0;0
21;25;8;0;0
22;25;15622;0;0
23;25;6;0;0
24;25;6;0;0
25;25;7430;0;0
26;25;8;0;0
27;25;8;0;0
28;25;17670;0;0
29;25;9478;0;0
30;25;9478;0;0
31;25;1286;0;0
32;25;6;0;0
33;25;6406;0;0
34;25;21766;0;0
35;25;8;0;0
36;25;8;0;0
37;25;8;0;0
38;25;8;0;0
39;25;8;0;0
40;25;8;0;0
41;25;8;0;0
42;25;8;0;0
43;25;8;0;0
44;25;8;0;0
45;25;8;0;0
46;25;19718;0;0
47;25;6;0;0
48;25;24838;0;0
49;25;8;0;0
0;26;6;0;0
1;26;6;0;0
2;26;6;0;0
3;26;6;0;0
4;26;6;0;0
5;26;6;0;0
6;26;6;0;0
7;26;6;0;0
8;26;6;0;0
9;26;6;0;0
10;26;6;0;0
11;26;6;0;0
12;26;7430;0;0
13;26;8;0;0
14;26;8;0;0
15;26;13574;0;0
16;26;6;0;0
17;26;6;0;0
18;26;6;0;0
19;26;7430;0;0
20;26;8;0;0
21;26;8;0;0
22;26;8;0;0
23;26;4358;0;0
24;26;6;0;0
25;26;6;0;0
26;26;2310;0;0
27;26;1286;0;0
28;26;6;0;0
29;26;6406;0;0
30;26;11526;0;0
31;26;11526;0;0
32;26;21766;0;0
33;26;8;0;0
34;26;8;0;0
35;26;8;0;0
36;26;8;0;0
37;26;8;0;0
38;26;8;0;0
39;26;8;0;0
40;26;8;0;0
41;26;8;0;0
42;26;6632;0;0
43;26;11752;0;0
44;26;5608;0;0
45;26;8;0;0
46;26;27910;0;0
47;26;21766;0;0
48;26;8;0;0
49;26;8;0;0
0;27;6;0;0
1;27;6;0;0
2;27;6;0;0
3;27;6;0;0
4;27;6;0;0
5;27;6;0;0
6;27;6;0;0
7;27;6;0;0
8;27;6;0;0
9;27;6;0;0
10;27;6;0;0
11;27;6;0;0
12;27;6;0;0
13;27;2310;0;0
14;27;1286;0;0
15;27;6;0;0
16;27;6;0;0
17;27;6;0;0
18;27;6;0;0
19;27;6;0;0
20;27;14598;0;0
21;27;8;0;0
22;27;8;0;0
23;27;3334;0;0
24;27;6;0;0
25;27;6;0;0
26;27;6;0;0
27;27;6406;0;0
28;27;21766;0;0
29;27;8;0;0
30;27;8;0;0
31;27;8;0;0
32;27;8;0;0
33;27;8;0;0
34;27;8;0;0
35;27;8;0;0
36;27;8;0;0
37;27;8;0;0
38;27;8;0;0
39;27;8;0;0
40;27;8;0;0
41;27;8680;0;0
42;27;15;0;0
43;27;15;0;0
44;27;15;0;0
45;27;4584;0;0
46;27;8;0;0
47;27;8;0;0
48;27;8;0;0
49;27;8;0;0
0;28;6;0;0
1;28;6;0;0
2;28;6;0;0
3;28;6;0;0
4;28;6;0;0
5;28;6;0;0
6;28;6;0;0
7;28;6;0;0
8;28;6;0;0
9;28;6;0;0
10;28;6;0;0
11;28;6;0;0
12;28;6;0;0
13;28;6;0;0
14;28;6;0;0
15;28;6;0;0
16;28;6;0;0
17;28;6;0;0
18;28;6;0;0
19;28;6;0;0
20;28;6;0;0
21;28;2310;0;0
22;28;1286;0;0
23;28;6;0;0
24;28;6;0;0
25;28;6406;0;0
26;28;21766;0;0
27;28;8;0;0
28;28;8;0;0
29;28;8;0;0
30;28;8;0;0
31;28;8;0;0
32;28;6504;0;0
33;28;5480;0;0
34;28;8;0;0
35;28;8;0;0
36;28;8;0;0
37;28;8;0;0
38;28;8;0;0
39;28;8;0;0
40;28;8;0;0
41;28;12776;0;0
42;28;15;0;0
43;28;15;0;0
44;28;15;0;0
45;28;10728;0;0
46;28;8;0;0
47;28;8;0;0
48;28;6504;0;0
49;28;5480;0;0
0;29;6;0;0
1;29;6;0;0
2;29;6;0;0
3;29;6;0;0
4;29;6;0;0
5;29;6;0;0
6;29;6;0;0
7;29;6;0;0
8;29;6;0;0
9;29;6;0;0
10;29;6;0;0
11;29;6;0;0
12;29;6;0;0
13;29;6;0;0
14;29;6;0;0
15;29;6;0;0
16;29;6;0;0
17;29;6;0;0
18;29;6406;0;0
19;29;5382;0;0
20;29;6;0;0
21;29;6;0;0
22;29;6;0;0
23;29;6;0;0
24;29;8454;0;0
25;29;8;0;0
26;29;8;0;0
27;29;8;0;0
28;29;8;0;0
29;29;8;0;0
30;29;8;0;0
31;29;16744;0;0
32;29;11;0;0
33;29;11;0;0
34;29;4456;0;0
35;29;8;0;0
36;29;8;0;0
37;29;8;0;0
38;29;17670;0;0
39;29;9478;0;0
40;29;26886;0;0
41;29;7656;0;0
42;29;15;0;0
43;29;15;0;0
44;29;15;0;0
45;29;3560;0;0
46;29;8;0;0
47;29;8552;0;0
48;29;11;0;0
49;29;11;0;0
0;30;6;0;0
1;30;6;0;0
2;30;6;0;0
3;30;6;0;0
4;30;6;0;0
5;30;6;0;0
6;30;6;0;0
7;30;6;0;0
8;30;6;0;0
9;30;6;0;0
10;30;6;0;0
11;30;6;0;0
12;30;6;0;0
13;30;6;0;0
14;30;6;0;0
15;30;6;0;0
16;30;6;0;0
17;30;8454;0;0
18;30;8;0;0
19;30;8;0;0
20;30;15622;0;0
21;30;6;0;0
22;30;6;0;0
23;30;6;0;0
24;30;7430;0;0
25;30;8;0;0
26;30;8;0;0
27;30;8;0;0
28;30;8;0;0
29;30;8;0;0
30;30;8552;0;0
31;30;11;0;0
32;30;11;0;0
33;30;11;0;0
34;30;3432;0;0
35;30;25862;0;0
36;30;9478;0;0
37;30;1286;0;0
38;30;6;0;0
39;30;6406;0;0
40;30;28934;0;0
41;30;8;0;0
42;30;2536;0;0
43;30;9704;0;0
44;30;1512;0;0
45;30;8;0;0
46;30;8;0;0
47;30;24936;0;0
48;30;11;0;0
49;30;11;0;0
0;31;6;0;0
1;31;6;0;0
2;31;6;0;0
3;31;6;0;0
4;31;6;0;0
5;31;6;0;0
6;31;6;0;0
7;31;6;0;0
8;31;6;0;0
9;31;6;0;0
10;31;6;0;0
11;31;6406;0;0
12;31;11526;0;0
13;31;5382;0;0
14;31;6;0;0
15;31;6;0;0
16;31;6;0;0
17;31;7430;0;0
18;31;8;0;0
19;31;8;0;0
20;31;8;0;0
21;31;4358;0;0
22;31;6;0;0
23;31;6;0;0
24;31;6;0;0
25;31;23814;0;0
26;31;8;0;0
27;31;8;0;0
28;31;8;0;0
29;31;8;0;0
30;31;12648;0;0
31;31;11;0;0
32;31;11;0;0
33;31;19816;0;0
34;31;8;0;0
35;31;27910;0;0
36;31;11526;0;0
37;31;11526;0;0
38;31;21766;0;0
39;31;8;0;0
40;31;8;0;0
41;31;8;0;0
42;31;6504;0;0
43;31;5480;0;0
44;31;8;0;0
45;31;8;0;0
46;31;8552;0;0
47;31;11;0;0
48;31;11;0;0
49;31;11;0;0
0;32;6;0;0
1;32;6;0;0
2;32;6;0;0
3;32;6;0;0
4;32;6;0;0
5;32;6;0;0
6;32;6;0;0
7;32;6;0;0
8;32;6;0;0
9;32;6406;0;0
10;32;21766;0;0
11;32;8;0;0
12;32;8;0;0
13;32;8;0;0
14;32;4358;0;0
15;32;6;0;0
16;32;6;0;0
17;32;6;0;0
18;32;23814;0;0
19;32;8;0;0
20;32;8;0;0
21;32;27910;0;0
22;32;5382;0;0
23;32;6;0;0
24;32;6;0;0
25;32;7430;0;0
26;32;8;0;0
27;32;8;0;0
28;32;8;0;0
29;32;8;0;0
30;32;7528;0;0
31;32;11;0;0
32;32;11;0;0
33;32;3432;0;0
34;32;8;0;0
35;32;8;0;0
36;32;8;0;0
37;32;8;0;0
38;32;8;0;0
39;32;8;0;0
40;32;6504;0;0
41;32;21864;0;0
42;32;11;0;0
43;32;11;0;0
44;32;4456;0;0
45;32;8;0;0
46;32;7528;0;0
47;32;11;0;0
48;32;11;0;0
49;32;11;0;0
0;33;6;0;0
1;33;6;0;0
2;33;6;0;0
3;33;6;0;0
4;33;6;0;0
5;33;6;0;0
6;33;6;0;0
7;33;6;0;0
8;33;8454;0;0
9;33;8;0;0
10;33;8;0;0
11;33;8;0;0
12;33;8;0;0
13;33;8;0;0
14;33;3334;0;0
15;33;6;0;0
16;33;6;0;0
17;33;6;0;0
18;33;7430;0;0
19;33;8;0;0
20;33;8;0;0
21;33;8;0;0
22;33;8;0;0
23;33;4358;0;0
24;33;6;0;0
25;33;6;0;0
26;33;23814;0;0
27;33;8;0;0
28;33;8;0;0
29;33;8;0;0
30;33;8;0;0
31;33;2408;0;0
32;33;1384;0;0
33;33;8;0;0
34;33;8;0;0
35;33;8;0;0
36;33;8;0;0
37;33;8;0;0
38;33;8;0;0
39;33;8552;0;0
40;33;11;0;0
41;33;11;0;0
42;33;11;0;0
43;33;11;0;0
44;33;3432;0;0
45;33;8;0;0
46;33;8;0;0
47;33;14696;0;0
48;33;11;0;0
49;33;11;0;0
0;34;6;0;0
1;34;6;0;0
2;34;6;0;0
3;34;6;0;0
4;34;6;0;0
5;34;6;0;0
6;34;6;0;0
7;34;6;0;0
8;34;7430;0;0
9;34;8;0;0
10;34;8;0;0
11;34;8;0;0
12;34;17670;0;0
13;34;1286;0;0
14;34;6;0;0
15;34;6;0;0
16;34;6;0;0
17;34;6;0;0
18;34;6;0;0
19;34;2310;0;0
20;34;18694;0;0
21;34;8;0;0
22;34;8;0;0
23;34;3334;0;0
24;34;6;0;0
25;34;6406;0;0
26;34;28934;0;0
27;34;8;0;0
28;34;8;0;0
29;34;8;0;0
30;34;8;0;0
31;34;8;0;0
32;34;8;0;0
33;34;8;0;0
34;34;8;0;0
35;34;8;0;0
36;34;8;0;0
37;34;8;0;0
38;34;8;0;0
39;34;7528;0;0
40;34;11;0;0
41;34;11;0;0
42;34;17768;0;0
43;34;1384;0;0
44;34;8;0;0
45;34;8;0;0
46;34;8;0;0
47;34;8;0;0
48;34;2408;0;0
49;34;1384;0;0
0;35;6;0;0
1;35;6;0;0
2;35;6;0;0
3;35;6;0;0
4;35;6;0;0
5;35;6;0;0
6;35;6;0;0
7;35;6;0;0
8;35;6;0;0
9;35;2310;0;0
10;35;9478;0;0
11;35;1286;0;0
12;35;6;0;0
13;35;6;0;0
14;35;6;0;0
15;35;6;0;0
16;35;6406;0;0
17;35;5382;0;0
18;35;6;0;0
19;35;6;0;0
20;35;6;0;0
21;35;2310;0;0
22;35;1286;0;0
23;35;6;0;0
24;35;8454;0;0
25;35;8;0;0
26;35;8;0;0
27;35;8;0;0
28;35;8;0;0
29;35;8;0;0
30;35;8;0;0
31;35;8;0;0
32;35;8;0;0
33;35;8;0;0
34;35;8;0;0
35;35;8;0;0
36;35;8;0;0
37;35;8;0;0
38;35;8;0;0
39;35;8;0;0
40;35;2408;0;0
41;35;1384;0;0
42;35;8;0;0
43;35;8;0;0
44;35;8;0;0
45;35;8;0;0
46;35;8;0;0
47;35;8;0;0
48;35;8;0;0
49;35;8;0;0
0;36;6;0;0
1;36;6;0;0
2;36;6;0;0
3;36;6;0;0
4;36;6;0;0
5;36;6;0;0
6;36;6;0;0
7;36;6;0;0
8;36;6;0;0
9;36;6;0;0
10;36;6;0;0
11;36;6;0;0
12;36;6;0;0
13;36;6;0;0
14;36;6;0;0
15;36;16646;0;0
16;36;8;0;0
17;36;8;0;0
18;36;4358;0;0
19;36;6;0;0
20;36;6;0;0
21;36;6;0;0
22;36;6;0;0
23;36;6;0;0
24;36;7430;0;0
25;36;8;0;0
26;36;8;0;0
27;36;8;0;0
28;36;8;0;0
29;36;8;0;0
30;36;8;0;0
31;36;8;0;0
32;36;8;0;0
33;36;8;0;0
34;36;8;0;0
35;36;8;0;0
36;36;8;0;0
37;36;8;0;0
38;36;17670;0;0
39;36;9478;0;0
40;36;9478;0;0
41;36;9478;0;0
42;36;18694;0;0
43;36;8;0;0
44;36;8;0;0
45;36;8;0;0
46;36;8;0;0
47;36;8;0;0
48;36;8;0;0
49;36;8;0;0
0;37;6;0;0
1;37;6;0;0
2;37;6;0;0
3;37;6;0;0
4;37;6;0;0
5;37;6;0;0
6;37;6;0;0
7;37;6;0;0
8;37;6;0;0
9;37;6;0;0
10;37;6;0;0
11;37;6;0;0
12;37;6;0;0
13;37;6;0;0
14;37;8454;0;0
15;37;8;0;0
16;37;8;0;0
17;37;8;0;0
18;37;3334;0;0
19;37;6;0;0
20;37;6;0;0
21;37;6;0;0
22;37;6;0;0
23;37;6;0;0
24;37;6;0;0
25;37;2310;0;0
26;37;9478;0;0
27;37;9478;0;0
28;37;9478;0;0
29;37;9478;0;0
30;37;9478;0;0
31;37;18694;0;0
32;37;8;0;0
33;37;8;0;0
34;37;8;0;0
35;37;8;0;0
36;37;8;0;0
37;37;13574;0;0
38;37;6;0;0
39;37;6406;0;0
40;37;11526;0;0
41;37;5382;0;0
42;37;6;0;0
43;37;2310;0;0
44;37;18694;0;0
45;37;8;0;0
46;37;8;0;0
47;37;8;0;0
48;37;8;0;0
49;37;8;0;0
0;38;6;0;0
1;38;6;0;0
2;38;6;0;0
3;38;6;0;0
4;38;6;0;0
5;38;6;0;0
6;38;6;0;0
7;38;6;0;0
8;38;6;0;0
9;38;6;0;0
10;38;6;0;0
11;38;6;0;0
12;38;6;0;0
13;38;6;0;0
14;38;7430;0;0
15;38;8;0;0
16;38;8;0;0
17;38;13574;0;0
18;38;6;0;0
19;38;6;0;0
20;38;6;0;0
21;38;6;0;0
22;38;6;0;0
23;38;6;0;0
24;38;6;0;0
25;38;6406;0;0
26;38;11526;0;0
27;38;11526;0;0
28;38;5382;0;0
29;38;6;0;0
30;38;6;0;0
31;38;6;0;0
32;38;2310;0;0
33;38;9478;0;0
34;38;9478;0;0
35;38;9478;0;0
36;38;1286;0;0
37;38;6;0;0
38;38;8454;0;0
39;38;8;0;0
40;38;8;0;0
41;38;8;0;0
42;38;22790;0;0
43;38;5382;0;0
44;38;6;0;0
45;38;2310;0;0
46;38;9478;0;0
47;38;9478;0;0
48;38;9478;0;0
49;38;1286;0;0
0;39;6;0;0
1;39;6;0;0
2;39;6;0;0
3;39;6;0;0
4;39;6;0;0
5;39;6;0;0
6;39;6;0;0
7;39;6;0;0
8;39;6;0;0
9;39;6;0;0
10;39;6;0;0
11;39;6;0;0
12;39;6;0;0
13;39;6;0;0
14;39;6;0;0
15;39;2310;0;0
16;39;1286;0;0
17;39;6;0;0
18;39;6;0;0
19;39;6;0;0
20;39;6;0;0
21;39;6;0;0
22;39;6;0;0
23;39;6406;0;0
24;39;21766;0;0
25;39;8;0;0
26;39;8;0;0
27;39;8;0;0
28;39;8;0;0
29;39;22790;0;0
30;39;11526;0;0
31;39;5382;0;0
32;39;6;0;0
33;39;6;0;0
34;39;6;0;0
35;39;6;0;0
36;39;6;0;0
37;39;6;0;0
38;39;7430;0;0
39;39;8;0;0
40;39;8;0;0
41;39;8;0;0
42;39;8;0;0
43;39;8;0;0
44;39;22790;0;0
45;39;11526;0;0
46;39;11526;0;0
47;39;11526;0;0
48;39;11526;0;0
49;39;5382;0;0
0;40;6;0;0
1;40;6;0;0
2;40;6;0;0
3;40;6;0;0
4;40;6;0;0
5;40;6;0;0
6;40;6;0;0
7;40;6;0;0
8;40;6;0;0
9;40;6;0;0
10;40;6;0;0
11;40;6;0;0
12;40;6;0;0
13;40;6406;0;0
14;40;11526;0;0
15;40;5382;0;0
16;40;6;0;0
17;40;6;0;0
18;40;6;0;0
19;40;6;0;0
20;40;6;0;0
21;40;6;0;0
22;40;16646;0;0
23;40;8;0;0
24;40;8;0;0
25;40;8;0;0
26;40;8;0;0
27;40;8;0;0
28;40;8;0;0
29;40;8;0;0
30;40;8;0;0
31;40;8;0;0
32;40;4358;0;0
33;40;6;0;0
34;40;6;0;0
35;40;6406;0;0
36;40;11526;0;0
37;40;5382;0;0
38;40;6;0;0
39;40;2310;0;0
40;40;18694;0;0
41;40;8;0;0
42;40;8;0;0
43;40;8;0;0
44;40;8;0;0
45;40;8;0;0
46;40;8;0;0
47;40;8;0;0
48;40;8;0;0
49;40;8;0;0
0;41;6;0;0
1;41;6;0;0
2;41;6;0;0
3;41;6;0;0
4;41;6;0;0
5;41;6;0;0
6;41;6;0;0
7;41;6;0;0
8;41;6;0;0
9;41;6;0;0
10;41;6;0;0
11;41;6;0;0
12;41;16646;0;0
13;41;8;0;0
14;41;8;0;0
15;41;8;0;0
16;41;4358;0;0
17;41;6;0;0
18;41;6;0;0
19;41;6;0;0
20;41;6;0;0
21;41;8454;0;0
22;41;8;0;0
23;41;8;0;0
24;41;8;0;0
25;41;8;0;0
26;41;8;0;0
27;41;8;0;0
28;41;8;0;0
29;41;8;0;0
30;41;8;0;0
31;41;8;0;0
32;41;3334;0;0
33;41;6;0;0
34;41;16646;0;0
35;41;8;0;0
36;41;8;0;0
37;41;8;0;0
38;41;22790;0;0
39;41;5382;0;0
40;41;6;0;0
41;41;2310;0;0
42;41;18694;0;0
43;41;8;0;0
44;41;8;0;0
45;41;8;0;0
46;41;8;0;0
47;41;8;0;0
48;41;8;0;0
49;41;8;0;0
0;42;6;0;0
1;42;6;0;0
2;42;6;0;0
3;42;6;0;0
4;42;6;0;0
5;42;6;0;0
6;42;6;0;0
7;42;6;0;0
8;42;6;0;0
9;42;6;0;0
10;42;6406;0;0
11;42;21766;0;0
12;42;8;0;0
13;42;8;0;0
14;42;8;0;0
15;42;8;0;0
16;42;3334;0;0
17;42;6;0;0
18;42;6;0;0
19;42;6;0;0
20;42;6;0;0
21;42;12550;0;0
22;42;8;0;0
23;42;8;0;0
24;42;8;0;0
25;42;8;0;0
26;42;8;0;0
27;42;8;0;0
28;42;8;0;0
29;42;8;0;0
30;42;17670;0;0
31;42;1286;0;0
32;42;6;0;0
33;42;16646;0;0
34;42;8;0;0
35;42;8;0;0
36;42;8;0;0
37;42;8;0;0
38;42;8;0;0
39;42;8;0;0
40;42;22790;0;0
41;42;5382;0;0
42;42;6;0;0
43;42;2310;0;0
44;42;18694;0;0
45;42;8;0;0
46;42;8;0;0
47;42;8;0;0
48;42;8;0;0
49;42;8;0;0
0;43;6;0;0
1;43;6;0;0
2;43;6;0;0
3;43;6;0;0
4;43;6;0;0
5;43;6;0;0
6;43;6;0;0
7;43;6;0;0
8;43;6;0;0
9;43;8454;0;0
10;43;8;0;0
11;43;8;0;0
12;43;8;0;0
13;43;8;0;0
14;43;8;0;0
15;43;13574;0;0
16;43;6;0;0
17;43;6;0;0
18;43;6;0;0
19;43;6;0;0
20;43;6;0;0
21;43;7430;0;0
22;43;8;0;0
23;43;8;0;0
24;43;8;0;0
25;43;8;0;0
26;43;8;0;0
27;43;8;0;0
28;43;17670;0;0
29;43;1286;0;0
30;43;6;0;0
31;43;6406;0;0
32;43;21766;0;0
33;43;8;0;0
34;43;8;0;0
35;43;8;0;0
36;43;8;0;0
37;43;8;0;0
38;43;8;0;0
39;43;8;0;0
40;43;8;0;0
41;43;8;0;0
42;43;22790;0;0
43;43;5382;0;0
44;43;6;0;0
45;43;2310;0;0
46;43;9478;0;0
47;43;18694;0;0
48;43;8;0;0
49;43;8;0;0
0;44;6;0;0
1;44;6;0;0
2;44;6;0;0
3;44;6;0;0
4;44;6;0;0
5;44;6;0;0
6;44;6;0;0
7;44;6;0;0
8;44;6;0;0
9;44;7430;0;0
10;44;8;0;0
11;44;8;0;0
12;44;8;0;0
13;44;17670;0;0
14;44;1286;0;0
15;44;6;0;0
16;44;6;0;0
17;44;6;0;0
18;44;6;0;0
19;44;6;0;0
20;44;6;0;0
21;44;6;0;0
22;44;14598;0;0
23;44;8;0;0
24;44;8;0;0
25;44;8;0;0
26;44;8;0;0
27;44;19718;0;0
28;44;6;0;0
29;44;6406;0;0
30;44;21766;0;0
31;44;8;0;0
32;44;8;0;0
33;44;8;0;0
34;44;8;0;0
35;44;8;0;0
36;44;8;0;0
37;44;8;0;0
38;44;8;0;0
39;44;8;0;0
40;44;8;0;0
41;44;8;0;0
42;44;8;0;0
43;44;8;0;0
44;44;22790;0;0
45;44;11526;0;0
46;44;5382;0;0
47;44;6;0;0
48;44;2310;0;0
49;44;1286;0;0
0;45;6;0;0
1;45;6;0;0
2;45;6;0;0
3;45;6;0;0
4;45;6;0;0
5;45;6;0;0
6;45;6;0;0
7;45;6;0;0
8;45;6;0;0
9;45;6;0;0
10;45;2310;0;0
11;45;9478;0;0
12;45;1286;0;0
13;45;6;0;0
14;45;6;0;0
15;45;6;0;0
16;45;6;0;0
17;45;6;0;0
18;45;6;0;0
19;45;6;0;0
20;45;6;0;0
21;45;6;0;0
22;45;6;0;0
23;45;14598;0;0
24;45;8;0;0
25;45;8;0;0
26;45;8;0;0
27;45;3334;0;0
28;45;8454;0;0
29;45;8;0;0
30;45;8;0;0
31;45;8;0;0
32;45;8;0;0
33;45;8;0;0
34;45;8;0;0
35;45;8;0;0
36;45;8;0;0
37;45;17670;0;0
38;45;26886;0;0
39;45;8;0;0
40;45;8;0;0
41;45;6504;0;0
42;45;5480;0;0
43;45;8;0;0
44;45;8;0;0
45;45;8;0;0
46;45;8;0;0
47;45;22790;0;0
48;45;11526;0;0
49;45;5382;0;0
0;46;6;0;0
1;46;6;0;0
2;46;6;0;0
3;46;6;0;0
4;46;6;0;0
5;46;6;0;0
6;46;6;0;0
7;46;6;0;0
8;46;6;0;0
9;46;6;0;0
10;46;6;0;0
11;46;6;0;0
12;46;6;0;0
13;46;6;0;0
14;46;6;0;0
15;46;6;0;0
16;46;6;0;0
17;46;6;0;0
18;46;6;0;0
19;46;6;0;0
20;46;6;0;0
21;46;6;0;0
22;46;6;0;0
23;46;6;0;0
24;46;2310;0;0
25;46;9478;0;0
26;46;1286;0;0
27;46;6;0;0
28;46;24838;0;0
29;46;8;0;0
30;46;8;0;0
31;46;8;0;0
32;46;8;0;0
33;46;8;0;0
34;46;8;0;0
35;46;25862;0;0
36;46;1286;0;0
37;46;6;0;0
38;46;24838;0;0
39;46;8;0;0
40;46;8552;0;0
41;46;11;0;0
42;46;11;0;0
43;46;15720;0;0
44;46;8;0;0
45;46;8;0;0
46;46;8;0;0
47;46;8;0;0
48;46;8;0;0
49;46;8;0;0
0;47;6;0;0
1;47;6;0;0
2;47;6;0;0
3;47;6;0;0
4;47;6;0;0
5;47;6;0;0
6;47;6;0;0
7;47;6;0;0
8;47;6;0;0
9;47;6;0;0
10;47;6;0;0
11;47;6;0;0
12;47;6;0;0
13;47;6;0;0
14;47;6;0;0
15;47;6;0;0
16;47;6;0;0
17;47;6;0;0
18;47;6;0;0
19;47;6;0;0
20;47;6;0;0
21;47;6;0;0
22;47;6;0;0
23;47;6;0;0
24;47;6;0;0
25;47;6406;0;0
26;47;11526;0;0
27;47;21766;0;0
28;47;8;0;0
29;47;8;0;0
30;47;8;0;0
31;47;8;0;0
32;47;8;0;0
33;47;8;0;0
34;47;8;0;0
35;47;27910;0;0
36;47;11526;0;0
37;47;21766;0;0
38;47;8;0;0
39;47;8;0;0
40;47;7528;0;0
41;47;11;0;0
42;47;11;0;0
43;47;11;0;0
44;47;4456;0;0
45;47;8;0;0
46;47;8;0;0
47;47;8;0;0
48;47;8;0;0
49;47;8;0;0
0;48;6;0;0
1;48;6;0;0
2;48;6;0;0
3;48;6;0;0
4;48;6;0;0
5;48;6;0;0
6;48;6;0;0
7;48;6;0;0
8;48;6;0;0
9;48;6;0;0
10;48;6;0;0
11;48;6;0;0
12;48;6;0;0
13;48;6;0;0
14;48;6;0;0
15;48;6;0;0
16;48;6;0;0
17;48;6;0;0
18;48;6;0;0
19;48;6;0;0
20;48;6;0;0
21;48;6;0;0
22;48;6;0;0
23;48;6;0;0
24;48;8454;0;0
25;48;8;0;0
26;48;8;0;0
27;48;8;0;0
28;48;8;0;0
29;48;8;0;0
30;48;8;0;0
31;48;8;0;0
32;48;8;0;0
33;48;8;0;0
34;48;8;0;0
35;48;8;0;0
36;48;8;0;0
37;48;8;0;0
38;48;8;0;0
39;48;8;0;0
40;48;8;0;0
41;48;14696;0;0
42;48;11;0;0
43;48;11;0;0
44;48;3432;0;0
45;48;8;0;0
46;48;8;0;0
47;48;8;0;0
48;48;8;0;0
49;48;8;0;0
0;49;6;0;0
1;49;6;0;0
2;49;6;0;0
3;49;6;0;0
4;49;6;0;0
5;49;6;0;0
6;49;6;0;0
7;49;6;0;0
8;49;6;0;0
9;49;6;0;0
10;49;6;0;0
11;49;6;0;0
12;49;6;0;0
13;49;6;0;0
14;49;6;0;0
15;49;6;0;0
16;49;6;0;0
17;49;6;0;0
18;49;6;0;0
19;49;6;0;0
20;49;6;0;0
21;49;6;0;0
22;49;6;0;0
23;49;6;0;0
24;49;7430;0;0
25;49;8;0;0
26;49;8;0;0
27;49;8;0;0
28;49;8;0;0
29;49;8;0;0
30;49;8;0;0
31;49;8;0;0
32;49;8;0;0
33;49;8;0;0
34;49;8;0;0
35;49;8;0;0
36;49;8;0;0
37;49;8;0;0
38;49;8;0;0
39;49;8;0;0
40;49;8;0;0
41;49;8;0;0
42;49;2408;0;0
43;49;1384;0;0
44;49;8;0;0
45;49;8;0;0
46;49;8;0;0
47;49;8;0;0
48;49;8;0;0
49;49;8;0;0
