V: 2
L: 31080
X: -500
Y: -500
W: 70
H: 70
0;0;42;0
1;0;42;0
2;0;42;0
3;0;42;0
4;0;42;0
5;0;42;0
6;0;42;0
7;0;42;0
8;0;42;0
9;0;42;0
10;0;42;0
11;0;42;0
12;0;42;0
13;0;42;0
14;0;42;0
15;0;42;0
16;0;42;0
17;0;42;0
18;0;42;0
19;0;42;0
20;0;42;0
21;0;42;0
22;0;42;0
23;0;42;0
24;0;42;0
25;0;42;0
26;0;42;0
27;0;42;0
28;0;42;0
29;0;42;0
30;0;42;0
31;0;42;0
32;0;42;0
33;0;42;0
34;0;42;0
35;0;42;0
36;0;42;0
37;0;42;0
38;0;42;0
39;0;42;0
40;0;42;0
41;0;42;0
42;0;42;0
43;0;42;0
44;0;42;0
45;0;42;0
46;0;42;0
47;0;42;0
48;0;42;0
49;0;42;0
50;0;42;0
51;0;42;0
52;0;42;0
53;0;42;0
54;0;42;0
55;0;42;0
56;0;42;0
57;0;42;0
58;0;42;0
59;0;42;0
60;0;42;0
61;0;42;0
62;0;42;0
63;0;42;0
64;0;42;0
65;0;42;0
66;0;42;0
67;0;42;0
68;0;42;0
69;0;42;0
0;1;42;0
1;1;8;0
2;1;8;0
3;1;8;0
4;1;8;0
5;1;8;0
6;1;8;0
7;1;8;0
8;1;8;0
9;1;8;0
10;1;8;0
11;1;8;0
12;1;8;0
13;1;8;0
14;1;8;0
15;1;8;0
16;1;8;0
17;1;8;0
18;1;8;0
19;1;8;0
20;1;8;0
21;1;8;0
22;1;8;0
23;1;8;0
24;1;8;0
25;1;8;0
26;1;8;0
27;1;8;0
28;1;8;0
29;1;8;0
30;1;8;0
31;1;8;0
32;1;8;0
33;1;8;0
34;1;8;0
35;1;8;0
36;1;8;0
37;1;8;0
38;1;8;0
39;1;8;0
40;1;8;0
41;1;8;0
42;1;8;0
43;1;8;0
44;1;8;0
45;1;8;0
46;1;8;0
47;1;8;0
48;1;8;0
49;1;8;0
50;1;8;0
51;1;8;0
52;1;8;0
53;1;8;0
54;1;8;0
55;1;8;0
56;1;8;0
57;1;8;0
58;1;8;0
59;1;8;0
60;1;8;0
61;1;8;0
62;1;8;0
63;1;8;0
64;1;8;0
65;1;8;0
66;1;8;0
67;1;8;0
68;1;8;0
69;1;42;0
0;2;42;0
1;2;8;0
2;2;8;0
3;2;8;0
4;2;8;0
5;2;8;0
6;2;8;0
7;2;8;0
8;2;8;0
9;2;8;0
10;2;8;0
11;2;8;0
12;2;8;0
13;2;8;0
14;2;8;0
15;2;8;0
16;2;8;0
17;2;8;0
18;2;8;0
19;2;8;0
20;2;8;0
21;2;8;0
22;2;8;0
23;2;8;0
24;2;8;0
25;2;8;0
26;2;8;0
27;2;8;0
28;2;8;0
29;2;8;0
30;2;8;0
31;2;8;0
32;2;8;0
33;2;8;0
34;2;8;0
35;2;8;0
36;2;8;0
37;2;8;0
38;2;8;0
39;2;8;0
40;2;8;0
41;2;8;0
42;2;8;0
43;2;8;0
44;2;8;0
45;2;8;0
46;2;8;0
47;2;8;0
48;2;8;0
49;2;8;0
50;2;8;0
51;2;8;0
52;2;8;0
53;2;8;0
54;2;8;0
55;2;8;0
56;2;8;0
57;2;8;0
58;2;8;0
59;2;8;0
60;2;8;0
61;2;8;0
62;2;8;0
63;2;8;0
64;2;8;0
65;2;8;0
66;2;8;0
67;2;8;0
68;2;8;0
69;2;42;0
0;3;42;0
1;3;8;0
2;3;8;0
3;3;8;0
4;3;8;0
5;3;8;0
6;3;8;0
7;3;8;0
8;3;8;0
9;3;8;0
10;3;8;0
11;3;8;0
12;3;8;0
13;3;8;0
14;3;8;0
15;3;8;0
16;3;8;0
17;3;8;0
18;3;8;0
19;3;8;0
20;3;8;0
21;3;8;0
22;3;8;0
23;3;8;0
24;3;8;0
25;3;8;0
26;3;8;0
27;3;8;0
28;3;8;0
29;3;8;0
30;3;8;0
31;3;8;0
32;3;8;0
33;3;8;0
34;3;8;0
35;3;8;0
36;3;8;0
37;3;8;0
38;3;8;0
39;3;8;0
40;3;8;0
41;3;8;0
42;3;8;0
43;3;8;0
44;3;8;0
45;3;8;0
46;3;8;0
47;3;8;0
48;3;8;0
49;3;8;0
50;3;8;0
51;3;8;0
52;3;8;0
53;3;8;0
54;3;8;0
55;3;8;0
56;3;8;0
57;3;8;0
58;3;8;0
59;3;8;0
60;3;8;0
61;3;8;0
62;3;8;0
63;3;8;0
64;3;8;0
65;3;8;0
66;3;8;0
67;3;8;0
68;3;8;0
69;3;42;0
0;4;42;0
1;4;8;0
2;4;8;0
3;4;8;0
4;4;8;0
5;4;8;0
6;4;8;0
7;4;8;0
8;4;8;0
9;4;8;0
10;4;8;0
11;4;8;0
12;4;8;0
13;4;8;0
14;4;8;0
15;4;8;0
16;4;8;0
17;4;8;0
18;4;8;0
19;4;8;0
20;4;8;0
21;4;8;0
22;4;8;0
23;4;8;0
24;4;8;0
25;4;8;0
26;4;8;0
27;4;8;0
28;4;8;0
29;4;8;0
30;4;8;0
31;4;8;0
32;4;8;0
33;4;8;0
34;4;8;0
35;4;8;0
36;4;8;0
37;4;8;0
38;4;8;0
39;4;8;0
40;4;8;0
41;4;8;0
42;4;8;0
43;4;8;0
44;4;8;0
45;4;8;0
46;4;8;0
47;4;8;0
48;4;8;0
49;4;8;0
50;4;8;0
51;4;6632;0
52;4;11752;0
53;4;5608;0
54;4;8;0
55;4;8;0
56;4;8;0
57;4;8;0
58;4;8;0
59;4;8;0
60;4;8;0
61;4;8;0
62;4;8;0
63;4;8;0
64;4;8;0
65;4;8;0
66;4;8;0
67;4;8;0
68;4;8;0
69;4;42;0
0;5;42;0
1;5;8;0
2;5;8;0
3;5;8;0
4;5;8;0
5;5;8;0
6;5;8;0
7;5;8;0
8;5;8;0
9;5;8;0
10;5;8;0
11;5;8;0
12;5;8;0
13;5;8680;0
14;5;15;0
15;5;15848;0
16;5;8;0
17;5;8;0
18;5;8;0
19;5;8;0
20;5;8;0
21;5;8;0
22;5;6632;0
23;5;11752;0
24;5;11752;0
25;5;11752;0
26;5;11752;0
27;5;5608;0
28;5;8;0
29;5;8;0
30;5;8;0
31;5;8;0
32;5;8;0
33;5;8;0
34;5;8;0
35;5;8;0
36;5;8;0
37;5;8;0
38;5;8;0
39;5;8;0
40;5;8;0
41;5;8;0
42;5;8;0
43;5;8;0
44;5;8;0
45;5;8;0
46;5;8;0
47;5;8;0
48;5;8;0
49;5;8;0
50;5;8;0
51;5;15;0
52;5;15;0
53;5;15;0
54;5;15848;0
55;5;8;0
56;5;8;0
57;5;8;0
58;5;8;0
59;5;8;0
60;5;8;0
61;5;8;0
62;5;8;0
63;5;8;0
64;5;8;0
65;5;8;0
66;5;8;0
67;5;8;0
68;5;8;0
69;5;42;0
0;6;42;0
1;6;8;0
2;6;8;0
3;6;8;0
4;6;8;0
5;6;8;0
6;6;8;0
7;6;8;0
8;6;8;0
9;6;8;0
10;6;8;0
11;6;8;0
12;6;8;0
13;6;12776;0
14;6;15;0
15;6;15;0
16;6;4584;0
17;6;8;0
18;6;8;0
19;6;8;0
20;6;8;0
21;6;8;0
22;6;15;0
23;6;15;0
24;6;15;0
25;6;15;0
26;6;15;0
27;6;15;0
28;6;23016;0
29;6;5608;0
30;6;8;0
31;6;8;0
32;6;8;0
33;6;8;0
34;6;8;0
35;6;8;0
36;6;8;0
37;6;8;0
38;6;8;0
39;6;8;0
40;6;8;0
41;6;8;0
42;6;8;0
43;6;8;0
44;6;8;0
45;6;8;0
46;6;8;0
47;6;8;0
48;6;8;0
49;6;8;0
50;6;8;0
51;6;3330;0
52;6;18914;0
53;6;15;0
54;6;15;0
55;6;8;0
56;6;25863;0
57;6;9479;0
58;6;9479;0
59;6;9479;0
60;6;9479;0
61;6;18695;0
62;6;8;0
63;6;8;0
64;6;8;0
65;6;8;0
66;6;8;0
67;6;8;0
68;6;8;0
69;6;42;0
0;7;42;0
1;7;8;0
2;7;8;0
3;7;8;0
4;7;8;0
5;7;8;0
6;7;8;0
7;7;8;0
8;7;8;0
9;7;8;0
10;7;8;0
11;7;8;0
12;7;8;0
13;7;25064;0
14;7;15;0
15;7;15;0
16;7;10728;0
17;7;8;0
18;7;8;0
19;7;8;0
20;7;8;0
21;7;8;0
22;7;2536;0
23;7;9704;0
24;7;9704;0
25;7;9704;0
26;7;27112;0
27;7;15;0
28;7;15;0
29;7;15;0
30;7;4584;0
31;7;8;0
32;7;8;0
33;7;8;0
34;7;8;0
35;7;8;0
36;7;8;0
37;7;8;0
38;7;8;0
39;7;8;0
40;7;8;0
41;7;8;0
42;7;8;0
43;7;8;0
44;7;8;0
45;7;8;0
46;7;8;0
47;7;8;0
48;7;8;0
49;7;8;0
50;7;19714;0
51;7;2;0
52;7;2;0
53;7;2530;0
54;7;7426;0
55;7;8;0
56;7;3335;0
57;7;7;0
58;7;7;0
59;7;7;0
60;7;7;0
61;7;7;0
62;7;23815;0
63;7;8;0
64;7;8;0
65;7;8;0
66;7;8;0
67;7;8;0
68;7;8;0
69;7;42;0
0;8;42;0
1;8;8;0
2;8;8;0
3;8;8;0
4;8;8;0
5;8;8;0
6;8;8;0
7;8;8;0
8;8;8;0
9;8;8;0
10;8;8;0
11;8;8;0
12;8;8680;0
13;8;15;0
14;8;15;0
15;8;15;0
16;8;3560;0
17;8;8;0
18;8;8;0
19;8;8;0
20;8;8;0
21;8;8;0
22;8;8;0
23;8;8;0
24;8;8;0
25;8;8;0
26;8;12776;0
27;8;15;0
28;8;15;0
29;8;15;0
30;8;28136;0
31;8;11752;0
32;8;11752;0
33;8;5608;0
34;8;8;0
35;8;8;0
36;8;8;0
37;8;8;0
38;8;8;0
39;8;17666;0
40;8;9474;0
41;8;9474;0
42;8;18690;0
43;8;8;0
44;8;8;0
45;8;8;0
46;8;8;0
47;8;8;0
48;8;8;0
49;8;8;0
50;8;27906;0
51;8;11522;0
52;8;5378;0
53;8;2;0
54;8;2;0
55;8;2;0
56;8;7;0
57;8;7;0
58;8;7;0
59;8;7;0
60;8;7;0
61;8;7;0
62;8;12551;0
63;8;8;0
64;8;8;0
65;8;8;0
66;8;8;0
67;8;8;0
68;8;8;0
69;8;42;0
0;9;42;0
1;9;8;0
2;9;8;0
3;9;8;0
4;9;8;0
5;9;8;0
6;9;8;0
7;9;8;0
8;9;8;0
9;9;8;0
10;9;8;0
11;9;8;0
12;9;7656;0
13;9;15;0
14;9;17896;0
15;9;1512;0
16;9;8;0
17;9;8;0
18;9;8;0
19;9;8;0
20;9;8;0
21;9;8;0
22;9;8;0
23;9;8;0
24;9;8;0
25;9;8;0
26;9;7656;0
27;9;15;0
28;9;15;0
29;9;15;0
30;9;15;0
31;9;15;0
32;9;15;0
33;9;15;0
34;9;8;0
35;9;8;0
36;9;8;0
37;9;8;0
38;9;19714;0
39;9;2;0
40;9;2;0
41;9;2;0
42;9;2;0
43;9;23810;0
44;9;8;0
45;9;8;0
46;9;8;0
47;9;8;0
48;9;8;0
49;9;8;0
50;9;8;0
51;9;8;0
52;9;8;0
53;9;15618;0
54;9;17479;0
55;9;1095;0
56;9;7;0
57;9;7;0
58;9;7;0
59;9;7;0
60;9;7;0
61;9;7;0
62;9;12551;0
63;9;8;0
64;9;8;0
65;9;8;0
66;9;8;0
67;9;8;0
68;9;8;0
69;9;42;0
0;10;42;0
1;10;8;0
2;10;8;0
3;10;8;0
4;10;8;0
5;10;8;0
6;10;8;0
7;10;8;0
8;10;8;0
9;10;8;0
10;10;8;0
11;10;8;0
12;10;8;0
13;10;8;0
14;10;8;0
15;10;8;0
16;10;8;0
17;10;8;0
18;10;8;0
19;10;8;0
20;10;8;0
21;10;8;0
22;10;8;0
23;10;8;0
24;10;8;0
25;10;8;0
26;10;8;0
27;10;2536;0
28;10;9704;0
29;10;27112;0
30;10;15;0
31;10;15;0
32;10;26088;0
33;10;1512;0
34;10;8;0
35;10;8;0
36;10;8;0
37;10;8;0
38;10;10498;0
39;10;2;0
40;10;2;0
41;10;2;0
42;10;2;0
43;10;12546;0
44;10;8;0
45;10;8;0
46;10;8;0
47;10;8;0
48;10;8;0
49;10;8;0
50;10;8;0
51;10;8;0
52;10;8;0
53;10;8;0
54;10;22791;0
55;10;5383;0
56;10;7;0
57;10;7;0
58;10;7;0
59;10;7;0
60;10;7;0
61;10;7;0
62;10;12551;0
63;10;8;0
64;10;8;0
65;10;8;0
66;10;8;0
67;10;8;0
68;10;8;0
69;10;42;0
0;11;42;0
1;11;8;0
2;11;8;0
3;11;8;0
4;11;8;0
5;11;8;0
6;11;8;0
7;11;8;0
8;11;8;0
9;11;8;0
10;11;8;0
11;11;8;0
12;11;8;0
13;11;8;0
14;11;8;0
15;11;8;0
16;11;8;0
17;11;8;0
18;11;8;0
19;11;8;0
20;11;8;0
21;11;8;0
22;11;8;0
23;11;8;0
24;11;8;0
25;11;8;0
26;11;8;0
27;11;8;0
28;11;8;0
29;11;7656;0
30;11;15;0
31;11;15;0
32;11;3560;0
33;11;8;0
34;11;8;0
35;11;8;0
36;11;8;0
37;11;8;0
38;11;20738;0
39;11;2;0
40;11;2;0
41;11;6402;0
42;11;11522;0
43;11;28930;0
44;11;8;0
45;11;8;0
46;11;8;0
47;11;8;0
48;11;8;0
49;11;8;0
50;11;8;0
51;11;8;0
52;11;8;0
53;11;8;0
54;11;8;0
55;11;8;0
56;11;4359;0
57;11;7;0
58;11;7;0
59;11;7;0
60;11;7;0
61;11;7;0
62;11;12551;0
63;11;8;0
64;11;8;0
65;11;8;0
66;11;8;0
67;11;8;0
68;11;8;0
69;11;42;0
0;12;42;0
1;12;8;0
2;12;8;0
3;12;8;0
4;12;8;0
5;12;8;0
6;12;8;0
7;12;8;0
8;12;8;0
9;12;8;0
10;12;8;0
11;12;8;0
12;12;8;0
13;12;8;0
14;12;8;0
15;12;8;0
16;12;8;0
17;12;8;0
18;12;8;0
19;12;8;0
20;12;8;0
21;12;8;0
22;12;8;0
23;12;17671;0
24;12;26887;0
25;12;8;0
26;12;8;0
27;12;8;0
28;12;8;0
29;12;8;0
30;12;2536;0
31;12;1512;0
32;12;8;0
33;12;8;0
34;12;8;0
35;12;8;0
36;12;8;0
37;12;8;0
38;12;8;0
39;12;22786;0
40;12;21762;0
41;12;8;0
42;12;8;0
43;12;8;0
44;12;8;0
45;12;8;0
46;12;8;0
47;12;8;0
48;12;8;0
49;12;8;0
50;12;8;0
51;12;8;0
52;12;8;0
53;12;8;0
54;12;8;0
55;12;8;0
56;12;27911;0
57;12;11527;0
58;12;11527;0
59;12;11527;0
60;12;11527;0
61;12;11527;0
62;12;28935;0
63;12;8;0
64;12;8;0
65;12;8;0
66;12;8;0
67;12;8;0
68;12;8;0
69;12;42;0
0;13;42;0
1;13;8;0
2;13;8;0
3;13;8;0
4;13;8;0
5;13;8;0
6;13;8;0
7;13;8;0
8;13;8;0
9;13;8;0
10;13;8;0
11;13;8;0
12;13;8;0
13;13;8;0
14;13;8;0
15;13;8;0
16;13;8;0
17;13;8;0
18;13;8;0
19;13;8;0
20;13;25863;0
21;13;9479;0
22;13;1287;0
23;13;7;0
24;13;24839;0
25;13;8;0
26;13;8;0
27;13;8;0
28;13;8;0
29;13;8;0
30;13;8;0
31;13;8;0
32;13;8;0
33;13;8;0
34;13;8;0
35;13;8;0
36;13;8;0
37;13;8;0
38;13;8;0
39;13;8;0
40;13;6632;0
41;13;11752;0
42;13;5608;0
43;13;8;0
44;13;8;0
45;13;8;0
46;13;8;0
47;13;8;0
48;13;8;0
49;13;8;0
50;13;8;0
51;13;8;0
52;13;8;0
53;13;8;0
54;13;8;0
55;13;8;0
56;13;8;0
57;13;8;0
58;13;8;0
59;13;8;0
60;13;8;0
61;13;8;0
62;13;8;0
63;13;8;0
64;13;8;0
65;13;8;0
66;13;8;0
67;13;8;0
68;13;8;0
69;13;42;0
0;14;42;0
1;14;8;0
2;14;8;0
3;14;8;0
4;14;8;0
5;14;8;0
6;14;8;0
7;14;8;0
8;14;8;0
9;14;8;0
10;14;8;0
11;14;8;0
12;14;8;0
13;14;8;0
14;14;8;0
15;14;8;0
16;14;8;0
17;14;8;0
18;14;8;0
19;14;8;0
20;14;10503;0
21;14;7;0
22;14;7;0
23;14;7;0
24;14;8;0
25;14;8;0
26;14;8;0
27;14;8;0
28;14;8;0
29;14;8;0
30;14;8;0
31;14;8;0
32;14;8;0
33;14;8;0
34;14;8;0
35;14;8;0
36;14;8;0
37;14;8;0
38;14;8;0
39;14;8680;0
40;14;15;0
41;14;15;0
42;14;15;0
43;14;4584;0
44;14;8;0
45;14;8;0
46;14;8;0
47;14;8;0
48;14;8;0
49;14;8;0
50;14;8;0
51;14;8;0
52;14;8;0
53;14;8;0
54;14;8;0
55;14;8;0
56;14;8;0
57;14;8;0
58;14;8;0
59;14;8;0
60;14;8;0
61;14;8;0
62;14;8;0
63;14;8;0
64;14;8;0
65;14;8;0
66;14;8;0
67;14;8;0
68;14;8;0
69;14;42;0
0;15;42;0
1;15;8;0
2;15;8;0
3;15;8;0
4;15;8;0
5;15;8;0
6;15;8;0
7;15;8;0
8;15;8;0
9;15;8;0
10;15;8;0
11;15;8;0
12;15;8;0
13;15;8;0
14;15;8;0
15;15;8;0
16;15;8;0
17;15;8;0
18;15;8;0
19;15;8;0
20;15;3335;0
21;15;7;0
22;15;7;0
23;15;7;0
24;15;23815;0
25;15;8;0
26;15;8;0
27;15;8;0
28;15;8;0
29;15;8;0
30;15;8;0
31;15;8;0
32;15;8;0
33;15;8;0
34;15;8;0
35;15;8;0
36;15;8;0
37;15;8;0
38;15;8;0
39;15;25064;0
40;15;15;0
41;15;15;0
42;15;15;0
43;15;10728;0
44;15;8;0
45;15;8;0
46;15;8;0
47;15;8;0
48;15;8;0
49;15;8;0
50;15;8;0
51;15;8;0
52;15;8;0
53;15;8;0
54;15;8;0
55;15;8;0
56;15;8;0
57;15;25858;0
58;15;26882;0
59;15;8;0
60;15;8;0
61;15;8;0
62;15;8;0
63;15;8;0
64;15;8;0
65;15;8;0
66;15;8;0
67;15;8;0
68;15;8;0
69;15;42;0
0;16;42;0
1;16;8;0
2;16;8;0
3;16;8;0
4;16;8;0
5;16;8;0
6;16;8;0
7;16;8;0
8;16;8;0
9;16;8;0
10;16;8;0
11;16;8;0
12;16;8;0
13;16;8;0
14;16;8;0
15;16;8;0
16;16;8;0
17;16;8;0
18;16;8;0
19;16;19719;0
20;16;7;0
21;16;7;0
22;16;7;0
23;16;7;0
24;16;24839;0
25;16;8;0
26;16;8;0
27;16;8;0
28;16;8;0
29;16;8;0
30;16;8;0
31;16;8;0
32;16;8;0
33;16;8;0
34;16;8;0
35;16;8;0
36;16;8;0
37;16;8;0
38;16;8680;0
39;16;15;0
40;16;15;0
41;16;15;0
42;16;15;0
43;16;3560;0
44;16;8;0
45;16;8;0
46;16;8;0
47;16;8;0
48;16;8;0
49;16;8;0
50;16;8;0
51;16;8;0
52;16;8;0
53;16;8;0
54;16;8;0
55;16;8;0
56;16;8;0
57;16;3330;0
58;16;12546;0
59;16;8;0
60;16;8;0
61;16;8;0
62;16;8;0
63;16;8;0
64;16;8;0
65;16;8;0
66;16;8;0
67;16;8;0
68;16;8;0
69;16;42;0
0;17;42;0
1;17;8;0
2;17;8;0
3;17;8;0
4;17;8;0
5;17;8;0
6;17;8;0
7;17;8;0
8;17;8;0
9;17;8;0
10;17;8;0
11;17;8;0
12;17;8;0
13;17;8;0
14;17;8;0
15;17;8;0
16;17;8;0
17;17;8;0
18;17;8;0
19;17;20743;0
20;17;7;0
21;17;7;0
22;17;7;0
23;17;8455;0
24;17;8;0
25;17;8;0
26;17;8;0
27;17;8;0
28;17;8;0
29;17;8;0
30;17;8;0
31;17;8;0
32;17;8;0
33;17;8;0
34;17;8;0
35;17;8;0
36;17;8;0
37;17;6632;0
38;17;29160;0
39;17;15;0
40;17;15;0
41;17;17896;0
42;17;1512;0
43;17;8;0
44;17;8;0
45;17;8;0
46;17;8;0
47;17;8;0
48;17;8;0
49;17;8;0
50;17;8;0
51;17;8;0
52;17;8;0
53;17;8;0
54;17;8;0
55;17;8;0
56;17;19714;0
57;17;2;0
58;17;12546;0
59;17;8;0
60;17;8;0
61;17;8;0
62;17;8;0
63;17;8;0
64;17;8;0
65;17;8;0
66;17;8;0
67;17;8;0
68;17;8;0
69;17;42;0
0;18;42;0
1;18;8;0
2;18;8;0
3;18;8;0
4;18;8;0
5;18;8;0
6;18;8;0
7;18;8;0
8;18;8;0
9;18;8;0
10;18;8;0
11;18;8;0
12;18;8;0
13;18;8;0
14;18;8;0
15;18;8;0
16;18;8;0
17;18;8;0
18;18;8;0
19;18;8;0
20;18;4359;0
21;18;7;0
22;18;7;0
23;18;12551;0
24;18;8;0
25;18;8;0
26;18;8;0
27;18;8;0
28;18;8;0
29;18;8;0
30;18;8;0
31;18;8;0
32;18;8;0
33;18;8;0
34;18;8;0
35;18;8;0
36;18;8;0
37;18;15;0
38;18;15;0
39;18;15;0
40;18;13800;0
41;18;8;0
42;18;8;0
43;18;8;0
44;18;8;0
45;18;8;0
46;18;8;0
47;18;8;0
48;18;8;0
49;18;8;0
50;18;8;0
51;18;8;0
52;18;8;0
53;18;8;0
54;18;8;0
55;18;6632;0
56;18;3330;0
57;18;2;0
58;18;12546;0
59;18;8;0
60;18;8;0
61;18;8;0
62;18;8;0
63;18;8;0
64;18;8;0
65;18;8;0
66;18;8;0
67;18;8;0
68;18;8;0
69;18;42;0
0;19;42;0
1;19;8;0
2;19;8;0
3;19;8;0
4;19;8;0
5;19;8;0
6;19;8;0
7;19;8;0
8;19;8;0
9;19;8;0
10;19;8;0
11;19;8;0
12;19;8;0
13;19;8;0
14;19;8;0
15;19;8;0
16;19;8;0
17;19;8;0
18;19;8;0
19;19;8;0
20;19;10503;0
21;19;7;0
22;19;7;0
23;19;24839;0
24;19;8;0
25;19;8;0
26;19;8;0
27;19;8;0
28;19;8;0
29;19;8;0
30;19;8;0
31;19;8;0
32;19;8;0
33;19;8;0
34;19;8;0
35;19;6632;0
36;19;8;0
37;19;8;0
38;19;9704;0
39;19;1512;0
40;19;8;0
41;19;8;0
42;19;8;0
43;19;8;0
44;19;8;0
45;19;8;0
46;19;8;0
47;19;8;0
48;19;8;0
49;19;8;0
50;19;8;0
51;19;8;0
52;19;8;0
53;19;8;0
54;19;25858;0
55;19;15;0
56;19;15;0
57;19;2;0
58;19;24834;0
59;19;8;0
60;19;8;0
61;19;8;0
62;19;8;0
63;19;8;0
64;19;8;0
65;19;8;0
66;19;8;0
67;19;8;0
68;19;8;0
69;19;42;0
0;20;42;0
1;20;8;0
2;20;8;0
3;20;8;0
4;20;8;0
5;20;8;0
6;20;8;0
7;20;8;0
8;20;8;0
9;20;8;0
10;20;8;0
11;20;8;0
12;20;8;0
13;20;8;0
14;20;8;0
15;20;8;0
16;20;8;0
17;20;8;0
18;20;8;0
19;20;8;0
20;20;27911;0
21;20;11527;0
22;20;21767;0
23;20;8;0
24;20;8;0
25;20;8;0
26;20;8;0
27;20;8;0
28;20;8;0
29;20;8;0
30;20;8;0
31;20;8;0
32;20;8;0
33;20;8;0
34;20;8;0
35;20;15;0
36;20;15;0
37;20;8;0
38;20;8;0
39;20;8;0
40;20;8;0
41;20;8;0
42;20;8;0
43;20;8;0
44;20;8;0
45;20;8;0
46;20;8;0
47;20;8;0
48;20;8;0
49;20;8;0
50;20;8;0
51;20;8;0
52;20;8;0
53;20;8;0
54;20;20738;0
55;20;2530;0
56;20;1506;0
57;20;16642;0
58;20;8;0
59;20;8;0
60;20;8;0
61;20;8;0
62;20;8;0
63;20;8;0
64;20;8;0
65;20;8;0
66;20;8;0
67;20;8;0
68;20;8;0
69;20;42;0
0;21;42;0
1;21;8;0
2;21;8;0
3;21;8;0
4;21;8;0
5;21;8;0
6;21;8;0
7;21;8;0
8;21;8;0
9;21;8;0
10;21;8;0
11;21;8;0
12;21;8;0
13;21;8;0
14;21;8;0
15;21;8;0
16;21;8;0
17;21;8;0
18;21;8;0
19;21;8;0
20;21;8;0
21;21;8;0
22;21;8;0
23;21;8;0
24;21;8;0
25;21;8;0
26;21;8;0
27;21;8;0
28;21;8;0
29;21;8;0
30;21;8;0
31;21;8;0
32;21;8;0
33;21;8;0
34;21;8;0
35;21;2536;0
36;21;1512;0
37;21;8;0
38;21;8;0
39;21;8;0
40;21;8;0
41;21;8;0
42;21;8;0
43;21;8;0
44;21;8;0
45;21;8;0
46;21;8;0
47;21;8;0
48;21;8;0
49;21;8;0
50;21;8;0
51;21;8;0
52;21;8;0
53;21;8;0
54;21;8;0
55;21;22786;0
56;21;21762;0
57;21;8;0
58;21;8;0
59;21;8;0
60;21;8;0
61;21;8;0
62;21;8;0
63;21;8;0
64;21;8;0
65;21;8;0
66;21;8;0
67;21;8;0
68;21;8;0
69;21;42;0
0;22;42;0
1;22;8;0
2;22;8;0
3;22;8;0
4;22;8;0
5;22;8;0
6;22;8;0
7;22;8;0
8;22;8;0
9;22;8;0
10;22;8;0
11;22;8;0
12;22;8;0
13;22;8;0
14;22;8;0
15;22;8;0
16;22;8;0
17;22;8;0
18;22;8;0
19;22;8;0
20;22;8;0
21;22;8;0
22;22;8;0
23;22;8;0
24;22;8;0
25;22;8;0
26;22;8;0
27;22;8;0
28;22;8;0
29;22;8;0
30;22;8;0
31;22;8;0
32;22;8;0
33;22;8;0
34;22;8;0
35;22;8;0
36;22;8;0
37;22;8;0
38;22;8;0
39;22;8;0
40;22;8;0
41;22;8;0
42;22;8;0
43;22;8;0
44;22;8;0
45;22;8;0
46;22;8;0
47;22;8;0
48;22;8;0
49;22;8;0
50;22;8;0
51;22;8;0
52;22;8;0
53;22;8;0
54;22;8;0
55;22;8;0
56;22;8;0
57;22;8;0
58;22;8;0
59;22;8;0
60;22;8;0
61;22;8;0
62;22;8;0
63;22;8;0
64;22;8;0
65;22;8;0
66;22;8;0
67;22;8;0
68;22;8;0
69;22;42;0
0;23;42;0
1;23;8;0
2;23;8;0
3;23;8;0
4;23;8;0
5;23;8;0
6;23;8;0
7;23;8;0
8;23;8;0
9;23;8;0
10;23;8;0
11;23;8;0
12;23;8;0
13;23;8;0
14;23;8;0
15;23;8;0
16;23;8;0
17;23;8;0
18;23;8;0
19;23;8;0
20;23;8;0
21;23;8;0
22;23;8;0
23;23;8;0
24;23;8;0
25;23;8;0
26;23;8;0
27;23;8;0
28;23;8;0
29;23;8;0
30;23;8;0
31;23;8;0
32;23;8;0
33;23;8;0
34;23;8;0
35;23;8;0
36;23;8;0
37;23;8;0
38;23;8;0
39;23;8;0
40;23;8;0
41;23;8;0
42;23;8;0
43;23;8;0
44;23;8;0
45;23;8;0
46;23;8;0
47;23;8;0
48;23;8;0
49;23;8;0
50;23;8;0
51;23;8;0
52;23;8;0
53;23;8;0
54;23;8;0
55;23;8;0
56;23;8;0
57;23;8;0
58;23;8;0
59;23;8;0
60;23;8;0
61;23;8;0
62;23;8;0
63;23;8;0
64;23;8;0
65;23;8;0
66;23;8;0
67;23;8;0
68;23;8;0
69;23;42;0
0;24;42;0
1;24;8;0
2;24;8;0
3;24;8;0
4;24;8;0
5;24;8;0
6;24;8;0
7;24;8;0
8;24;8;0
9;24;8;0
10;24;8;0
11;24;8;0
12;24;8;0
13;24;8;0
14;24;8;0
15;24;8;0
16;24;8;0
17;24;8;0
18;24;8;0
19;24;8;0
20;24;8;0
21;24;8;0
22;24;8;0
23;24;8;0
24;24;8;0
25;24;8;0
26;24;8;0
27;24;8;0
28;24;8;0
29;24;8;0
30;24;8;0
31;24;8;0
32;24;8;0
33;24;8;0
34;24;8;0
35;24;8;0
36;24;8;0
37;24;8;0
38;24;8;0
39;24;8;0
40;24;8;0
41;24;8;0
42;24;8;0
43;24;6632;0
44;24;11752;0
45;24;5608;0
46;24;8;0
47;24;8;0
48;24;8;0
49;24;8;0
50;24;8;0
51;24;8;0
52;24;8;0
53;24;8;0
54;24;8;0
55;24;8;0
56;24;8;0
57;24;8;0
58;24;8;0
59;24;8;0
60;24;8;0
61;24;8;0
62;24;8;0
63;24;8;0
64;24;8;0
65;24;8;0
66;24;8;0
67;24;8;0
68;24;8;0
69;24;42;0
0;25;42;0
1;25;8;0
2;25;8;0
3;25;8;0
4;25;8;0
5;25;8;0
6;25;8;0
7;25;8;0
8;25;8;0
9;25;8;0
10;25;8;0
11;25;8;0
12;25;8;0
13;25;8;0
14;25;8;0
15;25;8;0
16;25;8;0
17;25;8;0
18;25;8;0
19;25;8;0
20;25;8;0
21;25;8;0
22;25;8;0
23;25;8;0
24;25;8;0
25;25;8;0
26;25;8;0
27;25;8;0
28;25;8;0
29;25;8;0
30;25;8;0
31;25;8;0
32;25;8;0
33;25;8;0
34;25;8;0
35;25;8;0
36;25;8;0
37;25;8;0
38;25;8;0
39;25;8;0
40;25;8;0
41;25;8;0
42;25;8;0
43;25;15;0
44;25;15;0
45;25;15;0
46;25;4584;0
47;25;8;0
48;25;8;0
49;25;8;0
50;25;8;0
51;25;8;0
52;25;8;0
53;25;8;0
54;25;8;0
55;25;8;0
56;25;8;0
57;25;8;0
58;25;8;0
59;25;8;0
60;25;8;0
61;25;8;0
62;25;8;0
63;25;8;0
64;25;8;0
65;25;8;0
66;25;8;0
67;25;8;0
68;25;8;0
69;25;42;0
0;26;42;0
1;26;8;0
2;26;8;0
3;26;8;0
4;26;8;0
5;26;8;0
6;26;8;0
7;26;8;0
8;26;8;0
9;26;8;0
10;26;8;0
11;26;8;0
12;26;8;0
13;26;8;0
14;26;8;0
15;26;8;0
16;26;8;0
17;26;8;0
18;26;8;0
19;26;8;0
20;26;8;0
21;26;8;0
22;26;8;0
23;26;8;0
24;26;8;0
25;26;8;0
26;26;8;0
27;26;8;0
28;26;8;0
29;26;8;0
30;26;8;0
31;26;8;0
32;26;8;0
33;26;8;0
34;26;8;0
35;26;8;0
36;26;8;0
37;26;8;0
38;26;8;0
39;26;8;0
40;26;8;0
41;26;8;0
42;26;8;0
43;26;24040;0
44;26;15;0
45;26;15;0
46;26;10728;0
47;26;8;0
48;26;8;0
49;26;8;0
50;26;8;0
51;26;8;0
52;26;8;0
53;26;8;0
54;26;8;0
55;26;8;0
56;26;8;0
57;26;8;0
58;26;8;0
59;26;8;0
60;26;8;0
61;26;8;0
62;26;8;0
63;26;8;0
64;26;8;0
65;26;8;0
66;26;8;0
67;26;8;0
68;26;8;0
69;26;42;0
0;27;42;0
1;27;8;0
2;27;8;0
3;27;8;0
4;27;8;0
5;27;8;0
6;27;8;0
7;27;8;0
8;27;8;0
9;27;8;0
10;27;8;0
11;27;8;0
12;27;8;0
13;27;8;0
14;27;8;0
15;27;8;0
16;27;8;0
17;27;8;0
18;27;8;0
19;27;8;0
20;27;8;0
21;27;8;0
22;27;8;0
23;27;8;0
24;27;8;0
25;27;8;0
26;27;8;0
27;27;8;0
28;27;8;0
29;27;8;0
30;27;8;0
31;27;8;0
32;27;8;0
33;27;8;0
34;27;8;0
35;27;8;0
36;27;8;0
37;27;8;0
38;27;8;0
39;27;8;0
40;27;8;0
41;27;6632;0
42;27;11752;0
43;27;29160;0
44;27;15;0
45;27;15;0
46;27;3560;0
47;27;8;0
48;27;8;0
49;27;8;0
50;27;8;0
51;27;8;0
52;27;8;0
53;27;8;0
54;27;8;0
55;27;8;0
56;27;8;0
57;27;8;0
58;27;8;0
59;27;8;0
60;27;8;0
61;27;8;0
62;27;8;0
63;27;8;0
64;27;8;0
65;27;8;0
66;27;8;0
67;27;8;0
68;27;8;0
69;27;42;0
0;28;42;0
1;28;8;0
2;28;8;0
3;28;8;0
4;28;8;0
5;28;8;0
6;28;8;0
7;28;8;0
8;28;8;0
9;28;8;0
10;28;8;0
11;28;8;0
12;28;8;0
13;28;8;0
14;28;8;0
15;28;8;0
16;28;8;0
17;28;8;0
18;28;8;0
19;28;8;0
20;28;8;0
21;28;8;0
22;28;8;0
23;28;8;0
24;28;8;0
25;28;8;0
26;28;8;0
27;28;8;0
28;28;8;0
29;28;8;0
30;28;8;0
31;28;8;0
32;28;8;0
33;28;8;0
34;28;8;0
35;28;8;0
36;28;8;0
37;28;8;0
38;28;8;0
39;28;8;0
40;28;8680;0
41;28;15;0
42;28;15;0
43;28;15;0
44;28;15;0
45;28;19944;0
46;28;8;0
47;28;8;0
48;28;8;0
49;28;8;0
50;28;8;0
51;28;8;0
52;28;8;0
53;28;8;0
54;28;8;0
55;28;8;0
56;28;8;0
57;28;8;0
58;28;8;0
59;28;8;0
60;28;8;0
61;28;8;0
62;28;8;0
63;28;8;0
64;28;8;0
65;28;8;0
66;28;8;0
67;28;8;0
68;28;8;0
69;28;42;0
0;29;42;0
1;29;8;0
2;29;8;0
3;29;8;0
4;29;8;0
5;29;8;0
6;29;8;0
7;29;8;0
8;29;8;0
9;29;8;0
10;29;8;0
11;29;8;0
12;29;8;0
13;29;8;0
14;29;8;0
15;29;8;0
16;29;8;0
17;29;8;0
18;29;8;0
19;29;8;0
20;29;8;0
21;29;8;0
22;29;8;0
23;29;8;0
24;29;8;0
25;29;8;0
26;29;8;0
27;29;8;0
28;29;8;0
29;29;8;0
30;29;8;0
31;29;8;0
32;29;8;0
33;29;8;0
34;29;8;0
35;29;8;0
36;29;8;0
37;29;8;0
38;29;8;0
39;29;8;0
40;29;7656;0
41;29;15;0
42;29;15;0
43;29;15;0
44;29;15;0
45;29;3560;0
46;29;8;0
47;29;8;0
48;29;8;0
49;29;8;0
50;29;8;0
51;29;8;0
52;29;8;0
53;29;8;0
54;29;8;0
55;29;8;0
56;29;8;0
57;29;8;0
58;29;8;0
59;29;8;0
60;29;8;0
61;29;8;0
62;29;8;0
63;29;8;0
64;29;8;0
65;29;8;0
66;29;8;0
67;29;8;0
68;29;8;0
69;29;42;0
0;30;42;0
1;30;8;0
2;30;8;0
3;30;8;0
4;30;8;0
5;30;8;0
6;30;8;0
7;30;8;0
8;30;8;0
9;30;8;0
10;30;8;0
11;30;8;0
12;30;8;0
13;30;8;0
14;30;8;0
15;30;8;0
16;30;8;0
17;30;8;0
18;30;8;0
19;30;8;0
20;30;8;0
21;30;8;0
22;30;8;0
23;30;8;0
24;30;8;0
25;30;8;0
26;30;8;0
27;30;8;0
28;30;8;0
29;30;8;0
30;30;8;0
31;30;8;0
32;30;8;0
33;30;8;0
34;30;8;0
35;30;8;0
36;30;8;0
37;30;8;0
38;30;8;0
39;30;8;0
40;30;8;0
41;30;2536;0
42;30;9704;0
43;30;9704;0
44;30;1512;0
45;30;8;0
46;30;8;0
47;30;8;0
48;30;8;0
49;30;8;0
50;30;8;0
51;30;8;0
52;30;8;0
53;30;8;0
54;30;8;0
55;30;8;0
56;30;8;0
57;30;8;0
58;30;8;0
59;30;8;0
60;30;8;0
61;30;8;0
62;30;8;0
63;30;8;0
64;30;8;0
65;30;8;0
66;30;8;0
67;30;8;0
68;30;8;0
69;30;42;0
0;31;42;0
1;31;8;0
2;31;8;0
3;31;8;0
4;31;8;0
5;31;8;0
6;31;8;0
7;31;8;0
8;31;8;0
9;31;8;0
10;31;8;0
11;31;8;0
12;31;8;0
13;31;8;0
14;31;8;0
15;31;8;0
16;31;8;0
17;31;8;0
18;31;8;0
19;31;8;0
20;31;8;0
21;31;8;0
22;31;8;0
23;31;8;0
24;31;8;0
25;31;8;0
26;31;8;0
27;31;8;0
28;31;8;0
29;31;8;0
30;31;8;0
31;31;8;0
32;31;8;0
33;31;8;0
34;31;8;0
35;31;8;0
36;31;8;0
37;31;8;0
38;31;6632;0
39;31;5608;0
40;31;8;0
41;31;8;0
42;31;8;0
43;31;8;0
44;31;8;0
45;31;8;0
46;31;8;0
47;31;8;0
48;31;8;0
49;31;8;0
50;31;8;0
51;31;8;0
52;31;8;0
53;31;8;0
54;31;8;0
55;31;8;0
56;31;8;0
57;31;8;0
58;31;8;0
59;31;8;0
60;31;8;0
61;31;8;0
62;31;8;0
63;31;8;0
64;31;8;0
65;31;8;0
66;31;8;0
67;31;8;0
68;31;8;0
69;31;42;0
0;32;42;0
1;32;8;0
2;32;8;0
3;32;8;0
4;32;8;0
5;32;8;0
6;32;8;0
7;32;8;0
8;32;8;0
9;32;8;0
10;32;8;0
11;32;8;0
12;32;8;0
13;32;8;0
14;32;8;0
15;32;8;0
16;32;8;0
17;32;8;0
18;32;8;0
19;32;8;0
20;32;8;0
21;32;8;0
22;32;8;0
23;32;8;0
24;32;8;0
25;32;8;0
26;32;8;0
27;32;8;0
28;32;8;0
29;32;8;0
30;32;8;0
31;32;8;0
32;32;8;0
33;32;8;0
34;32;8;0
35;32;8;0
36;32;8;0
37;32;8680;0
38;32;15;0
39;32;15;0
40;32;9474;0
41;32;26882;0
42;32;8;0
43;32;8;0
44;32;8;0
45;32;8;0
46;32;8;0
47;32;8;0
48;32;8;0
49;32;8;0
50;32;8;0
51;32;8;0
52;32;8;0
53;32;8;0
54;32;8;0
55;32;8;0
56;32;8;0
57;32;8;0
58;32;8;0
59;32;8;0
60;32;8;0
61;32;8;0
62;32;8;0
63;32;8;0
64;32;8;0
65;32;8;0
66;32;8;0
67;32;8;0
68;32;8;0
69;32;42;0
0;33;42;0
1;33;8;0
2;33;8;0
3;33;8;0
4;33;8;0
5;33;8;0
6;33;8;0
7;33;8;0
8;33;8;0
9;33;8;0
10;33;8;0
11;33;8;0
12;33;8;0
13;33;8;0
14;33;8;0
15;33;8;0
16;33;8;0
17;33;8;0
18;33;8;0
19;33;8;0
20;33;8;0
21;33;8;0
22;33;8;0
23;33;8;0
24;33;8;0
25;33;8;0
26;33;8;0
27;33;8;0
28;33;8;0
29;33;8;0
30;33;8;0
31;33;8;0
32;33;8;0
33;33;8;0
34;33;8;0
35;33;8;0
36;33;8;0
37;33;7656;0
38;33;15;0
39;33;13794;0
40;33;2;0
41;33;24834;0
42;33;8;0
43;33;8;0
44;33;8;0
45;33;8;0
46;33;8;0
47;33;8;0
48;33;8;0
49;33;8;0
50;33;8;0
51;33;8;0
52;33;8;0
53;33;8;0
54;33;6632;0
55;33;5608;0
56;33;8;0
57;33;8;0
58;33;8;0
59;33;8;0
60;33;8;0
61;33;8;0
62;33;8;0
63;33;8;0
64;33;8;0
65;33;8;0
66;33;8;0
67;33;8;0
68;33;8;0
69;33;42;0
0;34;42;0
1;34;8;0
2;34;8;0
3;34;8;0
4;34;8;0
5;34;8;0
6;34;8;0
7;34;8;0
8;34;8;0
9;34;8;0
10;34;8;0
11;34;8;0
12;34;8;0
13;34;8;0
14;34;8;0
15;34;8;0
16;34;8;0
17;34;8;0
18;34;8;0
19;34;8;0
20;34;8;0
21;34;8;0
22;34;8;0
23;34;8;0
24;34;8;0
25;34;8;0
26;34;8;0
27;34;6632;0
28;34;11752;0
29;34;11752;0
30;34;5608;0
31;34;8;0
32;34;8;0
33;34;8;0
34;34;8;0
35;34;8;0
36;34;8;0
37;34;19714;0
38;34;2;0
39;34;6402;0
40;34;21762;0
41;34;8;0
42;34;8;0
43;34;8;0
44;34;8;0
45;34;8;0
46;34;8;0
47;34;8;0
48;34;8;0
49;34;8;0
50;34;8;0
51;34;8;0
52;34;8;0
53;34;8;0
54;34;15;0
55;34;15;0
56;34;4584;0
57;34;8;0
58;34;8;0
59;34;8;0
60;34;8;0
61;34;8;0
62;34;8;0
63;34;8;0
64;34;8;0
65;34;8;0
66;34;8;0
67;34;8;0
68;34;8;0
69;34;42;0
0;35;42;0
1;35;8;0
2;35;8;0
3;35;8;0
4;35;8;0
5;35;8;0
6;35;8;0
7;35;8;0
8;35;8;0
9;35;8;0
10;35;8;0
11;35;8;0
12;35;8;0
13;35;8;0
14;35;8;0
15;35;8;0
16;35;8;0
17;35;8;0
18;35;8;0
19;35;8;0
20;35;8;0
21;35;8;0
22;35;8;0
23;35;8;0
24;35;8;0
25;35;8;0
26;35;8;0
27;35;15;0
28;35;15;0
29;35;15;0
30;35;15;0
31;35;8;0
32;35;8;0
33;35;8;0
34;35;8;0
35;35;8;0
36;35;8;0
37;35;27906;0
38;35;21762;0
39;35;8;0
40;35;8;0
41;35;8;0
42;35;8;0
43;35;8;0
44;35;8;0
45;35;8;0
46;35;8;0
47;35;8;0
48;35;8;0
49;35;8;0
50;35;8;0
51;35;8;0
52;35;8;0
53;35;8;0
54;35;24040;0
55;35;15;0
56;35;10728;0
57;35;8;0
58;35;8;0
59;35;8;0
60;35;8;0
61;35;8;0
62;35;8;0
63;35;8;0
64;35;8;0
65;35;8;0
66;35;8;0
67;35;8;0
68;35;8;0
69;35;42;0
0;36;42;0
1;36;8;0
2;36;8;0
3;36;8;0
4;36;8;0
5;36;8;0
6;36;8;0
7;36;8;0
8;36;8;0
9;36;8;0
10;36;8;0
11;36;8;0
12;36;8;0
13;36;8;0
14;36;8;0
15;36;8;0
16;36;8;0
17;36;8;0
18;36;8;0
19;36;8;0
20;36;8;0
21;36;8;0
22;36;8;0
23;36;8;0
24;36;8;0
25;36;8;0
26;36;8;0
27;36;2536;0
28;36;9704;0
29;36;9704;0
30;36;1512;0
31;36;8;0
32;36;8;0
33;36;8;0
34;36;8;0
35;36;8;0
36;36;8;0
37;36;8;0
38;36;8;0
39;36;8;0
40;36;8;0
41;36;8;0
42;36;8;0
43;36;8;0
44;36;8;0
45;36;8;0
46;36;8;0
47;36;8;0
48;36;8;0
49;36;8;0
50;36;8;0
51;36;8;0
52;36;8;0
53;36;8;0
54;36;12776;0
55;36;15;0
56;36;10728;0
57;36;8;0
58;36;8;0
59;36;8;0
60;36;8;0
61;36;8;0
62;36;8;0
63;36;8;0
64;36;8;0
65;36;8;0
66;36;8;0
67;36;8;0
68;36;8;0
69;36;42;0
0;37;42;0
1;37;8;0
2;37;8;0
3;37;8;0
4;37;8;0
5;37;8;0
6;37;8;0
7;37;8;0
8;37;8;0
9;37;8;0
10;37;8;0
11;37;8;0
12;37;8;0
13;37;8;0
14;37;8;0
15;37;8;0
16;37;8;0
17;37;8;0
18;37;8;0
19;37;8;0
20;37;8;0
21;37;8;0
22;37;8;0
23;37;8;0
24;37;8;0
25;37;8;0
26;37;8;0
27;37;8;0
28;37;8;0
29;37;8;0
30;37;8;0
31;37;8;0
32;37;8;0
33;37;17666;0
34;37;9474;0
35;37;9474;0
36;37;26882;0
37;37;8;0
38;37;8;0
39;37;8;0
40;37;8;0
41;37;8;0
42;37;8;0
43;37;8;0
44;37;8;0
45;37;8;0
46;37;8;0
47;37;8;0
48;37;8;0
49;37;8;0
50;37;8;0
51;37;8;0
52;37;8;0
53;37;8;0
54;37;7656;0
55;37;15;0
56;37;3560;0
57;37;8;0
58;37;8;0
59;37;8;0
60;37;8;0
61;37;8;0
62;37;8;0
63;37;8;0
64;37;8;0
65;37;8;0
66;37;8;0
67;37;8;0
68;37;8;0
69;37;42;0
0;38;42;0
1;38;8;0
2;38;8;0
3;38;8;0
4;38;8;0
5;38;8;0
6;38;8;0
7;38;8;0
8;38;8;0
9;38;8;0
10;38;8;0
11;38;8;0
12;38;8;0
13;38;8;0
14;38;8;0
15;38;8;0
16;38;8;0
17;38;8;0
18;38;8;0
19;38;8;0
20;38;8;0
21;38;8;0
22;38;8;0
23;38;8;0
24;38;8;0
25;38;8;0
26;38;8;0
27;38;8;0
28;38;8;0
29;38;8;0
30;38;8;0
31;38;8;0
32;38;19714;0
33;38;8674;0
34;38;15;0
35;38;15842;0
36;38;24834;0
37;38;8;0
38;38;8;0
39;38;8;0
40;38;8;0
41;38;8;0
42;38;8;0
43;38;8;0
44;38;8;0
45;38;8;0
46;38;8;0
47;38;8;0
48;38;8;0
49;38;8;0
50;38;8;0
51;38;8;0
52;38;25858;0
53;38;18690;0
54;38;8;0
55;38;8;0
56;38;8;0
57;38;8;0
58;38;8;0
59;38;8;0
60;38;8;0
61;38;8;0
62;38;8;0
63;38;8;0
64;38;8;0
65;38;8;0
66;38;8;0
67;38;8;0
68;38;8;0
69;38;42;0
0;39;42;0
1;39;8;0
2;39;8;0
3;39;8;0
4;39;8;0
5;39;8;0
6;39;8;0
7;39;8;0
8;39;8;0
9;39;8;0
10;39;8;0
11;39;8;0
12;39;8;0
13;39;8;0
14;39;8;0
15;39;8;0
16;39;8;0
17;39;8;0
18;39;8;0
19;39;8;0
20;39;8;0
21;39;8;0
22;39;8;0
23;39;8;0
24;39;8;0
25;39;8;0
26;39;8;0
27;39;8;0
28;39;8;0
29;39;8;0
30;39;8;0
31;39;8;0
32;39;10498;0
33;39;7650;0
34;39;15;0
35;39;15;0
36;39;4584;0
37;39;8;0
38;39;8;0
39;39;8;0
40;39;8;0
41;39;8;0
42;39;8;0
43;39;8;0
44;39;8;0
45;39;8;0
46;39;8;0
47;39;8;0
48;39;8;0
49;39;8;0
50;39;8;0
51;39;8;0
52;39;20738;0
53;39;2;0
54;39;23810;0
55;39;8;0
56;39;8;0
57;39;8;0
58;39;8;0
59;39;8;0
60;39;8;0
61;39;8;0
62;39;8;0
63;39;8;0
64;39;8;0
65;39;8;0
66;39;8;0
67;39;8;0
68;39;8;0
69;39;42;0
0;40;42;0
1;40;8;0
2;40;8;0
3;40;8;0
4;40;8;0
5;40;8;0
6;40;8;0
7;40;8;0
8;40;8;0
9;40;8;0
10;40;8;0
11;40;8;0
12;40;8;0
13;40;8;0
14;40;8;0
15;40;8;0
16;40;8;0
17;40;8;0
18;40;8;0
19;40;8;0
20;40;8;0
21;40;8;0
22;40;8;0
23;40;8;0
24;40;8;0
25;40;8;0
26;40;8;0
27;40;8;0
28;40;8;0
29;40;8;0
30;40;8;0
31;40;8;0
32;40;10498;0
33;40;2;0
34;40;24034;0
35;40;15;0
36;40;10728;0
37;40;8;0
38;40;8;0
39;40;8;0
40;40;8;0
41;40;8;0
42;40;8;0
43;40;8;0
44;40;8;0
45;40;8;0
46;40;8;0
47;40;8;0
48;40;8;0
49;40;8;0
50;40;8;0
51;40;8;0
52;40;8;0
53;40;2;0
54;40;12546;0
55;40;8;0
56;40;8;0
57;40;8;0
58;40;8;0
59;40;8;0
60;40;8;0
61;40;8;0
62;40;8;0
63;40;8;0
64;40;8;0
65;40;8;0
66;40;8;0
67;40;8;0
68;40;8;0
69;40;42;0
0;41;42;0
1;41;8;0
2;41;8;0
3;41;8;0
4;41;8;0
5;41;8;0
6;41;8;0
7;41;8;0
8;41;8;0
9;41;8;0
10;41;8;0
11;41;8;0
12;41;8;0
13;41;8;0
14;41;8;0
15;41;8;0
16;41;8;0
17;41;8;0
18;41;8;0
19;41;8;0
20;41;8;0
21;41;8;0
22;41;8;0
23;41;8;0
24;41;8;0
25;41;8;0
26;41;8;0
27;41;8;0
28;41;8;0
29;41;8;0
30;41;8;0
31;41;8;0
32;41;10498;0
33;41;6626;0
34;41;29154;0
35;41;15;0
36;41;10728;0
37;41;8;0
38;41;8;0
39;41;8;0
40;41;8;0
41;41;8;0
42;41;8;0
43;41;8;0
44;41;8;0
45;41;8;0
46;41;8;0
47;41;8;0
48;41;8;0
49;41;8;0
50;41;8;0
51;41;8;0
52;41;19714;0
53;41;2;0
54;41;24834;0
55;41;8;0
56;41;8;0
57;41;8;0
58;41;8;0
59;41;8;0
60;41;8;0
61;41;8;0
62;41;8;0
63;41;8;0
64;41;8;0
65;41;8;0
66;41;8;0
67;41;8;0
68;41;8;0
69;41;42;0
0;42;42;0
1;42;8;0
2;42;8;0
3;42;8;0
4;42;8;0
5;42;8;0
6;42;8;0
7;42;8;0
8;42;8;0
9;42;8;0
10;42;8;0
11;42;8;0
12;42;8;0
13;42;8;0
14;42;8;0
15;42;8;0
16;42;8;0
17;42;8;0
18;42;8;0
19;42;8;0
20;42;8;0
21;42;8;0
22;42;8;0
23;42;8;0
24;42;8;0
25;42;8;0
26;42;8;0
27;42;8;0
28;42;8;0
29;42;8;0
30;42;8;0
31;42;8;0
32;42;27906;0
33;42;15;0
34;42;15;0
35;42;15;0
36;42;3560;0
37;42;8;0
38;42;8;0
39;42;8;0
40;42;8;0
41;42;8;0
42;42;8;0
43;42;8;0
44;42;8;0
45;42;8;0
46;42;8;0
47;42;8;0
48;42;8;0
49;42;8;0
50;42;8;0
51;42;8;0
52;42;27906;0
53;42;21762;0
54;42;8;0
55;42;8;0
56;42;8;0
57;42;8;0
58;42;8;0
59;42;8;0
60;42;8;0
61;42;8;0
62;42;8;0
63;42;8;0
64;42;8;0
65;42;8;0
66;42;8;0
67;42;8;0
68;42;8;0
69;42;42;0
0;43;42;0
1;43;8;0
2;43;8;0
3;43;8;0
4;43;8;0
5;43;8;0
6;43;8;0
7;43;8;0
8;43;8;0
9;43;8;0
10;43;8;0
11;43;8;0
12;43;8;0
13;43;8;0
14;43;8;0
15;43;8;0
16;43;8;0
17;43;8;0
18;43;8;0
19;43;8;0
20;43;8;0
21;43;6632;0
22;43;11752;0
23;43;5608;0
24;43;8;0
25;43;8;0
26;43;8;0
27;43;8;0
28;43;8;0
29;43;8;0
30;43;8;0
31;43;8;0
32;43;8;0
33;43;2536;0
34;43;9704;0
35;43;1512;0
36;43;8;0
37;43;8;0
38;43;8;0
39;43;8;0
40;43;8;0
41;43;8;0
42;43;8;0
43;43;8;0
44;43;8;0
45;43;8;0
46;43;8;0
47;43;8;0
48;43;8;0
49;43;8;0
50;43;8;0
51;43;8;0
52;43;8;0
53;43;8;0
54;43;8;0
55;43;8;0
56;43;8;0
57;43;8;0
58;43;8;0
59;43;8;0
60;43;8;0
61;43;55;0
62;43;55;0
63;43;8;0
64;43;8;0
65;43;8;0
66;43;8;0
67;43;8;0
68;43;8;0
69;43;42;0
0;44;42;0
1;44;8;0
2;44;8;0
3;44;8;0
4;44;8;0
5;44;8;0
6;44;8;0
7;44;8;0
8;44;8;0
9;44;8;0
10;44;8;0
11;44;8;0
12;44;8;0
13;44;8;0
14;44;8;0
15;44;8;0
16;44;8;0
17;44;8;0
18;44;8;0
19;44;8;0
20;44;8680;0
21;44;15;0
22;44;15;0
23;44;15;0
24;44;15848;0
25;44;8;0
26;44;8;0
27;44;8;0
28;44;8;0
29;44;8;0
30;44;8;0
31;44;8;0
32;44;8;0
33;44;8;0
34;44;8;0
35;44;8;0
36;44;8;0
37;44;8;0
38;44;8;0
39;44;8;0
40;44;8;0
41;44;8;0
42;44;8;0
43;44;8;0
44;44;8;0
45;44;8;0
46;44;25858;0
47;44;18690;0
48;44;8;0
49;44;8;0
50;44;8;0
51;44;8;0
52;44;17666;0
53;44;26882;0
54;44;8;0
55;44;8;0
56;44;8;0
57;44;8;0
58;44;8;0
59;44;8;0
60;44;55;0
61;44;55;0
62;44;55;0
63;44;55;0
64;44;8;0
65;44;8;0
66;44;8;0
67;44;8;0
68;44;8;0
69;44;42;0
0;45;42;0
1;45;8;0
2;45;8;0
3;45;8;0
4;45;8;0
5;45;8;0
6;45;8;0
7;45;8;0
8;45;8;0
9;45;8;0
10;45;8;0
11;45;8;0
12;45;8;0
13;45;8;0
14;45;8;0
15;45;8;0
16;45;8;0
17;45;8;0
18;45;8;0
19;45;8;0
20;45;12776;0
21;45;15;0
22;45;15;0
23;45;15;0
24;45;15;0
25;45;4584;0
26;45;8;0
27;45;8;0
28;45;8;0
29;45;8;0
30;45;8;0
31;45;8;0
32;45;8;0
33;45;8;0
34;45;8;0
35;45;8;0
36;45;8;0
37;45;8;0
38;45;8;0
39;45;8;0
40;45;8;0
41;45;8;0
42;45;8;0
43;45;8;0
44;45;8;0
45;45;8;0
46;45;10498;0
47;45;2;0
48;45;23810;0
49;45;8;0
50;45;8;0
51;45;19714;0
52;45;2;0
53;45;12546;0
54;45;8;0
55;45;8;0
56;45;8;0
57;45;8;0
58;45;8;0
59;45;8;0
60;45;55;0
61;45;55;0
62;45;55;0
63;45;55;0
64;45;8;0
65;45;8;0
66;45;8;0
67;45;8;0
68;45;8;0
69;45;42;0
0;46;42;0
1;46;8;0
2;46;8;0
3;46;8;0
4;46;8;0
5;46;8;0
6;46;8;0
7;46;8;0
8;46;8;0
9;46;8;0
10;46;8;0
11;46;8;0
12;46;8;0
13;46;8;0
14;46;8;0
15;46;8;0
16;46;8;0
17;46;8;0
18;46;8;0
19;46;8;0
20;46;12776;0
21;46;15;0
22;46;15;0
23;46;15;0
24;46;15;0
25;46;10728;0
26;46;8;0
27;46;8;0
28;46;8;0
29;46;8;0
30;46;8;0
31;46;8;0
32;46;8;0
33;46;8;0
34;46;8;0
35;46;8;0
36;46;8;0
37;46;8;0
38;46;8;0
39;46;8;0
40;46;8;0
41;46;8;0
42;46;8;0
43;46;8;0
44;46;8;0
45;46;8;0
46;46;27906;0
47;46;11522;0
48;46;28930;0
49;46;8;0
50;46;8;0
51;46;27906;0
52;46;11522;0
53;46;28930;0
54;46;8;0
55;46;8;0
56;46;8;0
57;46;8;0
58;46;8;0
59;46;8;0
60;46;8;0
61;46;55;0
62;46;55;0
63;46;8;0
64;46;8;0
65;46;8;0
66;46;8;0
67;46;8;0
68;46;8;0
69;46;42;0
0;47;42;0
1;47;8;0
2;47;8;0
3;47;8;0
4;47;8;0
5;47;8;0
6;47;8;0
7;47;8;0
8;47;8;0
9;47;8;0
10;47;8;0
11;47;8;0
12;47;8;0
13;47;8;0
14;47;8;0
15;47;8;0
16;47;8;0
17;47;8;0
18;47;8;0
19;47;8;0
20;47;12776;0
21;47;15;0
22;47;15;0
23;47;15;0
24;47;15;0
25;47;3560;0
26;47;8;0
27;47;8;0
28;47;8;0
29;47;8;0
30;47;8;0
31;47;8;0
32;47;8;0
33;47;8;0
34;47;8;0
35;47;8;0
36;47;8;0
37;47;8;0
38;47;8;0
39;47;8;0
40;47;8;0
41;47;8;0
42;47;8;0
43;47;8;0
44;47;8;0
45;47;8;0
46;47;8;0
47;47;8;0
48;47;8;0
49;47;8;0
50;47;8;0
51;47;8;0
52;47;8;0
53;47;8;0
54;47;8;0
55;47;8;0
56;47;8;0
57;47;8;0
58;47;8;0
59;47;8;0
60;47;8;0
61;47;8;0
62;47;8;0
63;47;8;0
64;47;8;0
65;47;8;0
66;47;8;0
67;47;8;0
68;47;8;0
69;47;42;0
0;48;42;0
1;48;8;0
2;48;8;0
3;48;8;0
4;48;8;0
5;48;8;0
6;48;8;0
7;48;8;0
8;48;8;0
9;48;8;0
10;48;8;0
11;48;8;0
12;48;8;0
13;48;8;0
14;48;8;0
15;48;8;0
16;48;8;0
17;48;8;0
18;48;8;0
19;48;8;0
20;48;7656;0
21;48;15;0
22;48;17896;0
23;48;9704;0
24;48;1512;0
25;48;8;0
26;48;8;0
27;48;8;0
28;48;8;0
29;48;8;0
30;48;8;0
31;48;8;0
32;48;8;0
33;48;8;0
34;48;8;0
35;48;8;0
36;48;8;0
37;48;8;0
38;48;8;0
39;48;8;0
40;48;8;0
41;48;8;0
42;48;8;0
43;48;8;0
44;48;8;0
45;48;8;0
46;48;8;0
47;48;8;0
48;48;8;0
49;48;8;0
50;48;8;0
51;48;8;0
52;48;8;0
53;48;8;0
54;48;8;0
55;48;8;0
56;48;8;0
57;48;8;0
58;48;8;0
59;48;8;0
60;48;8;0
61;48;8;0
62;48;8;0
63;48;8;0
64;48;8;0
65;48;8;0
66;48;8;0
67;48;8;0
68;48;8;0
69;48;42;0
0;49;42;0
1;49;8;0
2;49;8;0
3;49;8;0
4;49;8;0
5;49;8;0
6;49;8;0
7;49;8;0
8;49;8;0
9;49;8;0
10;49;8;0
11;49;8;0
12;49;8;0
13;49;8;0
14;49;8;0
15;49;8;0
16;49;8;0
17;49;8;0
18;49;8;0
19;49;8;0
20;49;8;0
21;49;8;0
22;49;8;0
23;49;8;0
24;49;8;0
25;49;8;0
26;49;8;0
27;49;8;0
28;49;8;0
29;49;8;0
30;49;8;0
31;49;8;0
32;49;8;0
33;49;8;0
34;49;8;0
35;49;8;0
36;49;8;0
37;49;8;0
38;49;8;0
39;49;8;0
40;49;8;0
41;49;8;0
42;49;8;0
43;49;8;0
44;49;8;0
45;49;8;0
46;49;8;0
47;49;8;0
48;49;8;0
49;49;8;0
50;49;8;0
51;49;8;0
52;49;8;0
53;49;8;0
54;49;8;0
55;49;8;0
56;49;8;0
57;49;8;0
58;49;8;0
59;49;8;0
60;49;8;0
61;49;8;0
62;49;8;0
63;49;8;0
64;49;8;0
65;49;8;0
66;49;8;0
67;49;8;0
68;49;8;0
69;49;42;0
0;50;42;0
1;50;8;0
2;50;8;0
3;50;8;0
4;50;8;0
5;50;8;0
6;50;8;0
7;50;8;0
8;50;8;0
9;50;8;0
10;50;8;0
11;50;8;0
12;50;8;0
13;50;8;0
14;50;8;0
15;50;8;0
16;50;8;0
17;50;8;0
18;50;8;0
19;50;8;0
20;50;8;0
21;50;8;0
22;50;8;0
23;50;8;0
24;50;8;0
25;50;8;0
26;50;8;0
27;50;8;0
28;50;8;0
29;50;8;0
30;50;8;0
31;50;8;0
32;50;8;0
33;50;8;0
34;50;8;0
35;50;8;0
36;50;8;0
37;50;8;0
38;50;8;0
39;50;8;0
40;50;8;0
41;50;8;0
42;50;8;0
43;50;8;0
44;50;8;0
45;50;8;0
46;50;8;0
47;50;8;0
48;50;8;0
49;50;8;0
50;50;8;0
51;50;8;0
52;50;8;0
53;50;8;0
54;50;8;0
55;50;8;0
56;50;8;0
57;50;8;0
58;50;8;0
59;50;8;0
60;50;8;0
61;50;8;0
62;50;8;0
63;50;8;0
64;50;8;0
65;50;8;0
66;50;8;0
67;50;8;0
68;50;8;0
69;50;42;0
0;51;42;0
1;51;8;0
2;51;8;0
3;51;8;0
4;51;8;0
5;51;8;0
6;51;8;0
7;51;8;0
8;51;8;0
9;51;8;0
10;51;8;0
11;51;8;0
12;51;8;0
13;51;8;0
14;51;8;0
15;51;8;0
16;51;8;0
17;51;8;0
18;51;8;0
19;51;8;0
20;51;8;0
21;51;8;0
22;51;7;0
23;51;7;0
24;51;7;0
25;51;8263;0
26;51;2;0
27;51;18690;0
28;51;8;0
29;51;8;0
30;51;8;0
31;51;8;0
32;51;8;0
33;51;8;0
34;51;8;0
35;51;8;0
36;51;8;0
37;51;8;0
38;51;8;0
39;51;8;0
40;51;8;0
41;51;8;0
42;51;8;0
43;51;6632;0
44;51;11752;0
45;51;5608;0
46;51;8;0
47;51;8;0
48;51;8;0
49;51;8;0
50;51;8;0
51;51;8;0
52;51;8;0
53;51;8;0
54;51;8;0
55;51;8;0
56;51;8;0
57;51;8;0
58;51;8;0
59;51;8;0
60;51;8;0
61;51;8;0
62;51;8;0
63;51;8;0
64;51;8;0
65;51;8;0
66;51;8;0
67;51;8;0
68;51;8;0
69;51;42;0
0;52;42;0
1;52;8;0
2;52;8;0
3;52;8;0
4;52;8;0
5;52;8;0
6;52;8;0
7;52;8;0
8;52;8;0
9;52;8;0
10;52;8;0
11;52;8;0
12;52;8;0
13;52;8;0
14;52;8;0
15;52;8;0
16;52;8;0
17;52;8;0
18;52;8;0
19;52;8;0
20;52;8;0
21;52;8;0
22;52;8;0
23;52;7;0
24;52;7;0
25;52;8;0
26;52;2;0
27;52;2;0
28;52;23810;0
29;52;8;0
30;52;8;0
31;52;8;0
32;52;8;0
33;52;8;0
34;52;8;0
35;52;8;0
36;52;8;0
37;52;8;0
38;52;8;0
39;52;8;0
40;52;8;0
41;52;8;0
42;52;8680;0
43;52;15;0
44;52;15;0
45;52;15;0
46;52;4584;0
47;52;8;0
48;52;8;0
49;52;8;0
50;52;8;0
51;52;8;0
52;52;8;0
53;52;8;0
54;52;8;0
55;52;8;0
56;52;8;0
57;52;8;0
58;52;8;0
59;52;8;0
60;52;8;0
61;52;8;0
62;52;8;0
63;52;8;0
64;52;8;0
65;52;8;0
66;52;8;0
67;52;8;0
68;52;8;0
69;52;42;0
0;53;42;0
1;53;8;0
2;53;8;0
3;53;8;0
4;53;8;0
5;53;8;0
6;53;8;0
7;53;8;0
8;53;8;0
9;53;8;0
10;53;8;0
11;53;8;0
12;53;8;0
13;53;8;0
14;53;8;0
15;53;8;0
16;53;8;0
17;53;8;0
18;53;8;0
19;53;8;0
20;53;8;0
21;53;8;0
22;53;7;0
23;53;7;0
24;53;7;0
25;53;12359;0
26;53;2;0
27;53;2;0
28;53;24834;0
29;53;8;0
30;53;8;0
31;53;8;0
32;53;8;0
33;53;8;0
34;53;8;0
35;53;8;0
36;53;8;0
37;53;8;0
38;53;8;0
39;53;8;0
40;53;8;0
41;53;8;0
42;53;7656;0
43;53;15;0
44;53;15;0
45;53;15;0
46;53;28136;0
47;53;11752;0
48;53;5608;0
49;53;8;0
50;53;8;0
51;53;8;0
52;53;8;0
53;53;8;0
54;53;8;0
55;53;8;0
56;53;8;0
57;53;8;0
58;53;8;0
59;53;8;0
60;53;8;0
61;53;8;0
62;53;8;0
63;53;8;0
64;53;8;0
65;53;8;0
66;53;8;0
67;53;8;0
68;53;8;0
69;53;42;0
0;54;42;0
1;54;8;0
2;54;8;0
3;54;8;0
4;54;8;0
5;54;8;0
6;54;8;0
7;54;8;0
8;54;8;0
9;54;8;0
10;54;8;0
11;54;8;0
12;54;8;0
13;54;8;0
14;54;8;0
15;54;8;0
16;54;8;0
17;54;8;0
18;54;8;0
19;54;8;0
20;54;8;0
21;54;8;0
22;54;8;0
23;54;7;0
24;54;16647;0
25;54;8;0
26;54;4354;0
27;54;2;0
28;54;8;0
29;54;8;0
30;54;8;0
31;54;8;0
32;54;8;0
33;54;8;0
34;54;8;0
35;54;8;0
36;54;8;0
37;54;8;0
38;54;8;0
39;54;8;0
40;54;8;0
41;54;8;0
42;54;8;0
43;54;24040;0
44;54;15;0
45;54;15;0
46;54;15;0
47;54;15;0
48;54;15;0
49;54;8;0
50;54;8;0
51;54;8;0
52;54;8;0
53;54;8;0
54;54;8;0
55;54;25858;0
56;54;9474;0
57;54;26882;0
58;54;8;0
59;54;8;0
60;54;8;0
61;54;8;0
62;54;8;0
63;54;8;0
64;54;8;0
65;54;8;0
66;54;8;0
67;54;8;0
68;54;8;0
69;54;42;0
0;55;42;0
1;55;8;0
2;55;8;0
3;55;8;0
4;55;8;0
5;55;8;0
6;55;8;0
7;55;8;0
8;55;8;0
9;55;8;0
10;55;8;0
11;55;8;0
12;55;8;0
13;55;8;0
14;55;8;0
15;55;8;0
16;55;8;0
17;55;8;0
18;55;8;0
19;55;8;0
20;55;8;0
21;55;8;0
22;55;8;0
23;55;7;0
24;55;8;0
25;55;8;0
26;55;10498;0
27;55;2;0
28;55;23810;0
29;55;8;0
30;55;8;0
31;55;8;0
32;55;8;0
33;55;8;0
34;55;8;0
35;55;8;0
36;55;8;0
37;55;8;0
38;55;8;0
39;55;8;0
40;55;8;0
41;55;8;0
42;55;8;0
43;55;12776;0
44;55;15;0
45;55;15;0
46;55;15;0
47;55;15;0
48;55;13800;0
49;55;8;0
50;55;8;0
51;55;8;0
52;55;8;0
53;55;8;0
54;55;8;0
55;55;10498;0
56;55;2;0
57;55;7426;0
58;55;8;0
59;55;8;0
60;55;8;0
61;55;8;0
62;55;8;0
63;55;8;0
64;55;8;0
65;55;8;0
66;55;8;0
67;55;8;0
68;55;8;0
69;55;42;0
0;56;42;0
1;56;8;0
2;56;8;0
3;56;8;0
4;56;8;0
5;56;8;0
6;56;8;0
7;56;8;0
8;56;8;0
9;56;8;0
10;56;8;0
11;56;8;0
12;56;8;0
13;56;8;0
14;56;8;0
15;56;8;0
16;56;8;0
17;56;8;0
18;56;8;0
19;56;8;0
20;56;8;0
21;56;25863;0
22;56;1287;0
23;56;7;0
24;56;8;0
25;56;8;0
26;56;10498;0
27;56;2;0
28;56;24834;0
29;56;8;0
30;56;8;0
31;56;8;0
32;56;8;0
33;56;8;0
34;56;8;0
35;56;8;0
36;56;8;0
37;56;8;0
38;56;8;0
39;56;8;0
40;56;8;0
41;56;8;0
42;56;8;0
43;56;12776;0
44;56;15;0
45;56;26082;0
46;56;9698;0
47;56;7426;0
48;56;8;0
49;56;8;0
50;56;8;0
51;56;8;0
52;56;8;0
53;56;8;0
54;56;8;0
55;56;3330;0
56;56;2;0
57;56;2;0
58;56;23810;0
59;56;8;0
60;56;8;0
61;56;8;0
62;56;8;0
63;56;8;0
64;56;8;0
65;56;8;0
66;56;8;0
67;56;8;0
68;56;8;0
69;56;42;0
0;57;42;0
1;57;8;0
2;57;8;0
3;57;8;0
4;57;8;0
5;57;8;0
6;57;8;0
7;57;8;0
8;57;8;0
9;57;8;0
10;57;8;0
11;57;8;0
12;57;8;0
13;57;8;0
14;57;8;0
15;57;8;0
16;57;8;0
17;57;8;0
18;57;8;0
19;57;8;0
20;57;8;0
21;57;27911;0
22;57;11527;0
23;57;28935;0
24;57;8;0
25;57;8;0
26;57;3330;0
27;57;8450;0
28;57;8;0
29;57;8;0
30;57;8;0
31;57;8;0
32;57;8;0
33;57;8;0
34;57;8;0
35;57;8;0
36;57;8;0
37;57;8;0
38;57;8;0
39;57;8;0
40;57;8;0
41;57;8;0
42;57;8;0
43;57;12776;0
44;57;15;0
45;57;10722;0
46;57;2;0
47;57;2;0
48;57;23810;0
49;57;8;0
50;57;8;0
51;57;8;0
52;57;8;0
53;57;8;0
54;57;19714;0
55;57;2;0
56;57;2;0
57;57;2;0
58;57;24834;0
59;57;8;0
60;57;8;0
61;57;8;0
62;57;8;0
63;57;8;0
64;57;8;0
65;57;8;0
66;57;8;0
67;57;8;0
68;57;8;0
69;57;42;0
0;58;42;0
1;58;8;0
2;58;8;0
3;58;8;0
4;58;8;0
5;58;8;0
6;58;8;0
7;58;8;0
8;58;8;0
9;58;8;0
10;58;8;0
11;58;8;0
12;58;8;0
13;58;8;0
14;58;8;0
15;58;8;0
16;58;8;0
17;58;8;0
18;58;8;0
19;58;8;0
20;58;8;0
21;58;8;0
22;58;8;0
23;58;8;0
24;58;8;0
25;58;19714;0
26;58;2;0
27;58;24834;0
28;58;8;0
29;58;8;0
30;58;8;0
31;58;8;0
32;58;8;0
33;58;8;0
34;58;8;0
35;58;8;0
36;58;8;0
37;58;8;0
38;58;8;0
39;58;8;0
40;58;8;0
41;58;8;0
42;58;8;0
43;58;7650;0
44;58;15;0
45;58;3554;0
46;58;2;0
47;58;2;0
48;58;24834;0
49;58;8;0
50;58;8;0
51;58;8;0
52;58;8;0
53;58;8;0
54;58;3330;0
55;58;2;0
56;58;2;0
57;58;8450;0
58;58;8;0
59;58;8;0
60;58;8;0
61;58;8;0
62;58;8;0
63;58;8;0
64;58;8;0
65;58;8;0
66;58;8;0
67;58;8;0
68;58;8;0
69;58;42;0
0;59;42;0
1;59;8;0
2;59;8;0
3;59;8;0
4;59;8;0
5;59;8;0
6;59;8;0
7;59;8;0
8;59;8;0
9;59;8;0
10;59;8;0
11;59;8;0
12;59;8;0
13;59;8;0
14;59;8;0
15;59;8;0
16;59;8;0
17;59;8;0
18;59;8;0
19;59;8;0
20;59;8;0
21;59;8;0
22;59;8;0
23;59;8;0
24;59;8;0
25;59;27906;0
26;59;21762;0
27;59;8;0
28;59;8;0
29;59;8;0
30;59;8;0
31;59;8;0
32;59;8;0
33;59;8;0
34;59;8;0
35;59;8;0
36;59;8;0
37;59;8;0
38;59;8;0
39;59;8;0
40;59;8;0
41;59;8;0
42;59;19714;0
43;59;2;0
44;59;2;0
45;59;2;0
46;59;6402;0
47;59;21762;0
48;59;8;0
49;59;8;0
50;59;8;0
51;59;8;0
52;59;25858;0
53;59;1282;0
54;59;2;0
55;59;2;0
56;59;2;0
57;59;24834;0
58;59;8;0
59;59;8;0
60;59;8;0
61;59;8;0
62;59;8;0
63;59;8;0
64;59;8;0
65;59;8;0
66;59;8;0
67;59;8;0
68;59;8;0
69;59;42;0
0;60;42;0
1;60;8;0
2;60;8;0
3;60;8;0
4;60;8;0
5;60;8;0
6;60;8;0
7;60;8;0
8;60;8;0
9;60;8;0
10;60;8;0
11;60;8;0
12;60;8;0
13;60;8;0
14;60;8;0
15;60;8;0
16;60;8;0
17;60;8;0
18;60;8;0
19;60;8;0
20;60;8;0
21;60;8;0
22;60;8;0
23;60;8;0
24;60;8;0
25;60;8;0
26;60;8;0
27;60;8;0
28;60;8;0
29;60;8;0
30;60;8;0
31;60;8;0
32;60;8;0
33;60;8;0
34;60;8;0
35;60;8;0
36;60;8;0
37;60;8;0
38;60;8;0
39;60;8;0
40;60;8;0
41;60;8;0
42;60;27906;0
43;60;5378;0
44;60;2;0
45;60;8450;0
46;60;8;0
47;60;8;0
48;60;8;0
49;60;8;0
50;60;8;0
51;60;8;0
52;60;27906;0
53;60;11522;0
54;60;5378;0
55;60;2;0
56;60;8450;0
57;60;8;0
58;60;8;0
59;60;8;0
60;60;8;0
61;60;8;0
62;60;8;0
63;60;8;0
64;60;8;0
65;60;8;0
66;60;8;0
67;60;8;0
68;60;8;0
69;60;42;0
0;61;42;0
1;61;8;0
2;61;8;0
3;61;8;0
4;61;8;0
5;61;8;0
6;61;8;0
7;61;8;0
8;61;8;0
9;61;8;0
10;61;8;0
11;61;8;0
12;61;8;0
13;61;8;0
14;61;8;0
15;61;8;0
16;61;8;0
17;61;8;0
18;61;8;0
19;61;8;0
20;61;8;0
21;61;8;0
22;61;8;0
23;61;8;0
24;61;8;0
25;61;8;0
26;61;8;0
27;61;8;0
28;61;8;0
29;61;8;0
30;61;8;0
31;61;8;0
32;61;8;0
33;61;8;0
34;61;8;0
35;61;8;0
36;61;8;0
37;61;8;0
38;61;8;0
39;61;8;0
40;61;8;0
41;61;8;0
42;61;8;0
43;61;8;0
44;61;22786;0
45;61;28930;0
46;61;8;0
47;61;8;0
48;61;8;0
49;61;8;0
50;61;8;0
51;61;8;0
52;61;8;0
53;61;8;0
54;61;8;0
55;61;22786;0
56;61;28930;0
57;61;8;0
58;61;8;0
59;61;8;0
60;61;8;0
61;61;8;0
62;61;8;0
63;61;8;0
64;61;8;0
65;61;8;0
66;61;8;0
67;61;8;0
68;61;8;0
69;61;42;0
0;62;42;0
1;62;8;0
2;62;8;0
3;62;8;0
4;62;8;0
5;62;8;0
6;62;8;0
7;62;8;0
8;62;8;0
9;62;8;0
10;62;8;0
11;62;8;0
12;62;8;0
13;62;8;0
14;62;8;0
15;62;8;0
16;62;8;0
17;62;8;0
18;62;8;0
19;62;8;0
20;62;8;0
21;62;8;0
22;62;8;0
23;62;8;0
24;62;8;0
25;62;8;0
26;62;8;0
27;62;8;0
28;62;8;0
29;62;8;0
30;62;8;0
31;62;8;0
32;62;8;0
33;62;8;0
34;62;8;0
35;62;8;0
36;62;8;0
37;62;8;0
38;62;8;0
39;62;8;0
40;62;8;0
41;62;8;0
42;62;8;0
43;62;8;0
44;62;8;0
45;62;8;0
46;62;8;0
47;62;8;0
48;62;8;0
49;62;8;0
50;62;8;0
51;62;8;0
52;62;8;0
53;62;8;0
54;62;8;0
55;62;8;0
56;62;8;0
57;62;8;0
58;62;8;0
59;62;8;0
60;62;8;0
61;62;8;0
62;62;8;0
63;62;8;0
64;62;8;0
65;62;8;0
66;62;8;0
67;62;8;0
68;62;8;0
69;62;42;0
0;63;42;0
1;63;8;0
2;63;8;0
3;63;8;0
4;63;8;0
5;63;8;0
6;63;8;0
7;63;8;0
8;63;8;0
9;63;8;0
10;63;8;0
11;63;8;0
12;63;8;0
13;63;8;0
14;63;8;0
15;63;8;0
16;63;8;0
17;63;8;0
18;63;8;0
19;63;8;0
20;63;8;0
21;63;8;0
22;63;8;0
23;63;8;0
24;63;8;0
25;63;8;0
26;63;8;0
27;63;8;0
28;63;8;0
29;63;8;0
30;63;8;0
31;63;8;0
32;63;8;0
33;63;8;0
34;63;8;0
35;63;8;0
36;63;8;0
37;63;8;0
38;63;8;0
39;63;8;0
40;63;8;0
41;63;8;0
42;63;8;0
43;63;8;0
44;63;8;0
45;63;8;0
46;63;8;0
47;63;8;0
48;63;8;0
49;63;8;0
50;63;8;0
51;63;8;0
52;63;8;0
53;63;8;0
54;63;8;0
55;63;8;0
56;63;8;0
57;63;8;0
58;63;8;0
59;63;8;0
60;63;8;0
61;63;8;0
62;63;8;0
63;63;8;0
64;63;8;0
65;63;8;0
66;63;8;0
67;63;8;0
68;63;8;0
69;63;42;0
0;64;42;0
1;64;8;0
2;64;8;0
3;64;8;0
4;64;8;0
5;64;8;0
6;64;8;0
7;64;8;0
8;64;8;0
9;64;8;0
10;64;8;0
11;64;8;0
12;64;8;0
13;64;8;0
14;64;8;0
15;64;8;0
16;64;8;0
17;64;8;0
18;64;8;0
19;64;8;0
20;64;8;0
21;64;8;0
22;64;8;0
23;64;8;0
24;64;8;0
25;64;8;0
26;64;8;0
27;64;8;0
28;64;8;0
29;64;8;0
30;64;8;0
31;64;8;0
32;64;8;0
33;64;8;0
34;64;8;0
35;64;8;0
36;64;8;0
37;64;8;0
38;64;8;0
39;64;8;0
40;64;8;0
41;64;8;0
42;64;8;0
43;64;8;0
44;64;8;0
45;64;8;0
46;64;8;0
47;64;8;0
48;64;8;0
49;64;8;0
50;64;8;0
51;64;8;0
52;64;8;0
53;64;8;0
54;64;8;0
55;64;8;0
56;64;8;0
57;64;8;0
58;64;8;0
59;64;8;0
60;64;8;0
61;64;8;0
62;64;8;0
63;64;8;0
64;64;8;0
65;64;8;0
66;64;8;0
67;64;8;0
68;64;8;0
69;64;42;0
0;65;42;0
1;65;8;0
2;65;8;0
3;65;8;0
4;65;8;0
5;65;8;0
6;65;8;0
7;65;8;0
8;65;8;0
9;65;8;0
10;65;8;0
11;65;8;0
12;65;8;0
13;65;8;0
14;65;8;0
15;65;8;0
16;65;8;0
17;65;8;0
18;65;8;0
19;65;8;0
20;65;8;0
21;65;8;0
22;65;8;0
23;65;8;0
24;65;8;0
25;65;8;0
26;65;8;0
27;65;8;0
28;65;8;0
29;65;8;0
30;65;8;0
31;65;8;0
32;65;8;0
33;65;8;0
34;65;8;0
35;65;8;0
36;65;8;0
37;65;8;0
38;65;8;0
39;65;8;0
40;65;8;0
41;65;8;0
42;65;8;0
43;65;8;0
44;65;8;0
45;65;8;0
46;65;8;0
47;65;8;0
48;65;8;0
49;65;8;0
50;65;8;0
51;65;8;0
52;65;8;0
53;65;8;0
54;65;8;0
55;65;8;0
56;65;8;0
57;65;8;0
58;65;8;0
59;65;8;0
60;65;8;0
61;65;8;0
62;65;8;0
63;65;8;0
64;65;8;0
65;65;8;0
66;65;8;0
67;65;8;0
68;65;8;0
69;65;42;0
0;66;42;0
1;66;8;0
2;66;8;0
3;66;8;0
4;66;8;0
5;66;8;0
6;66;8;0
7;66;8;0
8;66;8;0
9;66;8;0
10;66;8;0
11;66;8;0
12;66;8;0
13;66;8;0
14;66;8;0
15;66;8;0
16;66;8;0
17;66;8;0
18;66;8;0
19;66;8;0
20;66;8;0
21;66;8;0
22;66;8;0
23;66;8;0
24;66;8;0
25;66;8;0
26;66;8;0
27;66;8;0
28;66;8;0
29;66;8;0
30;66;8;0
31;66;8;0
32;66;8;0
33;66;8;0
34;66;8;0
35;66;8;0
36;66;8;0
37;66;8;0
38;66;8;0
39;66;8;0
40;66;8;0
41;66;8;0
42;66;8;0
43;66;8;0
44;66;8;0
45;66;8;0
46;66;8;0
47;66;8;0
48;66;8;0
49;66;8;0
50;66;8;0
51;66;8;0
52;66;8;0
53;66;8;0
54;66;8;0
55;66;8;0
56;66;8;0
57;66;8;0
58;66;8;0
59;66;8;0
60;66;8;0
61;66;8;0
62;66;8;0
63;66;8;0
64;66;8;0
65;66;8;0
66;66;8;0
67;66;8;0
68;66;8;0
69;66;42;0
0;67;42;0
1;67;8;0
2;67;8;0
3;67;8;0
4;67;8;0
5;67;8;0
6;67;8;0
7;67;8;0
8;67;8;0
9;67;8;0
10;67;8;0
11;67;8;0
12;67;8;0
13;67;8;0
14;67;8;0
15;67;8;0
16;67;8;0
17;67;8;0
18;67;8;0
19;67;8;0
20;67;8;0
21;67;8;0
22;67;8;0
23;67;8;0
24;67;8;0
25;67;8;0
26;67;8;0
27;67;8;0
28;67;8;0
29;67;8;0
30;67;8;0
31;67;8;0
32;67;8;0
33;67;8;0
34;67;8;0
35;67;8;0
36;67;8;0
37;67;8;0
38;67;8;0
39;67;8;0
40;67;8;0
41;67;8;0
42;67;8;0
43;67;8;0
44;67;8;0
45;67;8;0
46;67;8;0
47;67;8;0
48;67;8;0
49;67;8;0
50;67;8;0
51;67;8;0
52;67;8;0
53;67;8;0
54;67;8;0
55;67;8;0
56;67;8;0
57;67;8;0
58;67;8;0
59;67;8;0
60;67;8;0
61;67;8;0
62;67;8;0
63;67;8;0
64;67;8;0
65;67;8;0
66;67;8;0
67;67;8;0
68;67;8;0
69;67;42;0
0;68;42;0
1;68;42;0
2;68;42;0
3;68;42;0
4;68;42;0
5;68;42;0
6;68;42;0
7;68;42;0
8;68;42;0
9;68;42;0
10;68;42;0
11;68;42;0
12;68;42;0
13;68;42;0
14;68;42;0
15;68;42;0
16;68;42;0
17;68;42;0
18;68;42;0
19;68;42;0
20;68;42;0
21;68;42;0
22;68;42;0
23;68;42;0
24;68;42;0
25;68;42;0
26;68;42;0
27;68;42;0
28;68;42;0
29;68;42;0
30;68;42;0
31;68;42;0
32;68;42;0
33;68;42;0
34;68;42;0
35;68;42;0
36;68;42;0
37;68;42;0
38;68;42;0
39;68;42;0
40;68;42;0
41;68;42;0
42;68;42;0
43;68;42;0
44;68;42;0
45;68;42;0
46;68;42;0
47;68;42;0
48;68;42;0
49;68;42;0
50;68;42;0
51;68;42;0
52;68;42;0
53;68;42;0
54;68;42;0
55;68;42;0
56;68;42;0
57;68;42;0
58;68;42;0
59;68;42;0
60;68;42;0
61;68;42;0
62;68;42;0
63;68;42;0
64;68;42;0
65;68;42;0
66;68;42;0
67;68;42;0
68;68;42;0
69;68;42;0
0;69;42;0
1;69;0;0
2;69;0;0
3;69;0;0
4;69;0;0
5;69;0;0
6;69;0;0
7;69;0;0
8;69;0;0
9;69;0;0
10;69;0;0
11;69;0;0
12;69;0;0
13;69;0;0
14;69;0;0
15;69;0;0
16;69;0;0
17;69;0;0
18;69;0;0
19;69;0;0
20;69;0;0
21;69;0;0
22;69;0;0
23;69;0;0
24;69;0;0
25;69;0;0
26;69;0;0
27;69;0;0
28;69;0;0
29;69;0;0
30;69;0;0
31;69;0;0
32;69;0;0
33;69;0;0
34;69;0;0
35;69;0;0
36;69;0;0
37;69;0;0
38;69;0;0
39;69;0;0
40;69;0;0
41;69;0;0
42;69;0;0
43;69;0;0
44;69;0;0
45;69;0;0
46;69;0;0
47;69;0;0
48;69;0;0
49;69;0;0
50;69;0;0
51;69;0;0
52;69;0;0
53;69;0;0
54;69;0;0
55;69;0;0
56;69;0;0
57;69;0;0
58;69;0;0
59;69;0;0
60;69;0;0
61;69;0;0
62;69;0;0
63;69;0;0
64;69;0;0
65;69;0;0
66;69;0;0
67;69;0;0
68;69;0;0
69;69;0;0
