L: -2
X: 91
Y: -214
W: 100
H: 100
0;0;15
1;0;15
2;0;15
3;0;15
4;0;15
5;0;15
6;0;15
7;0;15
8;0;15
9;0;15
10;0;15
11;0;15
12;0;15
13;0;15
14;0;15
15;0;15
16;0;15
17;0;15
18;0;15
19;0;15
20;0;15
21;0;15
22;0;15
23;0;15
24;0;15
25;0;15
26;0;15
27;0;15
28;0;15
29;0;15
30;0;15
31;0;15
32;0;15
33;0;15
34;0;15
35;0;15
36;0;15
37;0;15
38;0;15
39;0;15
40;0;15
41;0;15
42;0;15
43;0;15
44;0;15
45;0;15
46;0;15
47;0;15
48;0;15
49;0;15
50;0;15
51;0;15
52;0;15
53;0;15
54;0;15
55;0;15
56;0;15
57;0;15
58;0;15
59;0;15
60;0;15
61;0;15
62;0;15
63;0;15
64;0;15
65;0;15
66;0;15
67;0;15
68;0;15
69;0;15
70;0;15
71;0;15
72;0;15
73;0;15
74;0;15
75;0;15
76;0;15
77;0;15
78;0;15
79;0;15
80;0;15
81;0;15
82;0;15
83;0;15
84;0;15
85;0;15
86;0;15
87;0;15
88;0;15
89;0;15
90;0;34
91;0;34
92;0;34
93;0;34
94;0;34
95;0;34
96;0;34
97;0;34
98;0;34
99;0;34
0;1;15
1;1;15
2;1;15
3;1;15
4;1;15
5;1;15
6;1;15
7;1;15
8;1;15
9;1;15
10;1;15
11;1;15
12;1;15
13;1;15
14;1;15
15;1;15
16;1;15
17;1;15
18;1;15
19;1;15
20;1;15
21;1;15
22;1;15
23;1;15
24;1;15
25;1;15
26;1;15
27;1;15
28;1;15
29;1;15
30;1;15
31;1;15
32;1;15
33;1;15
34;1;15
35;1;15
36;1;15
37;1;15
38;1;15
39;1;15
40;1;15
41;1;15
42;1;15
43;1;15
44;1;15
45;1;15
46;1;15
47;1;15
48;1;15
49;1;15
50;1;15
51;1;15
52;1;15
53;1;15
54;1;15
55;1;15
56;1;15
57;1;15
58;1;15
59;1;15
60;1;15
61;1;15
62;1;15
63;1;15
64;1;15
65;1;15
66;1;15
67;1;15
68;1;15
69;1;15
70;1;15
71;1;15
72;1;15
73;1;15
74;1;15
75;1;15
76;1;15
77;1;15
78;1;15
79;1;15
80;1;15
81;1;15
82;1;15
83;1;15
84;1;15
85;1;15
86;1;15
87;1;15
88;1;15
89;1;15
90;1;34
91;1;34
92;1;34
93;1;34
94;1;34
95;1;34
96;1;34
97;1;34
98;1;34
99;1;34
0;2;15
1;2;15
2;2;15
3;2;15
4;2;15
5;2;15
6;2;15
7;2;15
8;2;15
9;2;15
10;2;15
11;2;15
12;2;15
13;2;15
14;2;15
15;2;15
16;2;15
17;2;15
18;2;15
19;2;15
20;2;15
21;2;15
22;2;15
23;2;15
24;2;15
25;2;15
26;2;15
27;2;15
28;2;15
29;2;15
30;2;15
31;2;15
32;2;15
33;2;15
34;2;15
35;2;15
36;2;15
37;2;15
38;2;15
39;2;15
40;2;15
41;2;15
42;2;15
43;2;15
44;2;15
45;2;15
46;2;15
47;2;15
48;2;15
49;2;15
50;2;15
51;2;15
52;2;15
53;2;15
54;2;15
55;2;15
56;2;15
57;2;15
58;2;15
59;2;15
60;2;15
61;2;15
62;2;15
63;2;15
64;2;15
65;2;15
66;2;15
67;2;15
68;2;15
69;2;15
70;2;15
71;2;15
72;2;15
73;2;15
74;2;15
75;2;15
76;2;15
77;2;15
78;2;15
79;2;15
80;2;15
81;2;15
82;2;15
83;2;15
84;2;15
85;2;15
86;2;15
87;2;15
88;2;15
89;2;15
90;2;34
91;2;34
92;2;34
93;2;34
94;2;34
95;2;34
96;2;34
97;2;34
98;2;34
99;2;34
0;3;15
1;3;15
2;3;15
3;3;15
4;3;15
5;3;15
6;3;15
7;3;15
8;3;15
9;3;15
10;3;15
11;3;15
12;3;15
13;3;15
14;3;15
15;3;15
16;3;15
17;3;15
18;3;15
19;3;15
20;3;15
21;3;15
22;3;15
23;3;15
24;3;15
25;3;15
26;3;15
27;3;15
28;3;15
29;3;15
30;3;15
31;3;15
32;3;15
33;3;15
34;3;15
35;3;15
36;3;15
37;3;15
38;3;15
39;3;15
40;3;15
41;3;15
42;3;15
43;3;15
44;3;15
45;3;15
46;3;15
47;3;15
48;3;15
49;3;15
50;3;15
51;3;15
52;3;15
53;3;15
54;3;15
55;3;15
56;3;15
57;3;15
58;3;15
59;3;15
60;3;15
61;3;15
62;3;15
63;3;15
64;3;15
65;3;15
66;3;15
67;3;15
68;3;15
69;3;15
70;3;15
71;3;15
72;3;15
73;3;15
74;3;15
75;3;15
76;3;15
77;3;15
78;3;15
79;3;15
80;3;15
81;3;15
82;3;15
83;3;15
84;3;15
85;3;15
86;3;15
87;3;15
88;3;15
89;3;15
90;3;34
91;3;34
92;3;34
93;3;34
94;3;34
95;3;34
96;3;34
97;3;34
98;3;34
99;3;34
0;4;15
1;4;15
2;4;15
3;4;15
4;4;15
5;4;15
6;4;15
7;4;15
8;4;15
9;4;15
10;4;15
11;4;15
12;4;15
13;4;15
14;4;15
15;4;15
16;4;15
17;4;15
18;4;15
19;4;15
20;4;15
21;4;15
22;4;15
23;4;15
24;4;15
25;4;15
26;4;15
27;4;15
28;4;15
29;4;15
30;4;15
31;4;15
32;4;15
33;4;15
34;4;15
35;4;15
36;4;15
37;4;15
38;4;15
39;4;15
40;4;15
41;4;15
42;4;15
43;4;15
44;4;15
45;4;15
46;4;15
47;4;15
48;4;15
49;4;15
50;4;15
51;4;15
52;4;15
53;4;15
54;4;15
55;4;15
56;4;15
57;4;15
58;4;15
59;4;15
60;4;15
61;4;15
62;4;15
63;4;15
64;4;15
65;4;15
66;4;15
67;4;15
68;4;15
69;4;15
70;4;15
71;4;15
72;4;15
73;4;15
74;4;15
75;4;15
76;4;15
77;4;15
78;4;15
79;4;15
80;4;15
81;4;15
82;4;15
83;4;15
84;4;15
85;4;15
86;4;15
87;4;15
88;4;15
89;4;15
90;4;34
91;4;34
92;4;34
93;4;34
94;4;34
95;4;34
96;4;34
97;4;34
98;4;34
99;4;34
0;5;15
1;5;15
2;5;15
3;5;15
4;5;15
5;5;15
6;5;15
7;5;15
8;5;15
9;5;15
10;5;15
11;5;15
12;5;15
13;5;15
14;5;15
15;5;15
16;5;15
17;5;15
18;5;15
19;5;15
20;5;15
21;5;15
22;5;15
23;5;15
24;5;15
25;5;15
26;5;15
27;5;15
28;5;15
29;5;15
30;5;26082
31;5;9698
32;5;9698
33;5;9698
34;5;9698
35;5;9698
36;5;9698
37;5;18914
38;5;15
39;5;15
40;5;15
41;5;15
42;5;15
43;5;15
44;5;15
45;5;15
46;5;15
47;5;15
48;5;15
49;5;15
50;5;15
51;5;15
52;5;15
53;5;15
54;5;15
55;5;15
56;5;15
57;5;15
58;5;15
59;5;15
60;5;15
61;5;15
62;5;15
63;5;15
64;5;15
65;5;15
66;5;15
67;5;15
68;5;15
69;5;15
70;5;15
71;5;15
72;5;15
73;5;15
74;5;15
75;5;15
76;5;15
77;5;15
78;5;15
79;5;15
80;5;15
81;5;15
82;5;15
83;5;15
84;5;15
85;5;15
86;5;15
87;5;15
88;5;15
89;5;15
90;5;34
91;5;34
92;5;34
93;5;34
94;5;34
95;5;34
96;5;34
97;5;34
98;5;34
99;5;34
0;6;42
1;6;15
2;6;15
3;6;15
4;6;15
5;6;15
6;6;15
7;6;2
8;6;15
9;6;15
10;6;15
11;6;15
12;6;15
13;6;15
14;6;15
15;6;15
16;6;15
17;6;15
18;6;15
19;6;15
20;6;15
21;6;15
22;6;15
23;6;15
24;6;15
25;6;15
26;6;15
27;6;15
28;6;15
29;6;15
30;6;10722
31;6;2
32;6;2
33;6;2
34;6;2
35;6;2
36;6;2
37;6;2
38;6;2530
39;6;9698
40;6;9698
41;6;9698
42;6;9698
43;6;9698
44;6;9698
45;6;9698
46;6;9698
47;6;9698
48;6;9698
49;6;9698
50;6;9698
51;6;9698
52;6;9698
53;6;27106
54;6;15
55;6;15
56;6;15
57;6;15
58;6;15
59;6;15
60;6;15
61;6;15
62;6;15
63;6;15
64;6;15
65;6;15
66;6;15
67;6;15
68;6;15
69;6;15
70;6;15
71;6;15
72;6;15
73;6;15
74;6;15
75;6;15
76;6;15
77;6;15
78;6;15
79;6;15
80;6;15
81;6;15
82;6;15
83;6;15
84;6;15
85;6;15
86;6;15
87;6;15
88;6;15
89;6;15
90;6;34
91;6;34
92;6;34
93;6;34
94;6;34
95;6;34
96;6;34
97;6;34
98;6;34
99;6;34
0;7;42
1;7;2535
2;7;18919
3;7;15
4;7;15
5;7;15
6;7;15
7;7;15
8;7;15
9;7;15
10;7;15
11;7;15
12;7;15
13;7;15
14;7;15
15;7;15
16;7;15
17;7;15
18;7;17890
19;7;27106
20;7;15
21;7;15
22;7;15
23;7;15
24;7;15
25;7;15
26;7;15
27;7;15
28;7;15
29;7;15
30;7;3554
31;7;2
32;7;2
33;7;2
34;7;2
35;7;2
36;7;2
37;7;2
38;7;2
39;7;2
40;7;2
41;7;2
42;7;2
43;7;2
44;7;2
45;7;2
46;7;2
47;7;2
48;7;2
49;7;2
50;7;2
51;7;2
52;7;2
53;7;12770
54;7;15
55;7;15
56;7;15
57;7;15
58;7;15
59;7;15
60;7;15
61;7;15
62;7;15
63;7;15
64;7;15
65;7;15
66;7;15
67;7;15
68;7;15
69;7;15
70;7;15
71;7;15
72;7;15
73;7;15
74;7;15
75;7;15
76;7;15
77;7;15
78;7;15
79;7;15
80;7;15
81;7;15
82;7;15
83;7;15
84;7;15
85;7;15
86;7;15
87;7;15
88;7;15
89;7;15
90;7;34
91;7;34
92;7;34
93;7;34
94;7;34
95;7;34
96;7;34
97;7;34
98;7;34
99;7;34
0;8;42
1;8;7
2;8;7
3;8;2535
4;8;9703
5;8;9703
6;8;18919
7;8;15
8;8;15
9;8;15
10;8;15
11;8;15
12;8;15
13;8;15
14;8;15
15;8;15
16;8;15
17;8;19938
18;8;2
19;8;7650
20;8;15
21;8;15
22;8;15
23;8;15
24;8;15
25;8;15
26;8;15
27;8;15
28;8;26082
29;8;1506
30;8;2
31;8;2
32;8;17479
33;8;18503
34;8;2
35;8;2
36;8;2
37;8;7
38;8;2
39;8;2
40;8;2
41;8;17479
42;8;9287
43;8;18503
44;8;2
45;8;2
46;8;2
47;8;17479
48;8;9287
49;8;9287
50;8;26695
51;8;2
52;8;2
53;8;12770
54;8;15
55;8;15
56;8;15
57;8;15
58;8;15
59;8;15
60;8;15
61;8;15
62;8;15
63;8;15
64;8;15
65;8;15
66;8;15
67;8;15
68;8;15
69;8;15
70;8;15
71;8;15
72;8;15
73;8;15
74;8;15
75;8;15
76;8;15
77;8;15
78;8;15
79;8;15
80;8;15
81;8;15
82;8;15
83;8;15
84;8;15
85;8;15
86;8;15
87;8;15
88;8;15
89;8;15
90;8;34
91;8;34
92;8;34
93;8;34
94;8;34
95;8;34
96;8;34
97;8;34
98;8;34
99;8;34
0;9;42
1;9;7
2;9;7
3;9;7
4;9;7
5;9;7
6;9;7
7;9;2535
8;9;9703
9;9;9703
10;9;27111
11;9;15
12;9;15
13;9;15
14;9;15
15;9;15
16;9;15
17;9;3554
18;9;2
19;9;2
20;9;2530
21;9;9698
22;9;27106
23;9;15
24;9;15
25;9;15
26;9;15
27;9;15
28;9;10722
29;9;2
30;9;2
31;9;19527
32;9;7
33;9;7
34;9;2119
35;9;9287
36;9;1095
37;9;7
38;9;2119
39;9;9287
40;9;1095
41;9;7
42;9;7
43;9;7
44;9;2119
45;9;9287
46;9;1095
47;9;7
48;9;7
49;9;7
50;9;7239
51;9;2
52;9;2
53;9;12770
54;9;15
55;9;15
56;9;15
57;9;15
58;9;15
59;9;15
60;9;15
61;9;15
62;9;15
63;9;15
64;9;15
65;9;15
66;9;15
67;9;15
68;9;15
69;9;15
70;9;15
71;9;15
72;9;15
73;9;15
74;9;15
75;9;15
76;9;15
77;9;15
78;9;15
79;9;15
80;9;15
81;9;15
82;9;15
83;9;15
84;9;15
85;9;15
86;9;15
87;9;15
88;9;15
89;9;15
90;9;34
91;9;34
92;9;34
93;9;34
94;9;34
95;9;34
96;9;34
97;9;34
98;9;34
99;9;34
0;10;42
1;10;7
2;10;15
3;10;7
4;10;7
5;10;7
6;10;7
7;10;7
8;10;7
9;10;7
10;10;7655
11;10;15
12;10;17890
13;10;9698
14;10;9698
15;10;9698
16;10;1506
17;10;2
18;10;7
19;10;2
20;10;2
21;10;2
22;10;7650
23;10;15
24;10;15
25;10;15
26;10;15
27;10;15
28;10;10722
29;10;2
30;10;2
31;10;10311
32;10;7
33;10;7
34;10;7
35;10;7
36;10;7
37;10;7
38;10;7
39;10;7
40;10;7
41;10;7
42;10;7
43;10;7
44;10;7
45;10;7
46;10;7
47;10;7
48;10;7
49;10;7
50;10;7
51;10;2119
52;10;26695
53;10;12770
54;10;15
55;10;15
56;10;15
57;10;15
58;10;15
59;10;15
60;10;15
61;10;15
62;10;15
63;10;15
64;10;15
65;10;15
66;10;15
67;10;15
68;10;15
69;10;15
70;10;15
71;10;15
72;10;15
73;10;15
74;10;15
75;10;15
76;10;15
77;10;15
78;10;15
79;10;15
80;10;15
81;10;15
82;10;15
83;10;15
84;10;15
85;10;15
86;10;15
87;10;15
88;10;15
89;10;15
90;10;34
91;10;34
92;10;34
93;10;34
94;10;34
95;10;34
96;10;34
97;10;34
98;10;34
99;10;34
0;11;42
1;11;7
2;11;7
3;11;7
4;11;7
5;11;7
6;11;7
7;11;7
8;11;7
9;11;7
10;11;7
11;11;7
12;11;14407
13;11;2
14;11;2
15;11;2
16;11;2
17;11;13383
18;11;7
19;11;2119
20;11;18503
21;11;2
22;11;2
23;11;2530
24;11;9698
25;11;27106
26;11;15
27;11;15
28;11;3554
29;11;2
30;11;2
31;11;10311
32;11;7
33;11;7
34;11;7
35;11;7
36;11;7
37;11;7
38;11;7
39;11;7
40;11;7
41;11;7
42;11;7
43;11;7
44;11;7
45;11;7
46;11;7
47;11;7
48;11;7
49;11;7
50;11;7
51;11;7
52;11;12359
53;11;7650
54;11;15
55;11;15
56;11;15
57;11;15
58;11;15
59;11;15
60;11;15
61;11;15
62;11;15
63;11;15
64;11;15
65;11;15
66;11;15
67;11;15
68;11;15
69;11;15
70;11;15
71;11;15
72;11;15
73;11;15
74;11;15
75;11;15
76;11;15
77;11;15
78;11;15
79;11;15
80;11;15
81;11;15
82;11;15
83;11;15
84;11;15
85;11;15
86;11;15
87;11;15
88;11;15
89;11;15
90;11;34
91;11;34
92;11;34
93;11;34
94;11;34
95;11;34
96;11;34
97;11;34
98;11;34
99;11;34
0;12;7
1;12;7
2;12;7
3;12;7
4;12;0
5;12;0
6;12;0
7;12;0
8;12;7
9;12;7
10;12;7
11;12;7
12;12;7
13;12;2119
14;12;9287
15;12;9287
16;12;1095
17;12;7
18;12;7
19;12;7
20;12;7
21;12;14407
22;12;2
23;12;2
24;12;2
25;12;7650
26;12;15
27;12;13794
28;12;2
29;12;2
30;12;2
31;12;10311
32;12;7
33;12;7
34;12;7
35;12;7
36;12;7
37;12;7
38;12;7
39;12;7
40;12;7
41;12;7
42;12;7
43;12;7
44;12;7
45;12;7
46;12;7
47;12;7
48;12;7
49;12;7
50;12;7
51;12;7
52;12;12359
53;12;2
54;12;24034
55;12;15
56;12;15
57;12;15
58;12;15
59;12;15
60;12;15
61;12;15
62;12;15
63;12;15
64;12;15
65;12;15
66;12;15
67;12;15
68;12;15
69;12;15
70;12;15
71;12;15
72;12;15
73;12;15
74;12;15
75;12;15
76;12;15
77;12;15
78;12;15
79;12;15
80;12;15
81;12;15
82;12;15
83;12;15
84;12;15
85;12;15
86;12;15
87;12;15
88;12;15
89;12;15
90;12;34
91;12;34
92;12;34
93;12;34
94;12;34
95;12;34
96;12;34
97;12;34
98;12;34
99;12;34
0;13;0
1;13;0
2;13;0
3;13;0
4;13;0
5;13;0
6;13;0
7;13;0
8;13;0
9;13;0
10;13;0
11;13;0
12;13;7
13;13;7
14;13;7
15;13;7
16;13;7
17;13;7
18;13;7
19;13;7
20;13;7
21;13;7
22;13;2119
23;13;9287
24;13;18503
25;13;2
26;13;2
27;13;2
28;13;2
29;13;2
30;13;2
31;13;3143
32;13;7
33;13;7
34;13;7
35;13;7
36;13;7
37;13;7
38;13;7
39;13;7
40;13;7
41;13;7
42;13;7
43;13;7
44;13;7
45;13;7
46;13;7
47;13;7
48;13;7
49;13;7
50;13;7
51;13;7
52;13;12359
53;13;2
54;13;12770
55;13;15
56;13;15
57;13;15
58;13;15
59;13;15
60;13;15
61;13;15
62;13;15
63;13;15
64;13;15
65;13;15
66;13;15
67;13;15
68;13;15
69;13;15
70;13;15
71;13;15
72;13;15
73;13;15
74;13;15
75;13;15
76;13;15
77;13;15
78;13;15
79;13;15
80;13;15
81;13;15
82;13;15
83;13;15
84;13;15
85;13;15
86;13;15
87;13;15
88;13;15
89;13;15
90;13;34
91;13;34
92;13;34
93;13;34
94;13;34
95;13;34
96;13;34
97;13;34
98;13;34
99;13;34
0;14;0
1;14;0
2;14;0
3;14;0
4;14;0
5;14;0
6;14;0
7;14;0
8;14;0
9;14;0
10;14;0
11;14;0
12;14;0
13;14;0
14;14;0
15;14;7
16;14;7
17;14;7
18;14;7
19;14;7
20;14;7
21;14;7
22;14;7
23;14;7
24;14;7
25;14;14407
26;14;2
27;14;2
28;14;2
29;14;17479
30;14;1095
31;14;7
32;14;7
33;14;7
34;14;7
35;14;0
36;14;34
37;14;7
38;14;7
39;14;7
40;14;7
41;14;7
42;14;34
43;14;0
44;14;7
45;14;7
46;14;7
47;14;7
48;14;34
49;14;7
50;14;7
51;14;7
52;14;12359
53;14;2
54;14;7650
55;14;15
56;14;15
57;14;15
58;14;15
59;14;15
60;14;15
61;14;15
62;14;15
63;14;15
64;14;15
65;14;15
66;14;15
67;14;15
68;14;15
69;14;15
70;14;15
71;14;15
72;14;15
73;14;15
74;14;15
75;14;15
76;14;15
77;14;15
78;14;15
79;14;15
80;14;15
81;14;15
82;14;15
83;14;15
84;14;15
85;14;15
86;14;15
87;14;15
88;14;15
89;14;15
90;14;34
91;14;34
92;14;34
93;14;34
94;14;34
95;14;34
96;14;34
97;14;34
98;14;34
99;14;34
0;15;0
1;15;0
2;15;0
3;15;0
4;15;0
5;15;0
6;15;0
7;15;0
8;15;0
9;15;0
10;15;0
11;15;0
12;15;0
13;15;0
14;15;0
15;15;0
16;15;0
17;15;0
18;15;0
19;15;0
20;15;0
21;15;0
22;15;0
23;15;7
24;15;7
25;15;7
26;15;2119
27;15;9287
28;15;1095
29;15;7
30;15;7
31;15;7
32;15;7
33;15;7
34;15;0
35;15;0
36;15;0
37;15;0
38;15;0
39;15;0
40;15;0
41;15;0
42;15;0
43;15;0
44;15;0
45;15;0
46;15;0
47;15;0
48;15;0
49;15;7
50;15;7
51;15;7
52;15;12359
53;15;2
54;15;2
55;15;24034
56;15;15
57;15;15
58;15;15
59;15;15
60;15;15
61;15;15
62;15;15
63;15;15
64;15;15
65;15;15
66;15;15
67;15;15
68;15;15
69;15;15
70;15;15
71;15;15
72;15;15
73;15;15
74;15;15
75;15;15
76;15;15
77;15;15
78;15;15
79;15;15
80;15;15
81;15;15
82;15;15
83;15;15
84;15;15
85;15;15
86;15;15
87;15;15
88;15;15
89;15;15
90;15;34
91;15;34
92;15;34
93;15;34
94;15;34
95;15;34
96;15;34
97;15;34
98;15;34
99;15;34
0;16;0
1;16;0
2;16;0
3;16;0
4;16;0
5;16;0
6;16;0
7;16;0
8;16;0
9;16;0
10;16;0
11;16;0
12;16;0
13;16;0
14;16;0
15;16;0
16;16;0
17;16;0
18;16;0
19;16;0
20;16;0
21;16;0
22;16;0
23;16;0
24;16;7
25;16;7
26;16;7
27;16;7
28;16;7
29;16;7
30;16;7
31;16;7
32;16;7
33;16;0
34;16;0
35;16;0
36;16;0
37;16;0
38;16;0
39;16;0
40;16;0
41;16;0
42;16;0
43;16;0
44;16;0
45;16;0
46;16;0
47;16;0
48;16;0
49;16;7
50;16;7
51;16;7
52;16;12359
53;16;2
54;16;2
55;16;12770
56;16;15
57;16;15
58;16;15
59;16;15
60;16;15
61;16;15
62;16;15
63;16;15
64;16;15
65;16;15
66;16;15
67;16;15
68;16;15
69;16;15
70;16;15
71;16;15
72;16;15
73;16;15
74;16;15
75;16;15
76;16;15
77;16;15
78;16;15
79;16;15
80;16;15
81;16;15
82;16;15
83;16;15
84;16;15
85;16;15
86;16;15
87;16;15
88;16;15
89;16;15
90;16;34
91;16;34
92;16;34
93;16;34
94;16;34
95;16;34
96;16;34
97;16;34
98;16;34
99;16;34
0;17;0
1;17;0
2;17;0
3;17;0
4;17;0
5;17;0
6;17;0
7;17;0
8;17;0
9;17;0
10;17;0
11;17;0
12;17;0
13;17;0
14;17;0
15;17;0
16;17;0
17;17;0
18;17;0
19;17;0
20;17;0
21;17;0
22;17;0
23;17;0
24;17;7
25;17;7
26;17;7
27;17;7
28;17;7
29;17;7
30;17;7
31;17;7
32;17;0
33;17;0
34;17;0
35;17;0
36;17;0
37;17;0
38;17;0
39;17;0
40;17;0
41;17;0
42;17;0
43;17;0
44;17;0
45;17;0
46;17;0
47;17;0
48;17;0
49;17;7
50;17;7
51;17;7
52;17;7239
53;17;2
54;17;2
55;17;12770
56;17;15
57;17;15
58;17;15
59;17;15
60;17;15
61;17;15
62;17;15
63;17;15
64;17;15
65;17;15
66;17;15
67;17;15
68;17;15
69;17;15
70;17;15
71;17;15
72;17;15
73;17;15
74;17;15
75;17;15
76;17;15
77;17;15
78;17;15
79;17;15
80;17;15
81;17;15
82;17;15
83;17;15
84;17;15
85;17;15
86;17;15
87;17;15
88;17;15
89;17;15
90;17;34
91;17;34
92;17;34
93;17;34
94;17;34
95;17;34
96;17;34
97;17;34
98;17;34
99;17;34
0;18;0
1;18;0
2;18;0
3;18;0
4;18;0
5;18;0
6;18;0
7;18;0
8;18;0
9;18;0
10;18;0
11;18;0
12;18;0
13;18;0
14;18;0
15;18;0
16;18;0
17;18;0
18;18;0
19;18;0
20;18;0
21;18;0
22;18;0
23;18;0
24;18;0
25;18;0
26;18;0
27;18;0
28;18;7
29;18;7
30;18;7
31;18;7
32;18;0
33;18;0
34;18;0
35;18;0
36;18;0
37;18;0
38;18;0
39;18;0
40;18;0
41;18;0
42;18;0
43;18;0
44;18;0
45;18;0
46;18;0
47;18;0
48;18;0
49;18;7
50;18;7
51;18;7
52;18;7
53;18;2119
54;18;26695
55;18;12770
56;18;15
57;18;15
58;18;15
59;18;15
60;18;15
61;18;15
62;18;15
63;18;15
64;18;15
65;18;15
66;18;15
67;18;15
68;18;15
69;18;15
70;18;15
71;18;15
72;18;15
73;18;15
74;18;15
75;18;15
76;18;15
77;18;15
78;18;15
79;18;15
80;18;15
81;18;15
82;18;15
83;18;15
84;18;15
85;18;15
86;18;15
87;18;15
88;18;15
89;18;15
90;18;34
91;18;34
92;18;34
93;18;34
94;18;34
95;18;34
96;18;34
97;18;34
98;18;34
99;18;34
0;19;0
1;19;0
2;19;0
3;19;0
4;19;0
5;19;0
6;19;0
7;19;0
8;19;0
9;19;0
10;19;0
11;19;0
12;19;0
13;19;0
14;19;0
15;19;0
16;19;0
17;19;0
18;19;0
19;19;0
20;19;0
21;19;0
22;19;0
23;19;0
24;19;0
25;19;0
26;19;0
27;19;0
28;19;0
29;19;7
30;19;7
31;19;7
32;19;0
33;19;0
34;19;0
35;19;0
36;19;0
37;19;0
38;19;0
39;19;0
40;19;0
41;19;0
42;19;0
43;19;0
44;19;0
45;19;0
46;19;0
47;19;0
48;19;34
49;19;7
50;19;7
51;19;7
52;19;7
53;19;6215
54;19;28743
55;19;12770
56;19;15
57;19;15
58;19;15
59;19;15
60;19;15
61;19;15
62;19;15
63;19;15
64;19;15
65;19;15
66;19;15
67;19;15
68;19;15
69;19;15
70;19;15
71;19;15
72;19;15
73;19;15
74;19;15
75;19;15
76;19;15
77;19;15
78;19;15
79;19;15
80;19;15
81;19;15
82;19;15
83;19;15
84;19;15
85;19;15
86;19;15
87;19;15
88;19;15
89;19;15
90;19;34
91;19;34
92;19;34
93;19;34
94;19;34
95;19;34
96;19;34
97;19;34
98;19;34
99;19;34
0;20;0
1;20;0
2;20;0
3;20;0
4;20;0
5;20;0
6;20;0
7;20;0
8;20;0
9;20;0
10;20;0
11;20;0
12;20;0
13;20;0
14;20;0
15;20;0
16;20;0
17;20;0
18;20;0
19;20;0
20;20;0
21;20;0
22;20;0
23;20;0
24;20;0
25;20;0
26;20;0
27;20;0
28;20;0
29;20;7
30;20;7
31;20;7
32;20;0
33;20;0
34;20;0
35;20;0
36;20;0
37;20;0
38;20;0
39;20;0
40;20;0
41;20;0
42;20;0
43;20;0
44;20;0
45;20;0
46;20;0
47;20;0
48;20;34
49;20;7
50;20;7
51;20;7
52;20;8263
53;20;2
54;20;2
55;20;12770
56;20;15
57;20;15
58;20;15
59;20;15
60;20;15
61;20;15
62;20;15
63;20;15
64;20;15
65;20;15
66;20;15
67;20;15
68;20;15
69;20;15
70;20;15
71;20;15
72;20;15
73;20;15
74;20;15
75;20;15
76;20;15
77;20;15
78;20;15
79;20;15
80;20;15
81;20;15
82;20;15
83;20;15
84;20;15
85;20;15
86;20;15
87;20;15
88;20;15
89;20;15
90;20;34
91;20;34
92;20;34
93;20;34
94;20;34
95;20;34
96;20;34
97;20;34
98;20;34
99;20;34
0;21;0
1;21;0
2;21;0
3;21;0
4;21;0
5;21;0
6;21;0
7;21;0
8;21;0
9;21;0
10;21;0
11;21;0
12;21;0
13;21;0
14;21;0
15;21;0
16;21;0
17;21;0
18;21;0
19;21;0
20;21;0
21;21;0
22;21;0
23;21;0
24;21;0
25;21;0
26;21;0
27;21;0
28;21;0
29;21;7
30;21;7
31;21;7
32;21;0
33;21;0
34;21;0
35;21;0
36;21;0
37;21;0
38;21;0
39;21;0
40;21;0
41;21;0
42;21;0
43;21;0
44;21;0
45;21;0
46;21;0
47;21;0
48;21;0
49;21;7
50;21;7
51;21;7
52;21;12359
53;21;2
54;21;2
55;21;12770
56;21;15
57;21;15
58;21;15
59;21;15
60;21;15
61;21;15
62;21;15
63;21;15
64;21;15
65;21;15
66;21;15
67;21;15
68;21;15
69;21;15
70;21;15
71;21;15
72;21;15
73;21;15
74;21;15
75;21;15
76;21;15
77;21;15
78;21;15
79;21;15
80;21;15
81;21;15
82;21;15
83;21;15
84;21;15
85;21;15
86;21;15
87;21;15
88;21;15
89;21;15
90;21;34
91;21;34
92;21;34
93;21;34
94;21;34
95;21;34
96;21;34
97;21;34
98;21;34
99;21;34
0;22;0
1;22;0
2;22;0
3;22;0
4;22;0
5;22;7
6;22;7
7;22;7
8;22;7
9;22;0
10;22;0
11;22;0
12;22;0
13;22;0
14;22;0
15;22;0
16;22;0
17;22;0
18;22;0
19;22;0
20;22;0
21;22;0
22;22;0
23;22;0
24;22;0
25;22;0
26;22;0
27;22;0
28;22;0
29;22;7
30;22;7
31;22;7
32;22;0
33;22;0
34;22;0
35;22;0
36;22;0
37;22;0
38;22;0
39;22;0
40;22;0
41;22;0
42;22;0
43;22;0
44;22;0
45;22;0
46;22;0
47;22;0
48;22;0
49;22;7
50;22;7
51;22;7
52;22;12359
53;22;2
54;22;2
55;22;12770
56;22;15
57;22;15
58;22;15
59;22;15
60;22;15
61;22;15
62;22;15
63;22;15
64;22;15
65;22;15
66;22;15
67;22;15
68;22;15
69;22;15
70;22;15
71;22;15
72;22;15
73;22;15
74;22;15
75;22;15
76;22;15
77;22;15
78;22;15
79;22;15
80;22;15
81;22;15
82;22;15
83;22;15
84;22;15
85;22;15
86;22;15
87;22;15
88;22;15
89;22;15
90;22;34
91;22;34
92;22;34
93;22;34
94;22;34
95;22;34
96;22;34
97;22;34
98;22;34
99;22;34
0;23;0
1;23;0
2;23;0
3;23;0
4;23;0
5;23;7
6;23;7
7;23;7
8;23;7
9;23;7
10;23;0
11;23;0
12;23;0
13;23;0
14;23;0
15;23;0
16;23;0
17;23;0
18;23;0
19;23;0
20;23;0
21;23;0
22;23;0
23;23;0
24;23;0
25;23;0
26;23;0
27;23;0
28;23;0
29;23;7
30;23;7
31;23;7
32;23;0
33;23;0
34;23;0
35;23;0
36;23;0
37;23;0
38;23;0
39;23;0
40;23;0
41;23;0
42;23;0
43;23;0
44;23;0
45;23;0
46;23;0
47;23;0
48;23;34
49;23;7
50;23;7
51;23;7
52;23;12359
53;23;2
54;23;2
55;23;12770
56;23;15
57;23;15
58;23;15
59;23;15
60;23;15
61;23;15
62;23;15
63;23;15
64;23;15
65;23;15
66;23;15
67;23;15
68;23;15
69;23;15
70;23;15
71;23;15
72;23;15
73;23;15
74;23;15
75;23;15
76;23;15
77;23;15
78;23;15
79;23;15
80;23;15
81;23;15
82;23;15
83;23;15
84;23;15
85;23;15
86;23;15
87;23;15
88;23;15
89;23;15
90;23;34
91;23;34
92;23;34
93;23;34
94;23;34
95;23;34
96;23;34
97;23;34
98;23;34
99;23;34
0;24;0
1;24;0
2;24;0
3;24;0
4;24;0
5;24;7
6;24;7
7;24;7
8;24;7
9;24;7
10;24;7
11;24;0
12;24;0
13;24;0
14;24;0
15;24;0
16;24;0
17;24;0
18;24;0
19;24;0
20;24;0
21;24;0
22;24;0
23;24;0
24;24;0
25;24;0
26;24;0
27;24;0
28;24;0
29;24;7
30;24;7
31;24;7
32;24;0
33;24;0
34;24;0
35;24;0
36;24;0
37;24;0
38;24;0
39;24;0
40;24;0
41;24;0
42;24;0
43;24;0
44;24;0
45;24;0
46;24;0
47;24;0
48;24;34
49;24;7
50;24;7
51;24;7
52;24;12359
53;24;2
54;24;2
55;24;12770
56;24;15
57;24;15
58;24;15
59;24;15
60;24;15
61;24;15
62;24;15
63;24;15
64;24;15
65;24;15
66;24;15
67;24;15
68;24;15
69;24;15
70;24;15
71;24;15
72;24;15
73;24;15
74;24;15
75;24;15
76;24;15
77;24;15
78;24;15
79;24;15
80;24;15
81;24;15
82;24;15
83;24;15
84;24;15
85;24;15
86;24;15
87;24;15
88;24;15
89;24;15
90;24;34
91;24;34
92;24;34
93;24;34
94;24;34
95;24;34
96;24;34
97;24;34
98;24;34
99;24;34
0;25;0
1;25;0
2;25;0
3;25;0
4;25;0
5;25;7
6;25;7
7;25;7
8;25;7
9;25;7
10;25;7
11;25;0
12;25;0
13;25;0
14;25;0
15;25;0
16;25;0
17;25;0
18;25;0
19;25;0
20;25;0
21;25;0
22;25;0
23;25;0
24;25;0
25;25;0
26;25;0
27;25;0
28;25;7
29;25;7
30;25;7
31;25;7
32;25;0
33;25;0
34;25;0
35;25;0
36;25;0
37;25;0
38;25;0
39;25;0
40;25;0
41;25;0
42;25;0
43;25;0
44;25;0
45;25;0
46;25;0
47;25;0
48;25;0
49;25;7
50;25;7
51;25;7
52;25;12359
53;25;2
54;25;2
55;25;25058
56;25;15
57;25;15
58;25;15
59;25;15
60;25;15
61;25;15
62;25;15
63;25;15
64;25;15
65;25;15
66;25;15
67;25;15
68;25;15
69;25;15
70;25;15
71;25;15
72;25;15
73;25;15
74;25;15
75;25;15
76;25;15
77;25;15
78;25;15
79;25;15
80;25;15
81;25;15
82;25;15
83;25;15
84;25;15
85;25;15
86;25;15
87;25;15
88;25;15
89;25;15
90;25;34
91;25;34
92;25;34
93;25;34
94;25;34
95;25;34
96;25;34
97;25;34
98;25;34
99;25;34
0;26;0
1;26;0
2;26;0
3;26;0
4;26;0
5;26;7
6;26;7
7;26;7
8;26;7
9;26;7
10;26;7
11;26;0
12;26;0
13;26;0
14;26;0
15;26;0
16;26;0
17;26;0
18;26;0
19;26;0
20;26;0
21;26;0
22;26;0
23;26;0
24;26;0
25;26;0
26;26;0
27;26;7
28;26;7
29;26;7
30;26;7
31;26;7
32;26;0
33;26;0
34;26;0
35;26;0
36;26;0
37;26;0
38;26;0
39;26;0
40;26;0
41;26;0
42;26;0
43;26;0
44;26;0
45;26;0
46;26;0
47;26;0
48;26;0
49;26;7
50;26;7
51;26;7
52;26;12359
53;26;2
54;26;2
55;26;15
56;26;15
57;26;15
58;26;15
59;26;15
60;26;15
61;26;15
62;26;15
63;26;15
64;26;15
65;26;15
66;26;15
67;26;15
68;26;15
69;26;15
70;26;15
71;26;15
72;26;15
73;26;15
74;26;15
75;26;15
76;26;15
77;26;15
78;26;15
79;26;15
80;26;15
81;26;15
82;26;15
83;26;15
84;26;15
85;26;15
86;26;15
87;26;15
88;26;15
89;26;15
90;26;34
91;26;34
92;26;34
93;26;34
94;26;34
95;26;34
96;26;34
97;26;34
98;26;34
99;26;34
0;27;0
1;27;0
2;27;0
3;27;0
4;27;0
5;27;0
6;27;7
7;27;7
8;27;7
9;27;15
10;27;7
11;27;0
12;27;0
13;27;0
14;27;0
15;27;0
16;27;0
17;27;0
18;27;0
19;27;0
20;27;0
21;27;0
22;27;0
23;27;0
24;27;0
25;27;0
26;27;7
27;27;7
28;27;7
29;27;7
30;27;7
31;27;7
32;27;0
33;27;0
34;27;0
35;27;0
36;27;0
37;27;0
38;27;0
39;27;0
40;27;0
41;27;0
42;27;0
43;27;0
44;27;0
45;27;0
46;27;0
47;27;0
48;27;0
49;27;7
50;27;7
51;27;7
52;27;12359
53;27;2
54;27;2
55;27;24034
56;27;15
57;27;15
58;27;15
59;27;15
60;27;15
61;27;15
62;27;15
63;27;15
64;27;15
65;27;15
66;27;15
67;27;15
68;27;15
69;27;15
70;27;15
71;27;15
72;27;15
73;27;15
74;27;15
75;27;15
76;27;15
77;27;15
78;27;15
79;27;15
80;27;15
81;27;15
82;27;15
83;27;15
84;27;15
85;27;15
86;27;15
87;27;15
88;27;15
89;27;15
90;27;34
91;27;34
92;27;34
93;27;34
94;27;34
95;27;34
96;27;34
97;27;34
98;27;34
99;27;34
0;28;0
1;28;0
2;28;0
3;28;0
4;28;0
5;28;0
6;28;7
7;28;7
8;28;7
9;28;7
10;28;7
11;28;7
12;28;7
13;28;7
14;28;0
15;28;0
16;28;0
17;28;0
18;28;0
19;28;0
20;28;0
21;28;0
22;28;0
23;28;0
24;28;0
25;28;7
26;28;7
27;28;7
28;28;7
29;28;7
30;28;7
31;28;7
32;28;0
33;28;0
34;28;0
35;28;0
36;28;0
37;28;0
38;28;0
39;28;0
40;28;0
41;28;0
42;28;0
43;28;0
44;28;0
45;28;0
46;28;0
47;28;0
48;28;0
49;28;7
50;28;7
51;28;7
52;28;12359
53;28;2
54;28;2
55;28;12770
56;28;15
57;28;15
58;28;15
59;28;15
60;28;15
61;28;15
62;28;15
63;28;15
64;28;15
65;28;15
66;28;15
67;28;15
68;28;15
69;28;15
70;28;15
71;28;15
72;28;15
73;28;15
74;28;15
75;28;15
76;28;15
77;28;15
78;28;15
79;28;15
80;28;15
81;28;15
82;28;15
83;28;15
84;28;15
85;28;15
86;28;15
87;28;15
88;28;15
89;28;15
90;28;34
91;28;34
92;28;34
93;28;34
94;28;34
95;28;34
96;28;34
97;28;34
98;28;34
99;28;34
0;29;0
1;29;0
2;29;0
3;29;0
4;29;7
5;29;7
6;29;7
7;29;7
8;29;8679
9;29;15
10;29;15
11;29;4583
12;29;7
13;29;7
14;29;7
15;29;7
16;29;7
17;29;7
18;29;7
19;29;7
20;29;7
21;29;7
22;29;7
23;29;7
24;29;7
25;29;7
26;29;7
27;29;7
28;29;7
29;29;7
30;29;7
31;29;7
32;29;0
33;29;0
34;29;0
35;29;0
36;29;0
37;29;0
38;29;0
39;29;0
40;29;0
41;29;0
42;29;0
43;29;0
44;29;0
45;29;0
46;29;0
47;29;0
48;29;7
49;29;7
50;29;7
51;29;7
52;29;12359
53;29;2
54;29;2
55;29;12770
56;29;15
57;29;15
58;29;15
59;29;15
60;29;15
61;29;15
62;29;15
63;29;15
64;29;15
65;29;15
66;29;15
67;29;15
68;29;15
69;29;15
70;29;15
71;29;15
72;29;15
73;29;15
74;29;15
75;29;15
76;29;15
77;29;15
78;29;15
79;29;15
80;29;15
81;29;15
82;29;15
83;29;15
84;29;15
85;29;15
86;29;15
87;29;15
88;29;15
89;29;15
90;29;34
91;29;34
92;29;34
93;29;34
94;29;34
95;29;34
96;29;34
97;29;34
98;29;34
99;29;34
0;30;0
1;30;0
2;30;0
3;30;0
4;30;7
5;30;7
6;30;7
7;30;7
8;30;7655
9;30;15
10;30;15
11;30;3559
12;30;7
13;30;7
14;30;7
15;30;7
16;30;7
17;30;7
18;30;7
19;30;7
20;30;7
21;30;7
22;30;7
23;30;7
24;30;7
25;30;7
26;30;7
27;30;7
28;30;7
29;30;7
30;30;7
31;30;7
32;30;0
33;30;0
34;30;0
35;30;0
36;30;0
37;30;0
38;30;0
39;30;0
40;30;0
41;30;0
42;30;0
43;30;0
44;30;0
45;30;0
46;30;0
47;30;7
48;30;7
49;30;7
50;30;7
51;30;7
52;30;12359
53;30;2
54;30;2
55;30;12770
56;30;15
57;30;15
58;30;15
59;30;15
60;30;15
61;30;15
62;30;15
63;30;15
64;30;15
65;30;15
66;30;15
67;30;15
68;30;15
69;30;15
70;30;15
71;30;15
72;30;15
73;30;15
74;30;15
75;30;15
76;30;15
77;30;15
78;30;15
79;30;15
80;30;15
81;30;15
82;30;15
83;30;15
84;30;15
85;30;15
86;30;15
87;30;15
88;30;15
89;30;15
90;30;34
91;30;34
92;30;34
93;30;34
94;30;34
95;30;34
96;30;34
97;30;34
98;30;34
99;30;34
0;31;0
1;31;0
2;31;0
3;31;0
4;31;7
5;31;7
6;31;7
7;31;6631
8;31;7
9;31;7
10;31;7
11;31;7
12;31;5607
13;31;7
14;31;7
15;31;7
16;31;7
17;31;7
18;31;7
19;31;7
20;31;7
21;31;7
22;31;7
23;31;7
24;31;7
25;31;7
26;31;7
27;31;7
28;31;7
29;31;7
30;31;7
31;31;7
32;31;7
33;31;0
34;31;0
35;31;0
36;31;7
37;31;7
38;31;0
39;31;0
40;31;0
41;31;0
42;31;7
43;31;7
44;31;0
45;31;0
46;31;7
47;31;7
48;31;7
49;31;7
50;31;7
51;31;6215
52;31;28743
53;31;2
54;31;2
55;31;12770
56;31;15
57;31;15
58;31;15
59;31;15
60;31;15
61;31;15
62;31;15
63;31;15
64;31;15
65;31;15
66;31;15
67;31;15
68;31;15
69;31;15
70;31;15
71;31;15
72;31;15
73;31;15
74;31;15
75;31;15
76;31;15
77;31;15
78;31;15
79;31;15
80;31;15
81;31;15
82;31;15
83;31;15
84;31;15
85;31;15
86;31;15
87;31;15
88;31;15
89;31;15
90;31;34
91;31;34
92;31;34
93;31;34
94;31;34
95;31;34
96;31;34
97;31;34
98;31;34
99;31;34
0;32;0
1;32;0
2;32;0
3;32;7
4;32;7
5;32;7
6;32;8679
7;32;15
8;32;15
9;32;15847
10;32;7
11;32;15
12;32;15
13;32;7
14;32;7
15;32;7
16;32;7
17;32;7
18;32;7
19;32;7
20;32;7
21;32;7
22;32;7
23;32;6631
24;32;5607
25;32;7
26;32;7
27;32;7
28;32;7
29;32;7
30;32;7
31;32;7
32;32;7
33;32;7
34;32;7
35;32;7
36;32;7
37;32;7
38;32;7
39;32;7
40;32;7
41;32;7
42;32;7
43;32;7
44;32;7
45;32;7
46;32;7
47;32;7
48;32;7
49;32;7
50;32;8263
51;32;2
52;32;2
53;32;2
54;32;6626
55;32;29154
56;32;15
57;32;15
58;32;15
59;32;15
60;32;15
61;32;15
62;32;15
63;32;15
64;32;15
65;32;15
66;32;15
67;32;15
68;32;15
69;32;15
70;32;15
71;32;15
72;32;15
73;32;15
74;32;15
75;32;15
76;32;15
77;32;15
78;32;15
79;32;15
80;32;15
81;32;15
82;32;15
83;32;15
84;32;15
85;32;15
86;32;15
87;32;15
88;32;15
89;32;15
90;32;34
91;32;34
92;32;34
93;32;34
94;32;34
95;32;34
96;32;34
97;32;34
98;32;34
99;32;34
0;33;0
1;33;0
2;33;0
3;33;7
4;33;7
5;33;7
6;33;25063
7;33;15
8;33;15
9;33;15
10;33;7
11;33;7
12;33;7
13;33;7
14;33;5607
15;33;7
16;33;7
17;33;7
18;33;15
19;33;7
20;33;7
21;33;6631
22;33;21991
23;33;15
24;33;15
25;33;4583
26;33;7
27;33;7
28;33;7
29;33;7
30;33;7
31;33;7
32;33;7
33;33;7
34;33;7
35;33;7
36;33;7
37;33;7
38;33;7
39;33;7
40;33;7
41;33;7
42;33;7
43;33;7
44;33;7
45;33;7
46;33;7
47;33;7
48;33;7
49;33;7
50;33;12359
51;33;2
52;33;2
53;33;8674
54;33;15
55;33;15
56;33;15
57;33;15
58;33;15
59;33;15
60;33;15
61;33;15
62;33;15
63;33;15
64;33;15
65;33;15
66;33;15
67;33;15
68;33;15
69;33;15
70;33;15
71;33;15
72;33;15
73;33;15
74;33;15
75;33;15
76;33;15
77;33;15
78;33;15
79;33;15
80;33;15
81;33;15
82;33;15
83;33;15
84;33;15
85;33;15
86;33;15
87;33;15
88;33;15
89;33;15
90;33;34
91;33;34
92;33;34
93;33;34
94;33;34
95;33;34
96;33;34
97;33;34
98;33;34
99;33;34
0;34;0
1;34;0
2;34;7
3;34;7
4;34;7
5;34;8679
6;34;15
7;34;15
8;34;15
9;34;15
10;34;15
11;34;15
12;34;15
13;34;15
14;34;15
15;34;23015
16;34;11751
17;34;7
18;34;7
19;34;7
20;34;21991
21;34;15
22;34;15
23;34;15
24;34;15
25;34;10727
26;34;7
27;34;7
28;34;7
29;34;7
30;34;7
31;34;7
32;34;7
33;34;7
34;34;7
35;34;7
36;34;7
37;34;7
38;34;7
39;34;7
40;34;7
41;34;7
42;34;7
43;34;7
44;34;7
45;34;7
46;34;7
47;34;7
48;34;6215
49;34;11335
50;34;7
51;34;6626
52;34;11746
53;34;29154
54;34;15
55;34;15
56;34;15
57;34;15
58;34;15
59;34;15
60;34;15
61;34;15
62;34;15
63;34;15
64;34;15
65;34;15
66;34;15
67;34;15
68;34;15
69;34;15
70;34;15
71;34;15
72;34;15
73;34;15
74;34;15
75;34;15
76;34;15
77;34;15
78;34;15
79;34;15
80;34;15
81;34;15
82;34;15
83;34;15
84;34;15
85;34;15
86;34;15
87;34;15
88;34;15
89;34;15
90;34;34
91;34;34
92;34;34
93;34;34
94;34;34
95;34;34
96;34;34
97;34;34
98;34;34
99;34;34
0;35;0
1;35;7
2;35;7
3;35;7
4;35;7
5;35;12775
6;35;15
7;35;15
8;35;15
9;35;15
10;35;15
11;35;15
12;35;15
13;35;15
14;35;15
15;35;15
16;35;15
17;35;15
18;35;15
19;35;15
20;35;15
21;35;15
22;35;15
23;35;15
24;35;15
25;35;10727
26;35;7
27;35;7
28;35;7
29;35;7
30;35;7
31;35;7
32;35;7
33;35;7
34;35;7
35;35;7
36;35;7
37;35;7
38;35;7
39;35;7
40;35;7
41;35;7
42;35;7
43;35;7
44;35;7
45;35;7
46;35;7
47;35;8263
48;35;2
49;35;2
50;35;8674
51;35;15
52;35;15
53;35;15
54;35;15
55;35;15
56;35;15
57;35;15
58;35;15
59;35;15
60;35;15
61;35;15
62;35;15
63;35;15
64;35;15
65;35;15
66;35;15
67;35;15
68;35;15
69;35;15
70;35;15
71;35;15
72;35;15
73;35;15
74;35;15
75;35;15
76;35;15
77;35;15
78;35;15
79;35;15
80;35;15
81;35;15
82;35;15
83;35;15
84;35;15
85;35;15
86;35;15
87;35;15
88;35;15
89;35;15
90;35;34
91;35;34
92;35;34
93;35;34
94;35;34
95;35;34
96;35;34
97;35;34
98;35;34
99;35;34
0;36;7
1;36;7
2;36;7
3;36;7
4;36;7
5;36;12775
6;36;15
7;36;15
8;36;15
9;36;15
10;36;15
11;36;15
12;36;15
13;36;15
14;36;15
15;36;15
16;36;15
17;36;15
18;36;15
19;36;15
20;36;15
21;36;15
22;36;15
23;36;15
24;36;15
25;36;20967
26;36;7
27;36;7
28;36;7
29;36;7
30;36;7
31;36;7
32;36;7
33;36;7
34;36;7
35;36;7
36;36;7
37;36;7
38;36;7
39;36;7
40;36;7
41;36;7
42;36;7
43;36;7
44;36;6631
45;36;5607
46;36;7
47;36;7239
48;36;11746
49;36;11746
50;36;29154
51;36;15
52;36;15
53;36;15
54;36;15
55;36;15
56;36;15
57;36;15
58;36;15
59;36;15
60;36;15
61;36;15
62;36;15
63;36;15
64;36;15
65;36;15
66;36;15
67;36;15
68;36;15
69;36;15
70;36;15
71;36;15
72;36;15
73;36;15
74;36;15
75;36;15
76;36;15
77;36;15
78;36;15
79;36;15
80;36;15
81;36;15
82;36;15
83;36;15
84;36;15
85;36;15
86;36;15
87;36;15
88;36;15
89;36;15
90;36;34
91;36;34
92;36;34
93;36;34
94;36;34
95;36;34
96;36;34
97;36;34
98;36;34
99;36;34
0;37;7
1;37;7
2;37;6631
3;37;11751
4;37;11751
5;37;29159
6;37;15
7;37;15
8;37;15
9;37;15
10;37;15
11;37;15
12;37;15
13;37;15
14;37;15
15;37;15
16;37;15
17;37;15
18;37;15
19;37;15
20;37;15
21;37;15
22;37;15
23;37;15
24;37;15
25;37;15
26;37;23015
27;37;11751
28;37;11751
29;37;11751
30;37;11751
31;37;11751
32;37;11751
33;37;11751
34;37;11751
35;37;11751
36;37;11751
37;37;11751
38;37;11751
39;37;11751
40;37;11751
41;37;11751
42;37;11751
43;37;21991
44;37;15
45;37;15
46;37;7
47;37;15
48;37;15
49;37;15
50;37;15
51;37;15
52;37;15
53;37;15
54;37;15
55;37;15
56;37;15
57;37;15
58;37;15
59;37;15
60;37;15
61;37;15
62;37;15
63;37;15
64;37;15
65;37;15
66;37;15
67;37;15
68;37;15
69;37;15
70;37;15
71;37;15
72;37;15
73;37;15
74;37;15
75;37;15
76;37;15
77;37;15
78;37;15
79;37;15
80;37;15
81;37;15
82;37;15
83;37;15
84;37;15
85;37;15
86;37;15
87;37;15
88;37;15
89;37;15
90;37;34
91;37;34
92;37;34
93;37;34
94;37;34
95;37;34
96;37;34
97;37;34
98;37;34
99;37;34
0;38;6631
1;38;21991
2;38;15
3;38;15
4;38;15
5;38;15
6;38;15
7;38;15
8;38;15
9;38;15
10;38;15
11;38;15
12;38;15
13;38;15
14;38;15
15;38;15
16;38;15
17;38;15
18;38;15
19;38;15
20;38;15
21;38;15
22;38;15
23;38;15
24;38;15
25;38;15
26;38;15
27;38;15
28;38;15
29;38;15
30;38;15
31;38;15
32;38;15
33;38;15
34;38;15
35;38;15
36;38;15
37;38;15
38;38;15
39;38;15
40;38;15
41;38;15
42;38;15
43;38;15
44;38;15
45;38;15
46;38;15
47;38;15
48;38;15
49;38;15
50;38;15
51;38;15
52;38;15
53;38;15
54;38;15
55;38;15
56;38;15
57;38;15
58;38;15
59;38;15
60;38;15
61;38;15
62;38;15
63;38;15
64;38;15
65;38;15
66;38;15
67;38;15
68;38;15
69;38;15
70;38;15
71;38;15
72;38;15
73;38;15
74;38;15
75;38;15
76;38;15
77;38;15
78;38;15
79;38;15
80;38;15
81;38;15
82;38;15
83;38;15
84;38;15
85;38;15
86;38;15
87;38;15
88;38;15
89;38;15
90;38;34
91;38;34
92;38;34
93;38;34
94;38;34
95;38;34
96;38;34
97;38;34
98;38;34
99;38;34
0;39;15
1;39;15
2;39;15
3;39;15
4;39;15
5;39;15
6;39;15
7;39;15
8;39;15
9;39;15
10;39;15
11;39;15
12;39;15
13;39;15
14;39;15
15;39;15
16;39;15
17;39;15
18;39;15
19;39;15
20;39;15
21;39;15
22;39;15
23;39;15
24;39;15
25;39;15
26;39;15
27;39;15
28;39;15
29;39;15
30;39;15
31;39;15
32;39;15
33;39;15
34;39;15
35;39;15
36;39;15
37;39;15
38;39;15
39;39;15
40;39;15
41;39;15
42;39;15
43;39;15
44;39;15
45;39;15
46;39;15
47;39;15
48;39;15
49;39;15
50;39;15
51;39;15
52;39;15
53;39;15
54;39;15
55;39;15
56;39;15
57;39;15
58;39;15
59;39;15
60;39;15
61;39;15
62;39;15
63;39;15
64;39;15
65;39;15
66;39;15
67;39;15
68;39;15
69;39;15
70;39;15
71;39;15
72;39;15
73;39;15
74;39;15
75;39;15
76;39;15
77;39;15
78;39;15
79;39;15
80;39;15
81;39;15
82;39;15
83;39;15
84;39;15
85;39;15
86;39;15
87;39;15
88;39;15
89;39;15
90;39;34
91;39;34
92;39;34
93;39;34
94;39;34
95;39;34
96;39;34
97;39;34
98;39;34
99;39;34
0;40;15
1;40;15
2;40;15
3;40;15
4;40;15
5;40;15
6;40;15
7;40;15
8;40;15
9;40;15
10;40;15
11;40;15
12;40;15
13;40;15
14;40;15
15;40;15
16;40;15
17;40;15
18;40;15
19;40;15
20;40;15
21;40;15
22;40;15
23;40;15
24;40;15
25;40;15
26;40;15
27;40;15
28;40;15
29;40;15
30;40;15
31;40;15
32;40;15
33;40;15
34;40;15
35;40;15
36;40;15
37;40;15
38;40;15
39;40;15
40;40;15
41;40;15
42;40;15
43;40;15
44;40;15
45;40;15
46;40;15
47;40;15
48;40;15
49;40;15
50;40;15
51;40;15
52;40;15
53;40;15
54;40;15
55;40;15
56;40;15
57;40;15
58;40;15
59;40;15
60;40;15
61;40;15
62;40;15
63;40;15
64;40;15
65;40;15
66;40;15
67;40;15
68;40;15
69;40;15
70;40;15
71;40;15
72;40;15
73;40;15
74;40;15
75;40;15
76;40;15
77;40;15
78;40;15
79;40;15
80;40;15
81;40;15
82;40;15
83;40;15
84;40;15
85;40;15
86;40;15
87;40;15
88;40;15
89;40;15
90;40;34
91;40;34
92;40;34
93;40;34
94;40;34
95;40;34
96;40;34
97;40;34
98;40;34
99;40;34
0;41;15
1;41;15
2;41;15
3;41;15
4;41;15
5;41;15
6;41;15
7;41;15
8;41;15
9;41;15
10;41;15
11;41;15
12;41;15
13;41;15
14;41;15
15;41;15
16;41;15
17;41;15
18;41;15
19;41;15
20;41;15
21;41;15
22;41;15
23;41;15
24;41;15
25;41;15
26;41;15
27;41;15
28;41;15
29;41;15
30;41;15
31;41;15
32;41;15
33;41;15
34;41;15
35;41;15
36;41;15
37;41;15
38;41;15
39;41;15
40;41;15
41;41;15
42;41;15
43;41;15
44;41;15
45;41;15
46;41;15
47;41;15
48;41;15
49;41;15
50;41;15
51;41;15
52;41;15
53;41;15
54;41;15
55;41;15
56;41;15
57;41;15
58;41;15
59;41;15
60;41;15
61;41;15
62;41;15
63;41;15
64;41;15
65;41;15
66;41;15
67;41;15
68;41;15
69;41;15
70;41;15
71;41;15
72;41;15
73;41;15
74;41;15
75;41;15
76;41;15
77;41;15
78;41;15
79;41;15
80;41;15
81;41;15
82;41;15
83;41;15
84;41;15
85;41;15
86;41;15
87;41;15
88;41;15
89;41;15
90;41;34
91;41;34
92;41;34
93;41;34
94;41;34
95;41;34
96;41;34
97;41;34
98;41;34
99;41;34
0;42;15
1;42;15
2;42;15
3;42;15
4;42;15
5;42;15
6;42;15
7;42;15
8;42;15
9;42;15
10;42;15
11;42;15
12;42;15
13;42;15
14;42;15
15;42;15
16;42;15
17;42;15
18;42;15
19;42;15
20;42;15
21;42;15
22;42;15
23;42;15
24;42;15
25;42;15
26;42;15
27;42;15
28;42;15
29;42;15
30;42;15
31;42;15
32;42;15
33;42;15
34;42;15
35;42;15
36;42;15
37;42;15
38;42;15
39;42;15
40;42;15
41;42;15
42;42;15
43;42;15
44;42;15
45;42;15
46;42;15
47;42;15
48;42;15
49;42;15
50;42;15
51;42;15
52;42;15
53;42;15
54;42;15
55;42;15
56;42;15
57;42;15
58;42;15
59;42;15
60;42;15
61;42;15
62;42;15
63;42;15
64;42;15
65;42;15
66;42;15
67;42;15
68;42;15
69;42;15
70;42;15
71;42;15
72;42;15
73;42;15
74;42;15
75;42;15
76;42;15
77;42;15
78;42;15
79;42;15
80;42;15
81;42;15
82;42;15
83;42;15
84;42;15
85;42;15
86;42;15
87;42;15
88;42;15
89;42;15
90;42;34
91;42;34
92;42;34
93;42;34
94;42;34
95;42;34
96;42;34
97;42;34
98;42;34
99;42;34
0;43;0
1;43;0
2;43;0
3;43;0
4;43;0
5;43;0
6;43;0
7;43;0
8;43;0
9;43;15
10;43;15
11;43;15
12;43;15
13;43;15
14;43;15
15;43;15
16;43;15
17;43;15
18;43;15
19;43;15
20;43;15
21;43;15
22;43;15
23;43;15
24;43;15
25;43;15
26;43;15
27;43;15
28;43;15
29;43;15
30;43;15
31;43;15
32;43;15
33;43;15
34;43;15
35;43;15
36;43;15
37;43;15
38;43;15
39;43;15
40;43;15
41;43;15
42;43;15
43;43;15
44;43;15
45;43;15
46;43;15
47;43;15
48;43;15
49;43;15
50;43;15
51;43;15
52;43;15
53;43;15
54;43;15
55;43;15
56;43;15
57;43;15
58;43;15
59;43;15
60;43;15
61;43;15
62;43;15
63;43;15
64;43;15
65;43;15
66;43;15
67;43;15
68;43;15
69;43;15
70;43;15
71;43;15
72;43;15
73;43;15
74;43;15
75;43;15
76;43;15
77;43;15
78;43;15
79;43;15
80;43;15
81;43;15
82;43;15
83;43;15
84;43;15
85;43;15
86;43;15
87;43;15
88;43;15
89;43;15
90;43;34
91;43;34
92;43;34
93;43;34
94;43;34
95;43;34
96;43;34
97;43;34
98;43;34
99;43;34
0;44;0
1;44;0
2;44;0
3;44;0
4;44;0
5;44;0
6;44;0
7;44;0
8;44;0
9;44;15
10;44;15
11;44;15
12;44;15
13;44;15
14;44;15
15;44;15
16;44;15
17;44;15
18;44;15
19;44;15
20;44;15
21;44;15
22;44;15
23;44;15
24;44;15
25;44;15
26;44;15
27;44;15
28;44;15
29;44;15
30;44;15
31;44;15
32;44;15
33;44;15
34;44;15
35;44;15
36;44;15
37;44;15
38;44;15
39;44;15
40;44;15
41;44;15
42;44;15
43;44;15
44;44;15
45;44;15
46;44;15
47;44;15
48;44;15
49;44;15
50;44;15
51;44;15
52;44;15
53;44;15
54;44;15
55;44;15
56;44;15
57;44;15
58;44;15
59;44;15
60;44;15
61;44;15
62;44;15
63;44;15
64;44;15
65;44;15
66;44;15
67;44;15
68;44;15
69;44;15
70;44;15
71;44;15
72;44;15
73;44;15
74;44;15
75;44;15
76;44;15
77;44;15
78;44;15
79;44;15
80;44;15
81;44;15
82;44;15
83;44;15
84;44;15
85;44;15
86;44;15
87;44;15
88;44;15
89;44;15
90;44;34
91;44;34
92;44;34
93;44;34
94;44;34
95;44;34
96;44;34
97;44;34
98;44;34
99;44;34
0;45;0
1;45;0
2;45;0
3;45;0
4;45;0
5;45;0
6;45;0
7;45;0
8;45;0
9;45;15
10;45;15
11;45;15
12;45;15
13;45;15
14;45;15
15;45;15
16;45;15
17;45;15
18;45;15
19;45;15
20;45;15
21;45;15
22;45;15
23;45;15
24;45;15
25;45;15
26;45;15
27;45;15
28;45;15
29;45;15
30;45;15
31;45;15
32;45;15
33;45;15
34;45;15
35;45;15
36;45;15
37;45;15
38;45;15
39;45;15
40;45;15
41;45;15
42;45;15
43;45;15
44;45;15
45;45;15
46;45;15
47;45;15
48;45;15
49;45;15
50;45;15
51;45;15
52;45;15
53;45;15
54;45;15
55;45;15
56;45;15
57;45;15
58;45;15
59;45;15
60;45;15
61;45;15
62;45;15
63;45;15
64;45;15
65;45;15
66;45;15
67;45;15
68;45;15
69;45;15
70;45;15
71;45;15
72;45;15
73;45;15
74;45;15
75;45;15
76;45;15
77;45;15
78;45;15
79;45;15
80;45;15
81;45;15
82;45;15
83;45;15
84;45;15
85;45;15
86;45;15
87;45;15
88;45;15
89;45;15
90;45;34
91;45;34
92;45;34
93;45;34
94;45;34
95;45;34
96;45;34
97;45;34
98;45;34
99;45;34
0;46;0
1;46;0
2;46;0
3;46;0
4;46;0
5;46;0
6;46;0
7;46;0
8;46;0
9;46;15
10;46;15
11;46;15
12;46;15
13;46;15
14;46;15
15;46;15
16;46;15
17;46;15
18;46;15
19;46;15
20;46;15
21;46;15
22;46;15
23;46;15
24;46;15
25;46;15
26;46;15
27;46;15
28;46;15
29;46;15
30;46;15
31;46;15
32;46;15
33;46;15
34;46;15
35;46;15
36;46;15
37;46;15
38;46;15
39;46;15
40;46;15
41;46;15
42;46;15
43;46;15
44;46;15
45;46;15
46;46;15
47;46;15
48;46;15
49;46;15
50;46;15
51;46;15
52;46;15
53;46;15
54;46;15
55;46;15
56;46;15
57;46;15
58;46;15
59;46;15
60;46;15
61;46;15
62;46;15
63;46;15
64;46;15
65;46;15
66;46;15
67;46;15
68;46;15
69;46;15
70;46;15
71;46;15
72;46;15
73;46;15
74;46;15
75;46;15
76;46;15
77;46;15
78;46;15
79;46;15
80;46;15
81;46;15
82;46;15
83;46;15
84;46;15
85;46;15
86;46;15
87;46;15
88;46;15
89;46;15
90;46;34
91;46;34
92;46;34
93;46;34
94;46;34
95;46;34
96;46;34
97;46;34
98;46;34
99;46;34
0;47;0
1;47;0
2;47;0
3;47;0
4;47;0
5;47;0
6;47;0
7;47;0
8;47;0
9;47;15
10;47;15
11;47;15
12;47;15
13;47;15
14;47;15
15;47;15
16;47;15
17;47;15
18;47;15
19;47;15
20;47;15
21;47;15
22;47;15
23;47;15
24;47;15
25;47;15
26;47;15
27;47;15
28;47;15
29;47;15
30;47;15
31;47;15
32;47;15
33;47;15
34;47;15
35;47;15
36;47;15
37;47;15
38;47;15
39;47;15
40;47;15
41;47;15
42;47;15
43;47;15
44;47;15
45;47;15
46;47;15
47;47;15
48;47;15
49;47;15
50;47;15
51;47;15
52;47;15
53;47;15
54;47;15
55;47;15
56;47;15
57;47;15
58;47;15
59;47;15
60;47;15
61;47;15
62;47;15
63;47;15
64;47;15
65;47;15
66;47;15
67;47;15
68;47;15
69;47;15
70;47;15
71;47;15
72;47;15
73;47;15
74;47;15
75;47;15
76;47;15
77;47;15
78;47;15
79;47;15
80;47;15
81;47;15
82;47;15
83;47;15
84;47;15
85;47;15
86;47;15
87;47;15
88;47;15
89;47;15
90;47;34
91;47;34
92;47;34
93;47;34
94;47;34
95;47;34
96;47;34
97;47;34
98;47;34
99;47;34
0;48;0
1;48;0
2;48;0
3;48;0
4;48;0
5;48;0
6;48;0
7;48;0
8;48;0
9;48;15
10;48;15
11;48;15
12;48;15
13;48;15
14;48;15
15;48;15
16;48;15
17;48;15
18;48;15
19;48;15
20;48;15
21;48;15
22;48;15
23;48;15
24;48;15
25;48;15
26;48;15
27;48;15
28;48;15
29;48;15
30;48;15
31;48;15
32;48;15
33;48;15
34;48;15
35;48;15
36;48;15
37;48;15
38;48;15
39;48;15
40;48;15
41;48;15
42;48;15
43;48;15
44;48;15
45;48;15
46;48;15
47;48;15
48;48;15
49;48;15
50;48;15
51;48;15
52;48;15
53;48;15
54;48;15
55;48;15
56;48;15
57;48;15
58;48;15
59;48;15
60;48;15
61;48;15
62;48;15
63;48;15
64;48;15
65;48;15
66;48;15
67;48;15
68;48;15
69;48;15
70;48;15
71;48;15
72;48;15
73;48;15
74;48;15
75;48;15
76;48;15
77;48;15
78;48;15
79;48;15
80;48;15
81;48;15
82;48;15
83;48;15
84;48;15
85;48;15
86;48;15
87;48;15
88;48;15
89;48;15
90;48;34
91;48;34
92;48;34
93;48;34
94;48;34
95;48;34
96;48;34
97;48;34
98;48;34
99;48;34
0;49;0
1;49;0
2;49;0
3;49;0
4;49;0
5;49;0
6;49;0
7;49;0
8;49;0
9;49;15
10;49;15
11;49;15
12;49;15
13;49;15
14;49;15
15;49;15
16;49;15
17;49;15
18;49;15
19;49;15
20;49;15
21;49;15
22;49;15
23;49;15
24;49;15
25;49;15
26;49;15
27;49;15
28;49;15
29;49;15
30;49;15
31;49;15
32;49;15
33;49;15
34;49;15
35;49;15
36;49;15
37;49;15
38;49;15
39;49;15
40;49;15
41;49;15
42;49;15
43;49;15
44;49;15
45;49;15
46;49;15
47;49;15
48;49;15
49;49;15
50;49;15
51;49;15
52;49;15
53;49;15
54;49;15
55;49;15
56;49;15
57;49;15
58;49;15
59;49;15
60;49;15
61;49;15
62;49;15
63;49;15
64;49;15
65;49;15
66;49;15
67;49;15
68;49;15
69;49;15
70;49;15
71;49;15
72;49;15
73;49;15
74;49;15
75;49;15
76;49;15
77;49;15
78;49;15
79;49;15
80;49;15
81;49;15
82;49;15
83;49;15
84;49;15
85;49;15
86;49;15
87;49;15
88;49;15
89;49;15
90;49;34
91;49;34
92;49;34
93;49;34
94;49;34
95;49;34
96;49;34
97;49;34
98;49;34
99;49;34
0;50;0
1;50;0
2;50;0
3;50;0
4;50;0
5;50;0
6;50;0
7;50;0
8;50;0
9;50;15
10;50;15
11;50;15
12;50;15
13;50;15
14;50;15
15;50;15
16;50;15
17;50;15
18;50;15
19;50;15
20;50;15
21;50;15
22;50;15
23;50;15
24;50;15
25;50;15
26;50;15
27;50;15
28;50;15
29;50;15
30;50;15
31;50;15
32;50;15
33;50;15
34;50;15
35;50;15
36;50;15
37;50;15
38;50;15
39;50;15
40;50;15
41;50;15
42;50;15
43;50;15
44;50;15
45;50;15
46;50;15
47;50;15
48;50;15
49;50;15
50;50;15
51;50;15
52;50;15
53;50;15
54;50;15
55;50;15
56;50;15
57;50;15
58;50;15
59;50;15
60;50;15
61;50;15
62;50;15
63;50;15
64;50;15
65;50;15
66;50;15
67;50;15
68;50;15
69;50;15
70;50;15
71;50;15
72;50;15
73;50;15
74;50;15
75;50;15
76;50;15
77;50;15
78;50;15
79;50;15
80;50;15
81;50;15
82;50;15
83;50;15
84;50;15
85;50;15
86;50;15
87;50;15
88;50;15
89;50;15
90;50;34
91;50;34
92;50;34
93;50;34
94;50;34
95;50;34
96;50;34
97;50;34
98;50;34
99;50;34
0;51;0
1;51;0
2;51;0
3;51;0
4;51;0
5;51;0
6;51;0
7;51;0
8;51;0
9;51;15
10;51;15
11;51;15
12;51;15
13;51;15
14;51;15
15;51;15
16;51;15
17;51;15
18;51;15
19;51;15
20;51;15
21;51;15
22;51;15
23;51;15
24;51;15
25;51;15
26;51;15
27;51;15
28;51;15
29;51;15
30;51;15
31;51;15
32;51;15
33;51;15
34;51;15
35;51;15
36;51;15
37;51;15
38;51;15
39;51;15
40;51;15
41;51;15
42;51;15
43;51;15
44;51;15
45;51;15
46;51;15
47;51;15
48;51;15
49;51;15
50;51;15
51;51;15
52;51;15
53;51;15
54;51;15
55;51;15
56;51;15
57;51;15
58;51;15
59;51;15
60;51;15
61;51;15
62;51;15
63;51;15
64;51;15
65;51;15
66;51;15
67;51;15
68;51;15
69;51;15
70;51;15
71;51;15
72;51;15
73;51;15
74;51;15
75;51;15
76;51;15
77;51;15
78;51;15
79;51;15
80;51;15
81;51;15
82;51;15
83;51;15
84;51;15
85;51;15
86;51;15
87;51;15
88;51;15
89;51;15
90;51;34
91;51;34
92;51;34
93;51;34
94;51;34
95;51;34
96;51;34
97;51;34
98;51;34
99;51;34
0;52;0
1;52;0
2;52;0
3;52;0
4;52;0
5;52;0
6;52;0
7;52;0
8;52;0
9;52;0
10;52;0
11;52;15
12;52;15
13;52;15
14;52;15
15;52;15
16;52;15
17;52;15
18;52;15
19;52;15
20;52;15
21;52;15
22;52;15
23;52;15
24;52;15
25;52;15
26;52;15
27;52;15
28;52;15
29;52;15
30;52;15
31;52;15
32;52;15
33;52;15
34;52;15
35;52;15
36;52;15
37;52;15
38;52;15
39;52;15
40;52;15
41;52;15
42;52;15
43;52;15
44;52;15
45;52;15
46;52;15
47;52;15
48;52;15
49;52;15
50;52;15
51;52;15
52;52;15
53;52;15
54;52;15
55;52;15
56;52;15
57;52;15
58;52;15
59;52;15
60;52;15
61;52;15
62;52;15
63;52;15
64;52;15
65;52;15
66;52;15
67;52;15
68;52;15
69;52;15
70;52;15
71;52;15
72;52;15
73;52;15
74;52;15
75;52;15
76;52;15
77;52;15
78;52;15
79;52;15
80;52;15
81;52;15
82;52;15
83;52;15
84;52;15
85;52;15
86;52;15
87;52;15
88;52;15
89;52;15
90;52;34
91;52;34
92;52;34
93;52;34
94;52;34
95;52;34
96;52;34
97;52;34
98;52;34
99;52;34
0;53;0
1;53;0
2;53;0
3;53;0
4;53;0
5;53;0
6;53;0
7;53;0
8;53;0
9;53;0
10;53;0
11;53;15
12;53;15
13;53;15
14;53;15
15;53;15
16;53;15
17;53;15
18;53;15
19;53;15
20;53;15
21;53;15
22;53;15
23;53;15
24;53;15
25;53;15
26;53;15
27;53;15
28;53;15
29;53;15
30;53;15
31;53;15
32;53;15
33;53;15
34;53;15
35;53;15
36;53;15
37;53;15
38;53;15
39;53;15
40;53;15
41;53;15
42;53;15
43;53;15
44;53;15
45;53;15
46;53;15
47;53;15
48;53;15
49;53;15
50;53;15
51;53;15
52;53;15
53;53;15
54;53;15
55;53;15
56;53;15
57;53;15
58;53;15
59;53;15
60;53;15
61;53;15
62;53;15
63;53;15
64;53;15
65;53;15
66;53;15
67;53;15
68;53;15
69;53;15
70;53;15
71;53;15
72;53;15
73;53;15
74;53;15
75;53;15
76;53;15
77;53;15
78;53;15
79;53;15
80;53;15
81;53;15
82;53;15
83;53;15
84;53;15
85;53;15
86;53;15
87;53;15
88;53;15
89;53;15
90;53;34
91;53;34
92;53;34
93;53;34
94;53;34
95;53;34
96;53;34
97;53;34
98;53;34
99;53;34
0;54;0
1;54;0
2;54;0
3;54;0
4;54;0
5;54;0
6;54;0
7;54;0
8;54;0
9;54;0
10;54;0
11;54;15
12;54;15
13;54;15
14;54;15
15;54;15
16;54;15
17;54;15
18;54;15
19;54;15
20;54;15
21;54;15
22;54;15
23;54;15
24;54;15
25;54;15
26;54;15
27;54;15
28;54;15
29;54;15
30;54;15
31;54;15
32;54;15
33;54;15
34;54;15
35;54;15
36;54;15
37;54;15
38;54;15
39;54;15
40;54;15
41;54;15
42;54;15
43;54;15
44;54;15
45;54;15
46;54;15
47;54;15
48;54;15
49;54;15
50;54;15
51;54;15
52;54;15
53;54;15
54;54;15
55;54;15
56;54;15
57;54;15
58;54;15
59;54;15
60;54;15
61;54;15
62;54;15
63;54;15
64;54;15
65;54;15
66;54;15
67;54;15
68;54;15
69;54;15
70;54;15
71;54;15
72;54;15
73;54;15
74;54;15
75;54;15
76;54;15
77;54;15
78;54;15
79;54;15
80;54;15
81;54;15
82;54;15
83;54;15
84;54;15
85;54;15
86;54;15
87;54;15
88;54;15
89;54;15
90;54;34
91;54;34
92;54;34
93;54;34
94;54;34
95;54;34
96;54;34
97;54;34
98;54;34
99;54;34
0;55;0
1;55;0
2;55;0
3;55;0
4;55;0
5;55;0
6;55;0
7;55;0
8;55;0
9;55;0
10;55;0
11;55;0
12;55;0
13;55;0
14;55;0
15;55;0
16;55;0
17;55;0
18;55;0
19;55;0
20;55;0
21;55;0
22;55;0
23;55;0
24;55;0
25;55;0
26;55;0
27;55;0
28;55;0
29;55;0
30;55;0
31;55;0
32;55;0
33;55;0
34;55;0
35;55;0
36;55;0
37;55;0
38;55;0
39;55;0
40;55;0
41;55;0
42;55;0
43;55;0
44;55;0
45;55;0
46;55;0
47;55;0
48;55;0
49;55;0
50;55;0
51;55;0
52;55;0
53;55;0
54;55;0
55;55;0
56;55;0
57;55;15
58;55;15
59;55;15
60;55;15
61;55;15
62;55;15
63;55;15
64;55;15
65;55;15
66;55;15
67;55;15
68;55;15
69;55;15
70;55;15
71;55;15
72;55;15
73;55;15
74;55;15
75;55;15
76;55;15
77;55;15
78;55;15
79;55;15
80;55;15
81;55;15
82;55;15
83;55;15
84;55;15
85;55;15
86;55;15
87;55;15
88;55;15
89;55;15
90;55;34
91;55;34
92;55;34
93;55;34
94;55;34
95;55;34
96;55;34
97;55;34
98;55;34
99;55;34
0;56;0
1;56;0
2;56;0
3;56;0
4;56;0
5;56;0
6;56;0
7;56;0
8;56;0
9;56;0
10;56;0
11;56;0
12;56;0
13;56;0
14;56;0
15;56;0
16;56;0
17;56;0
18;56;0
19;56;0
20;56;0
21;56;0
22;56;0
23;56;0
24;56;0
25;56;0
26;56;0
27;56;0
28;56;0
29;56;0
30;56;0
31;56;0
32;56;0
33;56;0
34;56;0
35;56;0
36;56;0
37;56;0
38;56;0
39;56;0
40;56;0
41;56;0
42;56;0
43;56;0
44;56;0
45;56;0
46;56;0
47;56;0
48;56;0
49;56;0
50;56;0
51;56;0
52;56;0
53;56;0
54;56;0
55;56;0
56;56;0
57;56;15
58;56;15
59;56;15
60;56;15
61;56;15
62;56;15
63;56;15
64;56;15
65;56;15
66;56;15
67;56;15
68;56;15
69;56;15
70;56;15
71;56;15
72;56;15
73;56;15
74;56;15
75;56;15
76;56;15
77;56;15
78;56;15
79;56;15
80;56;15
81;56;15
82;56;15
83;56;15
84;56;15
85;56;15
86;56;15
87;56;15
88;56;15
89;56;15
90;56;34
91;56;34
92;56;34
93;56;34
94;56;34
95;56;34
96;56;34
97;56;34
98;56;34
99;56;34
0;57;0
1;57;0
2;57;0
3;57;0
4;57;0
5;57;0
6;57;0
7;57;0
8;57;0
9;57;0
10;57;0
11;57;0
12;57;0
13;57;0
14;57;0
15;57;0
16;57;0
17;57;0
18;57;0
19;57;0
20;57;0
21;57;0
22;57;0
23;57;0
24;57;0
25;57;0
26;57;0
27;57;0
28;57;0
29;57;0
30;57;0
31;57;0
32;57;0
33;57;0
34;57;0
35;57;0
36;57;0
37;57;0
38;57;0
39;57;0
40;57;0
41;57;0
42;57;0
43;57;0
44;57;0
45;57;0
46;57;0
47;57;0
48;57;0
49;57;0
50;57;0
51;57;0
52;57;0
53;57;0
54;57;0
55;57;0
56;57;0
57;57;15
58;57;15
59;57;15
60;57;15
61;57;15
62;57;15
63;57;15
64;57;15
65;57;15
66;57;15
67;57;15
68;57;15
69;57;15
70;57;15
71;57;15
72;57;15
73;57;15
74;57;15
75;57;15
76;57;15
77;57;15
78;57;15
79;57;15
80;57;15
81;57;15
82;57;15
83;57;15
84;57;15
85;57;15
86;57;15
87;57;15
88;57;15
89;57;15
90;57;34
91;57;34
92;57;34
93;57;34
94;57;34
95;57;34
96;57;34
97;57;34
98;57;34
99;57;34
0;58;0
1;58;0
2;58;0
3;58;0
4;58;0
5;58;0
6;58;0
7;58;0
8;58;0
9;58;0
10;58;0
11;58;0
12;58;0
13;58;0
14;58;0
15;58;0
16;58;0
17;58;0
18;58;0
19;58;0
20;58;0
21;58;0
22;58;0
23;58;0
24;58;0
25;58;0
26;58;0
27;58;0
28;58;0
29;58;0
30;58;0
31;58;0
32;58;0
33;58;0
34;58;0
35;58;0
36;58;0
37;58;0
38;58;0
39;58;0
40;58;0
41;58;0
42;58;0
43;58;0
44;58;0
45;58;0
46;58;0
47;58;0
48;58;0
49;58;0
50;58;0
51;58;0
52;58;0
53;58;0
54;58;0
55;58;0
56;58;0
57;58;15
58;58;15
59;58;15
60;58;15
61;58;15
62;58;15
63;58;15
64;58;15
65;58;15
66;58;15
67;58;15
68;58;15
69;58;15
70;58;15
71;58;15
72;58;15
73;58;15
74;58;15
75;58;15
76;58;15
77;58;15
78;58;15
79;58;15
80;58;15
81;58;15
82;58;15
83;58;15
84;58;15
85;58;15
86;58;15
87;58;15
88;58;15
89;58;15
90;58;34
91;58;34
92;58;34
93;58;34
94;58;34
95;58;34
96;58;34
97;58;34
98;58;34
99;58;34
0;59;0
1;59;0
2;59;0
3;59;0
4;59;0
5;59;0
6;59;0
7;59;0
8;59;0
9;59;0
10;59;0
11;59;0
12;59;0
13;59;0
14;59;0
15;59;0
16;59;0
17;59;0
18;59;0
19;59;0
20;59;0
21;59;0
22;59;0
23;59;0
24;59;0
25;59;0
26;59;0
27;59;0
28;59;0
29;59;0
30;59;0
31;59;0
32;59;0
33;59;0
34;59;0
35;59;0
36;59;0
37;59;0
38;59;0
39;59;0
40;59;0
41;59;0
42;59;0
43;59;0
44;59;0
45;59;0
46;59;0
47;59;0
48;59;0
49;59;0
50;59;0
51;59;0
52;59;0
53;59;0
54;59;0
55;59;0
56;59;0
57;59;15
58;59;15
59;59;15
60;59;15
61;59;15
62;59;15
63;59;15
64;59;15
65;59;15
66;59;15
67;59;15
68;59;15
69;59;15
70;59;15
71;59;15
72;59;15
73;59;15
74;59;15
75;59;15
76;59;15
77;59;15
78;59;15
79;59;15
80;59;15
81;59;15
82;59;15
83;59;15
84;59;15
85;59;15
86;59;15
87;59;15
88;59;15
89;59;15
90;59;34
91;59;34
92;59;34
93;59;34
94;59;34
95;59;34
96;59;34
97;59;34
98;59;34
99;59;34
0;60;0
1;60;0
2;60;0
3;60;0
4;60;0
5;60;0
6;60;0
7;60;0
8;60;0
9;60;0
10;60;0
11;60;0
12;60;0
13;60;0
14;60;0
15;60;0
16;60;0
17;60;0
18;60;0
19;60;0
20;60;0
21;60;0
22;60;0
23;60;0
24;60;0
25;60;0
26;60;0
27;60;0
28;60;0
29;60;0
30;60;0
31;60;0
32;60;0
33;60;0
34;60;0
35;60;0
36;60;0
37;60;0
38;60;0
39;60;0
40;60;0
41;60;0
42;60;0
43;60;0
44;60;0
45;60;0
46;60;0
47;60;0
48;60;0
49;60;0
50;60;0
51;60;0
52;60;0
53;60;0
54;60;0
55;60;0
56;60;0
57;60;15
58;60;15
59;60;15
60;60;15
61;60;15
62;60;15
63;60;15
64;60;15
65;60;15
66;60;15
67;60;15
68;60;15
69;60;15
70;60;15
71;60;15
72;60;15
73;60;15
74;60;15
75;60;15
76;60;15
77;60;15
78;60;15
79;60;15
80;60;15
81;60;15
82;60;15
83;60;15
84;60;15
85;60;15
86;60;15
87;60;15
88;60;15
89;60;15
90;60;34
91;60;34
92;60;34
93;60;34
94;60;34
95;60;34
96;60;34
97;60;34
98;60;34
99;60;34
0;61;0
1;61;0
2;61;0
3;61;0
4;61;0
5;61;0
6;61;0
7;61;0
8;61;0
9;61;0
10;61;0
11;61;0
12;61;0
13;61;0
14;61;0
15;61;0
16;61;0
17;61;0
18;61;0
19;61;0
20;61;0
21;61;0
22;61;0
23;61;0
24;61;0
25;61;0
26;61;0
27;61;0
28;61;0
29;61;0
30;61;0
31;61;0
32;61;0
33;61;0
34;61;0
35;61;0
36;61;0
37;61;0
38;61;0
39;61;0
40;61;0
41;61;0
42;61;0
43;61;0
44;61;0
45;61;0
46;61;0
47;61;0
48;61;0
49;61;0
50;61;0
51;61;0
52;61;0
53;61;0
54;61;0
55;61;0
56;61;0
57;61;15
58;61;15
59;61;15
60;61;15
61;61;15
62;61;15
63;61;15
64;61;15
65;61;15
66;61;15
67;61;15
68;61;15
69;61;15
70;61;15
71;61;15
72;61;15
73;61;15
74;61;15
75;61;15
76;61;15
77;61;15
78;61;15
79;61;15
80;61;15
81;61;15
82;61;15
83;61;15
84;61;15
85;61;15
86;61;15
87;61;15
88;61;15
89;61;15
90;61;34
91;61;34
92;61;34
93;61;34
94;61;34
95;61;34
96;61;34
97;61;34
98;61;34
99;61;34
0;62;0
1;62;0
2;62;0
3;62;0
4;62;0
5;62;0
6;62;0
7;62;0
8;62;0
9;62;0
10;62;0
11;62;0
12;62;0
13;62;0
14;62;0
15;62;0
16;62;0
17;62;0
18;62;0
19;62;0
20;62;0
21;62;0
22;62;0
23;62;0
24;62;0
25;62;0
26;62;0
27;62;0
28;62;0
29;62;0
30;62;0
31;62;0
32;62;0
33;62;0
34;62;0
35;62;0
36;62;0
37;62;0
38;62;0
39;62;0
40;62;0
41;62;0
42;62;0
43;62;0
44;62;0
45;62;0
46;62;0
47;62;0
48;62;0
49;62;0
50;62;0
51;62;0
52;62;0
53;62;0
54;62;0
55;62;0
56;62;0
57;62;15
58;62;15
59;62;15
60;62;15
61;62;15
62;62;15
63;62;15
64;62;15
65;62;15
66;62;15
67;62;15
68;62;15
69;62;15
70;62;15
71;62;15
72;62;15
73;62;15
74;62;15
75;62;15
76;62;15
77;62;15
78;62;15
79;62;15
80;62;15
81;62;15
82;62;15
83;62;15
84;62;15
85;62;15
86;62;15
87;62;15
88;62;15
89;62;15
90;62;34
91;62;34
92;62;34
93;62;34
94;62;34
95;62;34
96;62;34
97;62;34
98;62;34
99;62;34
0;63;0
1;63;0
2;63;0
3;63;0
4;63;0
5;63;0
6;63;0
7;63;0
8;63;0
9;63;0
10;63;0
11;63;0
12;63;0
13;63;0
14;63;0
15;63;0
16;63;0
17;63;0
18;63;0
19;63;0
20;63;0
21;63;0
22;63;0
23;63;0
24;63;0
25;63;0
26;63;0
27;63;0
28;63;0
29;63;0
30;63;0
31;63;0
32;63;0
33;63;0
34;63;0
35;63;0
36;63;0
37;63;0
38;63;0
39;63;0
40;63;0
41;63;0
42;63;0
43;63;0
44;63;0
45;63;0
46;63;0
47;63;0
48;63;0
49;63;0
50;63;0
51;63;0
52;63;0
53;63;0
54;63;0
55;63;0
56;63;0
57;63;15
58;63;15
59;63;15
60;63;15
61;63;15
62;63;15
63;63;15
64;63;15
65;63;15
66;63;15
67;63;15
68;63;15
69;63;15
70;63;15
71;63;15
72;63;15
73;63;15
74;63;15
75;63;15
76;63;15
77;63;15
78;63;15
79;63;15
80;63;15
81;63;15
82;63;15
83;63;15
84;63;15
85;63;15
86;63;15
87;63;15
88;63;15
89;63;15
90;63;34
91;63;34
92;63;34
93;63;34
94;63;34
95;63;34
96;63;34
97;63;34
98;63;34
99;63;34
0;64;0
1;64;0
2;64;0
3;64;0
4;64;0
5;64;0
6;64;0
7;64;0
8;64;0
9;64;0
10;64;0
11;64;0
12;64;0
13;64;0
14;64;0
15;64;0
16;64;0
17;64;0
18;64;0
19;64;0
20;64;0
21;64;0
22;64;0
23;64;0
24;64;0
25;64;0
26;64;0
27;64;0
28;64;0
29;64;0
30;64;0
31;64;0
32;64;0
33;64;0
34;64;0
35;64;0
36;64;0
37;64;0
38;64;0
39;64;0
40;64;0
41;64;0
42;64;0
43;64;0
44;64;0
45;64;0
46;64;0
47;64;0
48;64;0
49;64;0
50;64;0
51;64;0
52;64;0
53;64;0
54;64;0
55;64;0
56;64;0
57;64;15
58;64;15
59;64;15
60;64;15
61;64;15
62;64;15
63;64;15
64;64;15
65;64;15
66;64;15
67;64;15
68;64;15
69;64;15
70;64;15
71;64;15
72;64;15
73;64;15
74;64;15
75;64;15
76;64;15
77;64;15
78;64;15
79;64;15
80;64;15
81;64;15
82;64;15
83;64;15
84;64;15
85;64;15
86;64;15
87;64;15
88;64;15
89;64;15
90;64;34
91;64;34
92;64;34
93;64;34
94;64;34
95;64;34
96;64;34
97;64;34
98;64;34
99;64;34
0;65;0
1;65;0
2;65;0
3;65;0
4;65;0
5;65;0
6;65;0
7;65;0
8;65;0
9;65;0
10;65;0
11;65;0
12;65;0
13;65;0
14;65;0
15;65;0
16;65;0
17;65;0
18;65;0
19;65;0
20;65;0
21;65;0
22;65;0
23;65;0
24;65;0
25;65;0
26;65;0
27;65;0
28;65;0
29;65;0
30;65;0
31;65;0
32;65;0
33;65;0
34;65;0
35;65;0
36;65;0
37;65;0
38;65;0
39;65;0
40;65;0
41;65;0
42;65;0
43;65;0
44;65;0
45;65;0
46;65;0
47;65;0
48;65;0
49;65;0
50;65;0
51;65;0
52;65;0
53;65;0
54;65;0
55;65;0
56;65;0
57;65;15
58;65;15
59;65;15
60;65;15
61;65;15
62;65;15
63;65;15
64;65;15
65;65;15
66;65;15
67;65;15
68;65;15
69;65;15
70;65;15
71;65;15
72;65;15
73;65;15
74;65;15
75;65;15
76;65;15
77;65;15
78;65;15
79;65;15
80;65;15
81;65;15
82;65;15
83;65;15
84;65;15
85;65;15
86;65;15
87;65;15
88;65;15
89;65;15
90;65;34
91;65;34
92;65;34
93;65;34
94;65;34
95;65;34
96;65;34
97;65;34
98;65;34
99;65;34
0;66;0
1;66;0
2;66;0
3;66;0
4;66;0
5;66;0
6;66;0
7;66;0
8;66;0
9;66;0
10;66;0
11;66;0
12;66;0
13;66;0
14;66;0
15;66;0
16;66;0
17;66;0
18;66;0
19;66;0
20;66;0
21;66;0
22;66;0
23;66;0
24;66;0
25;66;0
26;66;0
27;66;0
28;66;0
29;66;0
30;66;0
31;66;0
32;66;0
33;66;0
34;66;0
35;66;0
36;66;0
37;66;0
38;66;0
39;66;0
40;66;0
41;66;0
42;66;0
43;66;0
44;66;0
45;66;0
46;66;0
47;66;0
48;66;0
49;66;0
50;66;0
51;66;0
52;66;0
53;66;0
54;66;0
55;66;0
56;66;0
57;66;34
58;66;34
59;66;34
60;66;34
61;66;34
62;66;34
63;66;34
64;66;34
65;66;34
66;66;34
67;66;34
68;66;34
69;66;34
70;66;34
71;66;34
72;66;34
73;66;34
74;66;34
75;66;34
76;66;34
77;66;34
78;66;34
79;66;34
80;66;34
81;66;34
82;66;34
83;66;34
84;66;34
85;66;34
86;66;34
87;66;34
88;66;34
89;66;34
90;66;34
91;66;34
92;66;34
93;66;34
94;66;34
95;66;34
96;66;34
97;66;34
98;66;34
99;66;34
0;67;0
1;67;0
2;67;0
3;67;0
4;67;0
5;67;0
6;67;0
7;67;0
8;67;0
9;67;0
10;67;0
11;67;0
12;67;0
13;67;0
14;67;0
15;67;0
16;67;0
17;67;0
18;67;0
19;67;0
20;67;0
21;67;0
22;67;0
23;67;0
24;67;0
25;67;0
26;67;0
27;67;0
28;67;0
29;67;0
30;67;0
31;67;0
32;67;0
33;67;0
34;67;0
35;67;0
36;67;0
37;67;0
38;67;0
39;67;0
40;67;0
41;67;0
42;67;0
43;67;0
44;67;0
45;67;0
46;67;0
47;67;0
48;67;0
49;67;0
50;67;0
51;67;0
52;67;0
53;67;0
54;67;0
55;67;0
56;67;0
57;67;34
58;67;34
59;67;34
60;67;34
61;67;34
62;67;34
63;67;34
64;67;34
65;67;34
66;67;34
67;67;34
68;67;34
69;67;34
70;67;34
71;67;34
72;67;34
73;67;34
74;67;34
75;67;34
76;67;34
77;67;34
78;67;34
79;67;34
80;67;34
81;67;34
82;67;34
83;67;34
84;67;34
85;67;34
86;67;34
87;67;34
88;67;34
89;67;34
90;67;34
91;67;34
92;67;34
93;67;34
94;67;34
95;67;34
96;67;34
97;67;34
98;67;34
99;67;34
0;68;0
1;68;0
2;68;0
3;68;0
4;68;0
5;68;0
6;68;0
7;68;0
8;68;0
9;68;0
10;68;0
11;68;0
12;68;0
13;68;0
14;68;0
15;68;0
16;68;0
17;68;0
18;68;0
19;68;0
20;68;0
21;68;0
22;68;0
23;68;0
24;68;0
25;68;0
26;68;0
27;68;0
28;68;0
29;68;0
30;68;0
31;68;0
32;68;0
33;68;0
34;68;0
35;68;0
36;68;0
37;68;0
38;68;0
39;68;0
40;68;0
41;68;0
42;68;0
43;68;0
44;68;0
45;68;0
46;68;0
47;68;0
48;68;0
49;68;0
50;68;0
51;68;0
52;68;0
53;68;0
54;68;0
55;68;0
56;68;0
57;68;34
58;68;34
59;68;34
60;68;34
61;68;34
62;68;34
63;68;34
64;68;34
65;68;34
66;68;34
67;68;34
68;68;34
69;68;34
70;68;34
71;68;34
72;68;34
73;68;34
74;68;34
75;68;34
76;68;34
77;68;34
78;68;34
79;68;34
80;68;34
81;68;34
82;68;34
83;68;34
84;68;34
85;68;34
86;68;34
87;68;34
88;68;34
89;68;34
90;68;34
91;68;34
92;68;34
93;68;34
94;68;34
95;68;34
96;68;34
97;68;34
98;68;34
99;68;34
0;69;0
1;69;0
2;69;0
3;69;0
4;69;0
5;69;0
6;69;0
7;69;0
8;69;0
9;69;0
10;69;0
11;69;0
12;69;0
13;69;0
14;69;0
15;69;0
16;69;0
17;69;0
18;69;0
19;69;0
20;69;0
21;69;0
22;69;0
23;69;0
24;69;0
25;69;0
26;69;0
27;69;0
28;69;0
29;69;0
30;69;0
31;69;0
32;69;0
33;69;0
34;69;0
35;69;0
36;69;0
37;69;0
38;69;0
39;69;0
40;69;0
41;69;0
42;69;0
43;69;0
44;69;0
45;69;0
46;69;0
47;69;0
48;69;0
49;69;0
50;69;0
51;69;0
52;69;0
53;69;0
54;69;0
55;69;0
56;69;0
57;69;34
58;69;34
59;69;34
60;69;34
61;69;34
62;69;34
63;69;34
64;69;34
65;69;34
66;69;34
67;69;34
68;69;34
69;69;34
70;69;34
71;69;34
72;69;34
73;69;34
74;69;34
75;69;34
76;69;34
77;69;34
78;69;34
79;69;34
80;69;34
81;69;34
82;69;34
83;69;34
84;69;34
85;69;34
86;69;34
87;69;34
88;69;34
89;69;34
90;69;34
91;69;34
92;69;34
93;69;34
94;69;34
95;69;34
96;69;34
97;69;34
98;69;34
99;69;34
0;70;0
1;70;0
2;70;0
3;70;0
4;70;0
5;70;0
6;70;0
7;70;0
8;70;0
9;70;0
10;70;0
11;70;0
12;70;0
13;70;0
14;70;0
15;70;0
16;70;0
17;70;0
18;70;0
19;70;0
20;70;0
21;70;0
22;70;0
23;70;0
24;70;0
25;70;0
26;70;0
27;70;0
28;70;0
29;70;0
30;70;0
31;70;0
32;70;0
33;70;0
34;70;0
35;70;0
36;70;0
37;70;0
38;70;0
39;70;0
40;70;0
41;70;0
42;70;0
43;70;0
44;70;0
45;70;0
46;70;0
47;70;0
48;70;0
49;70;0
50;70;0
51;70;0
52;70;0
53;70;0
54;70;0
55;70;0
56;70;0
57;70;34
58;70;34
59;70;34
60;70;34
61;70;34
62;70;34
63;70;34
64;70;34
65;70;34
66;70;34
67;70;34
68;70;34
69;70;34
70;70;34
71;70;34
72;70;34
73;70;34
74;70;34
75;70;34
76;70;34
77;70;34
78;70;34
79;70;34
80;70;34
81;70;34
82;70;34
83;70;34
84;70;34
85;70;34
86;70;34
87;70;34
88;70;34
89;70;34
90;70;34
91;70;34
92;70;34
93;70;34
94;70;34
95;70;34
96;70;34
97;70;34
98;70;34
99;70;34
0;71;0
1;71;0
2;71;0
3;71;0
4;71;0
5;71;0
6;71;0
7;71;0
8;71;0
9;71;0
10;71;0
11;71;0
12;71;0
13;71;0
14;71;0
15;71;0
16;71;0
17;71;0
18;71;0
19;71;0
20;71;0
21;71;0
22;71;0
23;71;0
24;71;0
25;71;0
26;71;0
27;71;0
28;71;0
29;71;0
30;71;0
31;71;0
32;71;0
33;71;0
34;71;0
35;71;0
36;71;0
37;71;0
38;71;0
39;71;0
40;71;0
41;71;0
42;71;0
43;71;0
44;71;0
45;71;0
46;71;0
47;71;0
48;71;0
49;71;0
50;71;0
51;71;0
52;71;0
53;71;0
54;71;0
55;71;0
56;71;0
57;71;34
58;71;34
59;71;34
60;71;34
61;71;34
62;71;34
63;71;34
64;71;34
65;71;34
66;71;34
67;71;34
68;71;34
69;71;34
70;71;34
71;71;34
72;71;34
73;71;34
74;71;34
75;71;34
76;71;34
77;71;34
78;71;34
79;71;34
80;71;34
81;71;34
82;71;34
83;71;34
84;71;34
85;71;34
86;71;34
87;71;34
88;71;34
89;71;34
90;71;34
91;71;34
92;71;34
93;71;34
94;71;34
95;71;34
96;71;34
97;71;34
98;71;34
99;71;34
0;72;0
1;72;0
2;72;0
3;72;0
4;72;0
5;72;0
6;72;0
7;72;0
8;72;0
9;72;0
10;72;0
11;72;0
12;72;0
13;72;0
14;72;0
15;72;0
16;72;0
17;72;0
18;72;0
19;72;0
20;72;0
21;72;0
22;72;0
23;72;0
24;72;0
25;72;0
26;72;0
27;72;0
28;72;0
29;72;0
30;72;0
31;72;0
32;72;0
33;72;0
34;72;0
35;72;0
36;72;0
37;72;0
38;72;0
39;72;0
40;72;0
41;72;0
42;72;0
43;72;0
44;72;0
45;72;0
46;72;0
47;72;0
48;72;0
49;72;0
50;72;0
51;72;0
52;72;0
53;72;0
54;72;0
55;72;0
56;72;0
57;72;34
58;72;34
59;72;34
60;72;34
61;72;34
62;72;34
63;72;34
64;72;34
65;72;34
66;72;34
67;72;34
68;72;34
69;72;34
70;72;34
71;72;34
72;72;34
73;72;34
74;72;34
75;72;34
76;72;34
77;72;34
78;72;34
79;72;34
80;72;34
81;72;34
82;72;34
83;72;34
84;72;34
85;72;34
86;72;34
87;72;34
88;72;34
89;72;34
90;72;34
91;72;34
92;72;34
93;72;34
94;72;34
95;72;34
96;72;34
97;72;34
98;72;34
99;72;34
0;73;0
1;73;0
2;73;0
3;73;0
4;73;0
5;73;0
6;73;0
7;73;0
8;73;0
9;73;0
10;73;0
11;73;0
12;73;0
13;73;0
14;73;0
15;73;0
16;73;0
17;73;0
18;73;0
19;73;0
20;73;0
21;73;0
22;73;0
23;73;0
24;73;0
25;73;0
26;73;0
27;73;0
28;73;0
29;73;0
30;73;0
31;73;0
32;73;0
33;73;0
34;73;0
35;73;0
36;73;0
37;73;0
38;73;0
39;73;0
40;73;0
41;73;0
42;73;0
43;73;0
44;73;0
45;73;0
46;73;0
47;73;0
48;73;0
49;73;0
50;73;0
51;73;0
52;73;0
53;73;0
54;73;0
55;73;0
56;73;0
57;73;34
58;73;34
59;73;34
60;73;34
61;73;34
62;73;34
63;73;34
64;73;34
65;73;34
66;73;34
67;73;34
68;73;34
69;73;34
70;73;34
71;73;34
72;73;34
73;73;34
74;73;34
75;73;34
76;73;34
77;73;34
78;73;34
79;73;34
80;73;34
81;73;34
82;73;34
83;73;34
84;73;34
85;73;34
86;73;34
87;73;34
88;73;34
89;73;34
90;73;34
91;73;34
92;73;34
93;73;34
94;73;34
95;73;34
96;73;34
97;73;34
98;73;34
99;73;34
0;74;0
1;74;0
2;74;0
3;74;0
4;74;0
5;74;0
6;74;0
7;74;0
8;74;0
9;74;0
10;74;0
11;74;0
12;74;0
13;74;0
14;74;0
15;74;0
16;74;0
17;74;0
18;74;0
19;74;0
20;74;0
21;74;0
22;74;0
23;74;0
24;74;0
25;74;0
26;74;0
27;74;0
28;74;0
29;74;0
30;74;0
31;74;0
32;74;0
33;74;0
34;74;0
35;74;0
36;74;0
37;74;0
38;74;0
39;74;0
40;74;0
41;74;0
42;74;0
43;74;0
44;74;0
45;74;0
46;74;0
47;74;0
48;74;0
49;74;0
50;74;0
51;74;0
52;74;0
53;74;0
54;74;0
55;74;0
56;74;0
57;74;34
58;74;34
59;74;34
60;74;34
61;74;34
62;74;34
63;74;34
64;74;34
65;74;34
66;74;34
67;74;34
68;74;34
69;74;34
70;74;34
71;74;34
72;74;34
73;74;34
74;74;34
75;74;34
76;74;34
77;74;34
78;74;34
79;74;34
80;74;34
81;74;34
82;74;34
83;74;34
84;74;34
85;74;34
86;74;34
87;74;34
88;74;34
89;74;34
90;74;34
91;74;34
92;74;34
93;74;34
94;74;34
95;74;34
96;74;34
97;74;34
98;74;34
99;74;34
0;75;0
1;75;0
2;75;0
3;75;0
4;75;0
5;75;0
6;75;0
7;75;0
8;75;0
9;75;0
10;75;0
11;75;0
12;75;0
13;75;0
14;75;0
15;75;0
16;75;0
17;75;0
18;75;0
19;75;0
20;75;0
21;75;0
22;75;0
23;75;0
24;75;0
25;75;0
26;75;0
27;75;0
28;75;0
29;75;0
30;75;0
31;75;0
32;75;0
33;75;0
34;75;0
35;75;0
36;75;0
37;75;0
38;75;0
39;75;0
40;75;0
41;75;0
42;75;0
43;75;0
44;75;0
45;75;0
46;75;0
47;75;0
48;75;0
49;75;0
50;75;0
51;75;0
52;75;0
53;75;0
54;75;0
55;75;0
56;75;0
57;75;34
58;75;34
59;75;34
60;75;34
61;75;34
62;75;34
63;75;34
64;75;34
65;75;34
66;75;34
67;75;34
68;75;34
69;75;34
70;75;34
71;75;34
72;75;34
73;75;34
74;75;34
75;75;34
76;75;34
77;75;34
78;75;34
79;75;34
80;75;34
81;75;34
82;75;34
83;75;34
84;75;34
85;75;34
86;75;34
87;75;34
88;75;34
89;75;34
90;75;34
91;75;34
92;75;34
93;75;34
94;75;34
95;75;34
96;75;34
97;75;34
98;75;34
99;75;34
0;76;0
1;76;0
2;76;0
3;76;0
4;76;0
5;76;0
6;76;0
7;76;0
8;76;0
9;76;0
10;76;0
11;76;0
12;76;0
13;76;0
14;76;0
15;76;0
16;76;0
17;76;0
18;76;0
19;76;0
20;76;0
21;76;0
22;76;0
23;76;0
24;76;0
25;76;0
26;76;0
27;76;0
28;76;0
29;76;0
30;76;0
31;76;0
32;76;0
33;76;0
34;76;0
35;76;0
36;76;0
37;76;0
38;76;0
39;76;0
40;76;0
41;76;0
42;76;0
43;76;0
44;76;0
45;76;0
46;76;0
47;76;0
48;76;0
49;76;0
50;76;0
51;76;0
52;76;0
53;76;0
54;76;0
55;76;0
56;76;0
57;76;34
58;76;34
59;76;34
60;76;34
61;76;34
62;76;34
63;76;34
64;76;34
65;76;34
66;76;34
67;76;34
68;76;34
69;76;34
70;76;34
71;76;34
72;76;34
73;76;34
74;76;34
75;76;34
76;76;34
77;76;34
78;76;34
79;76;34
80;76;34
81;76;34
82;76;34
83;76;34
84;76;34
85;76;34
86;76;34
87;76;34
88;76;34
89;76;34
90;76;34
91;76;34
92;76;34
93;76;34
94;76;34
95;76;34
96;76;34
97;76;34
98;76;34
99;76;34
0;77;0
1;77;0
2;77;0
3;77;0
4;77;0
5;77;0
6;77;0
7;77;0
8;77;0
9;77;0
10;77;0
11;77;0
12;77;0
13;77;0
14;77;0
15;77;0
16;77;0
17;77;0
18;77;0
19;77;0
20;77;0
21;77;0
22;77;0
23;77;0
24;77;0
25;77;0
26;77;0
27;77;0
28;77;0
29;77;0
30;77;0
31;77;0
32;77;0
33;77;0
34;77;0
35;77;0
36;77;0
37;77;0
38;77;0
39;77;0
40;77;0
41;77;0
42;77;0
43;77;0
44;77;0
45;77;0
46;77;0
47;77;0
48;77;0
49;77;0
50;77;0
51;77;0
52;77;0
53;77;0
54;77;0
55;77;0
56;77;0
57;77;34
58;77;34
59;77;34
60;77;34
61;77;34
62;77;34
63;77;34
64;77;34
65;77;34
66;77;34
67;77;34
68;77;34
69;77;34
70;77;34
71;77;34
72;77;34
73;77;34
74;77;34
75;77;34
76;77;34
77;77;34
78;77;34
79;77;34
80;77;34
81;77;34
82;77;34
83;77;34
84;77;34
85;77;34
86;77;34
87;77;34
88;77;34
89;77;34
90;77;34
91;77;34
92;77;34
93;77;34
94;77;34
95;77;34
96;77;34
97;77;34
98;77;34
99;77;34
0;78;0
1;78;0
2;78;0
3;78;0
4;78;0
5;78;0
6;78;0
7;78;0
8;78;0
9;78;0
10;78;0
11;78;0
12;78;0
13;78;0
14;78;0
15;78;0
16;78;0
17;78;0
18;78;0
19;78;0
20;78;0
21;78;0
22;78;0
23;78;0
24;78;0
25;78;0
26;78;0
27;78;0
28;78;0
29;78;0
30;78;0
31;78;0
32;78;0
33;78;0
34;78;0
35;78;0
36;78;0
37;78;0
38;78;0
39;78;0
40;78;0
41;78;0
42;78;0
43;78;0
44;78;0
45;78;0
46;78;0
47;78;0
48;78;0
49;78;0
50;78;0
51;78;0
52;78;0
53;78;0
54;78;0
55;78;0
56;78;0
57;78;34
58;78;34
59;78;34
60;78;34
61;78;34
62;78;34
63;78;34
64;78;34
65;78;34
66;78;34
67;78;34
68;78;34
69;78;34
70;78;34
71;78;34
72;78;34
73;78;34
74;78;34
75;78;34
76;78;34
77;78;34
78;78;34
79;78;34
80;78;34
81;78;34
82;78;34
83;78;34
84;78;34
85;78;34
86;78;34
87;78;34
88;78;34
89;78;34
90;78;34
91;78;34
92;78;34
93;78;34
94;78;34
95;78;34
96;78;34
97;78;34
98;78;34
99;78;34
0;79;0
1;79;0
2;79;0
3;79;0
4;79;0
5;79;0
6;79;0
7;79;0
8;79;0
9;79;0
10;79;0
11;79;0
12;79;0
13;79;0
14;79;0
15;79;0
16;79;0
17;79;0
18;79;0
19;79;0
20;79;0
21;79;0
22;79;0
23;79;0
24;79;0
25;79;0
26;79;0
27;79;0
28;79;0
29;79;0
30;79;0
31;79;0
32;79;0
33;79;0
34;79;0
35;79;0
36;79;0
37;79;0
38;79;0
39;79;0
40;79;0
41;79;0
42;79;0
43;79;0
44;79;0
45;79;0
46;79;0
47;79;0
48;79;0
49;79;0
50;79;0
51;79;0
52;79;0
53;79;0
54;79;0
55;79;0
56;79;0
57;79;34
58;79;34
59;79;34
60;79;34
61;79;34
62;79;34
63;79;34
64;79;34
65;79;34
66;79;34
67;79;34
68;79;34
69;79;34
70;79;34
71;79;34
72;79;34
73;79;34
74;79;34
75;79;34
76;79;34
77;79;34
78;79;34
79;79;34
80;79;34
81;79;34
82;79;34
83;79;34
84;79;34
85;79;34
86;79;34
87;79;34
88;79;34
89;79;34
90;79;34
91;79;34
92;79;34
93;79;34
94;79;34
95;79;34
96;79;34
97;79;34
98;79;34
99;79;34
0;80;0
1;80;0
2;80;0
3;80;0
4;80;0
5;80;0
6;80;0
7;80;0
8;80;0
9;80;0
10;80;0
11;80;0
12;80;0
13;80;0
14;80;0
15;80;0
16;80;0
17;80;0
18;80;0
19;80;0
20;80;0
21;80;0
22;80;0
23;80;0
24;80;0
25;80;0
26;80;0
27;80;0
28;80;0
29;80;0
30;80;0
31;80;0
32;80;0
33;80;0
34;80;0
35;80;0
36;80;0
37;80;0
38;80;0
39;80;0
40;80;0
41;80;0
42;80;0
43;80;0
44;80;0
45;80;0
46;80;0
47;80;0
48;80;0
49;80;0
50;80;0
51;80;0
52;80;0
53;80;0
54;80;0
55;80;0
56;80;0
57;80;34
58;80;34
59;80;34
60;80;34
61;80;34
62;80;34
63;80;34
64;80;34
65;80;34
66;80;34
67;80;34
68;80;34
69;80;34
70;80;34
71;80;34
72;80;34
73;80;34
74;80;34
75;80;34
76;80;34
77;80;34
78;80;34
79;80;34
80;80;34
81;80;34
82;80;34
83;80;34
84;80;34
85;80;34
86;80;34
87;80;34
88;80;34
89;80;34
90;80;34
91;80;34
92;80;34
93;80;34
94;80;34
95;80;34
96;80;34
97;80;34
98;80;34
99;80;34
0;81;0
1;81;0
2;81;0
3;81;0
4;81;0
5;81;0
6;81;0
7;81;0
8;81;0
9;81;0
10;81;0
11;81;0
12;81;0
13;81;0
14;81;0
15;81;0
16;81;0
17;81;0
18;81;0
19;81;0
20;81;0
21;81;0
22;81;0
23;81;0
24;81;0
25;81;0
26;81;0
27;81;0
28;81;0
29;81;0
30;81;0
31;81;0
32;81;0
33;81;0
34;81;0
35;81;0
36;81;0
37;81;0
38;81;0
39;81;0
40;81;0
41;81;0
42;81;0
43;81;0
44;81;0
45;81;0
46;81;0
47;81;0
48;81;0
49;81;0
50;81;0
51;81;0
52;81;0
53;81;0
54;81;0
55;81;0
56;81;0
57;81;34
58;81;34
59;81;34
60;81;34
61;81;34
62;81;34
63;81;34
64;81;34
65;81;34
66;81;34
67;81;34
68;81;34
69;81;34
70;81;34
71;81;34
72;81;34
73;81;34
74;81;34
75;81;34
76;81;34
77;81;34
78;81;34
79;81;34
80;81;34
81;81;34
82;81;34
83;81;34
84;81;34
85;81;34
86;81;34
87;81;34
88;81;34
89;81;34
90;81;34
91;81;34
92;81;34
93;81;34
94;81;34
95;81;34
96;81;34
97;81;34
98;81;34
99;81;34
0;82;0
1;82;0
2;82;0
3;82;0
4;82;0
5;82;0
6;82;0
7;82;0
8;82;0
9;82;0
10;82;0
11;82;0
12;82;0
13;82;0
14;82;0
15;82;0
16;82;0
17;82;0
18;82;0
19;82;0
20;82;0
21;82;0
22;82;0
23;82;0
24;82;0
25;82;0
26;82;0
27;82;0
28;82;0
29;82;0
30;82;0
31;82;0
32;82;0
33;82;0
34;82;0
35;82;0
36;82;0
37;82;0
38;82;0
39;82;0
40;82;0
41;82;0
42;82;0
43;82;0
44;82;0
45;82;0
46;82;0
47;82;0
48;82;0
49;82;0
50;82;0
51;82;0
52;82;0
53;82;0
54;82;0
55;82;0
56;82;0
57;82;34
58;82;34
59;82;34
60;82;34
61;82;34
62;82;34
63;82;34
64;82;34
65;82;34
66;82;34
67;82;34
68;82;34
69;82;34
70;82;34
71;82;34
72;82;34
73;82;34
74;82;34
75;82;34
76;82;34
77;82;34
78;82;34
79;82;34
80;82;34
81;82;34
82;82;34
83;82;34
84;82;34
85;82;34
86;82;34
87;82;34
88;82;34
89;82;34
90;82;34
91;82;34
92;82;34
93;82;34
94;82;34
95;82;34
96;82;34
97;82;34
98;82;34
99;82;34
0;83;0
1;83;0
2;83;0
3;83;0
4;83;0
5;83;0
6;83;0
7;83;0
8;83;0
9;83;0
10;83;0
11;83;0
12;83;0
13;83;0
14;83;0
15;83;0
16;83;0
17;83;0
18;83;0
19;83;0
20;83;0
21;83;0
22;83;0
23;83;0
24;83;0
25;83;0
26;83;0
27;83;0
28;83;0
29;83;0
30;83;0
31;83;0
32;83;0
33;83;0
34;83;0
35;83;0
36;83;0
37;83;0
38;83;0
39;83;0
40;83;0
41;83;0
42;83;0
43;83;0
44;83;0
45;83;0
46;83;0
47;83;0
48;83;34
49;83;34
50;83;34
51;83;34
52;83;34
53;83;34
54;83;34
55;83;34
56;83;34
57;83;34
58;83;34
59;83;34
60;83;34
61;83;34
62;83;34
63;83;34
64;83;34
65;83;34
66;83;34
67;83;34
68;83;34
69;83;34
70;83;34
71;83;34
72;83;34
73;83;34
74;83;34
75;83;34
76;83;34
77;83;34
78;83;34
79;83;34
80;83;34
81;83;34
82;83;34
83;83;34
84;83;34
85;83;34
86;83;34
87;83;34
88;83;34
89;83;34
90;83;34
91;83;34
92;83;34
93;83;34
94;83;34
95;83;34
96;83;34
97;83;34
98;83;34
99;83;34
0;84;0
1;84;0
2;84;0
3;84;0
4;84;0
5;84;0
6;84;0
7;84;0
8;84;0
9;84;0
10;84;0
11;84;0
12;84;0
13;84;0
14;84;0
15;84;0
16;84;0
17;84;0
18;84;0
19;84;0
20;84;0
21;84;0
22;84;0
23;84;0
24;84;0
25;84;0
26;84;0
27;84;0
28;84;0
29;84;0
30;84;0
31;84;0
32;84;0
33;84;0
34;84;0
35;84;0
36;84;0
37;84;0
38;84;0
39;84;0
40;84;0
41;84;0
42;84;0
43;84;0
44;84;0
45;84;0
46;84;0
47;84;0
48;84;34
49;84;34
50;84;34
51;84;34
52;84;34
53;84;34
54;84;34
55;84;34
56;84;34
57;84;34
58;84;34
59;84;34
60;84;34
61;84;34
62;84;34
63;84;34
64;84;34
65;84;34
66;84;34
67;84;34
68;84;34
69;84;34
70;84;34
71;84;34
72;84;34
73;84;34
74;84;34
75;84;34
76;84;34
77;84;34
78;84;34
79;84;34
80;84;34
81;84;34
82;84;34
83;84;34
84;84;34
85;84;34
86;84;34
87;84;34
88;84;34
89;84;34
90;84;34
91;84;34
92;84;34
93;84;34
94;84;34
95;84;34
96;84;34
97;84;34
98;84;34
99;84;34
0;85;0
1;85;0
2;85;0
3;85;0
4;85;0
5;85;0
6;85;0
7;85;0
8;85;0
9;85;0
10;85;0
11;85;0
12;85;0
13;85;0
14;85;0
15;85;0
16;85;0
17;85;0
18;85;0
19;85;0
20;85;0
21;85;0
22;85;0
23;85;0
24;85;0
25;85;0
26;85;0
27;85;0
28;85;0
29;85;0
30;85;0
31;85;0
32;85;0
33;85;0
34;85;0
35;85;0
36;85;0
37;85;0
38;85;0
39;85;0
40;85;0
41;85;0
42;85;0
43;85;0
44;85;0
45;85;0
46;85;0
47;85;0
48;85;34
49;85;34
50;85;34
51;85;34
52;85;34
53;85;34
54;85;34
55;85;34
56;85;34
57;85;34
58;85;34
59;85;34
60;85;34
61;85;34
62;85;34
63;85;34
64;85;34
65;85;34
66;85;34
67;85;34
68;85;34
69;85;34
70;85;34
71;85;34
72;85;34
73;85;34
74;85;34
75;85;34
76;85;34
77;85;34
78;85;34
79;85;34
80;85;34
81;85;34
82;85;34
83;85;34
84;85;34
85;85;34
86;85;34
87;85;34
88;85;34
89;85;34
90;85;34
91;85;34
92;85;34
93;85;34
94;85;34
95;85;34
96;85;34
97;85;34
98;85;34
99;85;34
0;86;0
1;86;0
2;86;0
3;86;0
4;86;0
5;86;0
6;86;0
7;86;0
8;86;0
9;86;0
10;86;0
11;86;0
12;86;0
13;86;0
14;86;0
15;86;0
16;86;0
17;86;0
18;86;0
19;86;0
20;86;0
21;86;0
22;86;0
23;86;0
24;86;0
25;86;0
26;86;0
27;86;0
28;86;0
29;86;0
30;86;0
31;86;0
32;86;0
33;86;0
34;86;0
35;86;0
36;86;0
37;86;0
38;86;0
39;86;0
40;86;0
41;86;0
42;86;0
43;86;0
44;86;0
45;86;0
46;86;0
47;86;0
48;86;34
49;86;34
50;86;34
51;86;34
52;86;34
53;86;34
54;86;34
55;86;34
56;86;34
57;86;34
58;86;34
59;86;34
60;86;34
61;86;34
62;86;34
63;86;34
64;86;34
65;86;34
66;86;34
67;86;34
68;86;34
69;86;34
70;86;34
71;86;34
72;86;34
73;86;34
74;86;34
75;86;34
76;86;34
77;86;34
78;86;34
79;86;34
80;86;34
81;86;34
82;86;34
83;86;34
84;86;34
85;86;34
86;86;34
87;86;34
88;86;34
89;86;34
90;86;34
91;86;34
92;86;34
93;86;34
94;86;34
95;86;34
96;86;34
97;86;34
98;86;34
99;86;34
0;87;0
1;87;0
2;87;0
3;87;0
4;87;0
5;87;0
6;87;0
7;87;0
8;87;0
9;87;0
10;87;0
11;87;0
12;87;0
13;87;0
14;87;0
15;87;0
16;87;0
17;87;0
18;87;0
19;87;0
20;87;0
21;87;0
22;87;0
23;87;0
24;87;0
25;87;0
26;87;0
27;87;0
28;87;0
29;87;0
30;87;0
31;87;0
32;87;0
33;87;0
34;87;0
35;87;0
36;87;0
37;87;0
38;87;0
39;87;0
40;87;0
41;87;0
42;87;0
43;87;0
44;87;0
45;87;0
46;87;0
47;87;0
48;87;34
49;87;34
50;87;34
51;87;34
52;87;34
53;87;34
54;87;34
55;87;34
56;87;34
57;87;34
58;87;34
59;87;34
60;87;34
61;87;34
62;87;34
63;87;34
64;87;34
65;87;34
66;87;34
67;87;34
68;87;34
69;87;34
70;87;34
71;87;34
72;87;34
73;87;34
74;87;34
75;87;34
76;87;34
77;87;34
78;87;34
79;87;34
80;87;34
81;87;34
82;87;34
83;87;34
84;87;34
85;87;34
86;87;34
87;87;34
88;87;34
89;87;34
90;87;34
91;87;34
92;87;34
93;87;34
94;87;34
95;87;34
96;87;34
97;87;34
98;87;34
99;87;34
0;88;0
1;88;0
2;88;0
3;88;0
4;88;0
5;88;0
6;88;0
7;88;0
8;88;0
9;88;0
10;88;0
11;88;0
12;88;0
13;88;0
14;88;0
15;88;0
16;88;0
17;88;0
18;88;0
19;88;0
20;88;0
21;88;0
22;88;0
23;88;0
24;88;0
25;88;0
26;88;0
27;88;0
28;88;0
29;88;0
30;88;0
31;88;0
32;88;0
33;88;0
34;88;0
35;88;0
36;88;0
37;88;0
38;88;0
39;88;0
40;88;0
41;88;0
42;88;0
43;88;0
44;88;0
45;88;0
46;88;0
47;88;0
48;88;34
49;88;34
50;88;34
51;88;34
52;88;34
53;88;34
54;88;34
55;88;34
56;88;34
57;88;34
58;88;34
59;88;34
60;88;34
61;88;34
62;88;34
63;88;34
64;88;34
65;88;34
66;88;34
67;88;34
68;88;34
69;88;34
70;88;34
71;88;34
72;88;34
73;88;34
74;88;34
75;88;34
76;88;34
77;88;34
78;88;34
79;88;34
80;88;34
81;88;34
82;88;34
83;88;34
84;88;34
85;88;34
86;88;34
87;88;34
88;88;34
89;88;34
90;88;34
91;88;34
92;88;34
93;88;34
94;88;34
95;88;34
96;88;34
97;88;34
98;88;34
99;88;34
0;89;0
1;89;0
2;89;0
3;89;0
4;89;0
5;89;0
6;89;0
7;89;0
8;89;0
9;89;0
10;89;0
11;89;0
12;89;0
13;89;0
14;89;0
15;89;0
16;89;0
17;89;0
18;89;0
19;89;0
20;89;0
21;89;0
22;89;0
23;89;0
24;89;0
25;89;0
26;89;0
27;89;0
28;89;0
29;89;0
30;89;0
31;89;0
32;89;0
33;89;0
34;89;0
35;89;0
36;89;0
37;89;0
38;89;0
39;89;0
40;89;0
41;89;0
42;89;0
43;89;34
44;89;34
45;89;34
46;89;34
47;89;34
48;89;34
49;89;34
50;89;34
51;89;34
52;89;34
53;89;34
54;89;34
55;89;34
56;89;34
57;89;34
58;89;34
59;89;34
60;89;34
61;89;34
62;89;34
63;89;34
64;89;34
65;89;34
66;89;34
67;89;34
68;89;34
69;89;34
70;89;34
71;89;34
72;89;34
73;89;34
74;89;34
75;89;34
76;89;34
77;89;34
78;89;34
79;89;34
80;89;34
81;89;34
82;89;34
83;89;34
84;89;34
85;89;34
86;89;34
87;89;34
88;89;34
89;89;34
90;89;34
91;89;34
92;89;34
93;89;34
94;89;34
95;89;34
96;89;34
97;89;34
98;89;34
99;89;34
0;90;0
1;90;0
2;90;0
3;90;0
4;90;0
5;90;0
6;90;0
7;90;0
8;90;0
9;90;0
10;90;0
11;90;0
12;90;0
13;90;0
14;90;0
15;90;0
16;90;0
17;90;0
18;90;0
19;90;0
20;90;0
21;90;0
22;90;0
23;90;0
24;90;0
25;90;0
26;90;0
27;90;0
28;90;0
29;90;0
30;90;0
31;90;0
32;90;0
33;90;0
34;90;0
35;90;0
36;90;0
37;90;0
38;90;0
39;90;0
40;90;0
41;90;0
42;90;0
43;90;34
44;90;34
45;90;34
46;90;34
47;90;34
48;90;34
49;90;34
50;90;34
51;90;34
52;90;34
53;90;34
54;90;34
55;90;34
56;90;34
57;90;34
58;90;34
59;90;34
60;90;34
61;90;34
62;90;34
63;90;34
64;90;34
65;90;34
66;90;34
67;90;34
68;90;34
69;90;34
70;90;34
71;90;34
72;90;34
73;90;34
74;90;34
75;90;34
76;90;34
77;90;34
78;90;34
79;90;34
80;90;34
81;90;34
82;90;34
83;90;34
84;90;34
85;90;34
86;90;34
87;90;34
88;90;34
89;90;34
90;90;34
91;90;34
92;90;34
93;90;34
94;90;34
95;90;34
96;90;34
97;90;34
98;90;34
99;90;34
0;91;0
1;91;0
2;91;0
3;91;0
4;91;0
5;91;0
6;91;0
7;91;0
8;91;0
9;91;0
10;91;0
11;91;0
12;91;0
13;91;0
14;91;0
15;91;0
16;91;0
17;91;0
18;91;0
19;91;0
20;91;0
21;91;0
22;91;0
23;91;0
24;91;0
25;91;0
26;91;0
27;91;0
28;91;0
29;91;0
30;91;0
31;91;0
32;91;0
33;91;0
34;91;0
35;91;0
36;91;0
37;91;0
38;91;0
39;91;0
40;91;0
41;91;0
42;91;0
43;91;34
44;91;34
45;91;34
46;91;34
47;91;34
48;91;34
49;91;34
50;91;34
51;91;34
52;91;34
53;91;34
54;91;34
55;91;34
56;91;34
57;91;34
58;91;34
59;91;34
60;91;34
61;91;34
62;91;34
63;91;34
64;91;34
65;91;34
66;91;34
67;91;34
68;91;34
69;91;34
70;91;34
71;91;34
72;91;34
73;91;34
74;91;34
75;91;34
76;91;34
77;91;34
78;91;34
79;91;34
80;91;34
81;91;34
82;91;34
83;91;34
84;91;34
85;91;34
86;91;34
87;91;34
88;91;34
89;91;34
90;91;34
91;91;34
92;91;34
93;91;34
94;91;34
95;91;34
96;91;34
97;91;34
98;91;34
99;91;34
0;92;0
1;92;0
2;92;0
3;92;0
4;92;0
5;92;0
6;92;0
7;92;0
8;92;0
9;92;0
10;92;0
11;92;0
12;92;0
13;92;0
14;92;0
15;92;0
16;92;0
17;92;0
18;92;0
19;92;0
20;92;0
21;92;0
22;92;0
23;92;0
24;92;0
25;92;0
26;92;0
27;92;0
28;92;0
29;92;0
30;92;0
31;92;0
32;92;0
33;92;0
34;92;0
35;92;0
36;92;0
37;92;0
38;92;0
39;92;0
40;92;0
41;92;0
42;92;0
43;92;34
44;92;34
45;92;34
46;92;34
47;92;34
48;92;34
49;92;34
50;92;34
51;92;34
52;92;34
53;92;34
54;92;34
55;92;34
56;92;34
57;92;34
58;92;34
59;92;34
60;92;34
61;92;34
62;92;34
63;92;34
64;92;34
65;92;34
66;92;34
67;92;34
68;92;34
69;92;34
70;92;34
71;92;34
72;92;34
73;92;34
74;92;34
75;92;34
76;92;34
77;92;34
78;92;34
79;92;34
80;92;34
81;92;34
82;92;34
83;92;34
84;92;34
85;92;34
86;92;34
87;92;34
88;92;34
89;92;34
90;92;34
91;92;34
92;92;34
93;92;34
94;92;34
95;92;34
96;92;34
97;92;34
98;92;34
99;92;34
0;93;0
1;93;0
2;93;0
3;93;0
4;93;0
5;93;0
6;93;0
7;93;0
8;93;0
9;93;0
10;93;0
11;93;0
12;93;0
13;93;0
14;93;0
15;93;0
16;93;0
17;93;0
18;93;0
19;93;0
20;93;0
21;93;0
22;93;0
23;93;0
24;93;0
25;93;0
26;93;0
27;93;0
28;93;0
29;93;0
30;93;0
31;93;0
32;93;0
33;93;0
34;93;0
35;93;0
36;93;0
37;93;0
38;93;0
39;93;0
40;93;0
41;93;0
42;93;0
43;93;34
44;93;34
45;93;34
46;93;34
47;93;34
48;93;34
49;93;34
50;93;34
51;93;34
52;93;34
53;93;34
54;93;34
55;93;34
56;93;34
57;93;34
58;93;34
59;93;34
60;93;34
61;93;34
62;93;34
63;93;34
64;93;34
65;93;34
66;93;34
67;93;34
68;93;34
69;93;34
70;93;34
71;93;34
72;93;34
73;93;34
74;93;34
75;93;34
76;93;34
77;93;34
78;93;34
79;93;34
80;93;34
81;93;34
82;93;34
83;93;34
84;93;34
85;93;34
86;93;34
87;93;34
88;93;34
89;93;34
90;93;34
91;93;34
92;93;34
93;93;34
94;93;34
95;93;34
96;93;34
97;93;34
98;93;34
99;93;34
0;94;0
1;94;0
2;94;0
3;94;0
4;94;0
5;94;0
6;94;0
7;94;0
8;94;0
9;94;0
10;94;0
11;94;0
12;94;0
13;94;0
14;94;0
15;94;0
16;94;0
17;94;0
18;94;0
19;94;0
20;94;0
21;94;0
22;94;0
23;94;0
24;94;0
25;94;0
26;94;0
27;94;0
28;94;0
29;94;0
30;94;0
31;94;0
32;94;0
33;94;0
34;94;0
35;94;0
36;94;0
37;94;0
38;94;0
39;94;0
40;94;0
41;94;0
42;94;0
43;94;34
44;94;34
45;94;34
46;94;34
47;94;34
48;94;34
49;94;34
50;94;34
51;94;34
52;94;34
53;94;34
54;94;34
55;94;34
56;94;34
57;94;34
58;94;34
59;94;34
60;94;34
61;94;34
62;94;34
63;94;34
64;94;34
65;94;34
66;94;34
67;94;34
68;94;34
69;94;34
70;94;34
71;94;34
72;94;34
73;94;34
74;94;34
75;94;34
76;94;34
77;94;34
78;94;34
79;94;34
80;94;34
81;94;34
82;94;34
83;94;34
84;94;34
85;94;34
86;94;34
87;94;34
88;94;34
89;94;34
90;94;34
91;94;34
92;94;34
93;94;34
94;94;34
95;94;34
96;94;34
97;94;34
98;94;34
99;94;34
0;95;0
1;95;0
2;95;0
3;95;0
4;95;0
5;95;0
6;95;0
7;95;0
8;95;0
9;95;0
10;95;0
11;95;0
12;95;0
13;95;0
14;95;0
15;95;0
16;95;0
17;95;0
18;95;0
19;95;0
20;95;0
21;95;0
22;95;0
23;95;0
24;95;0
25;95;0
26;95;0
27;95;0
28;95;0
29;95;0
30;95;0
31;95;0
32;95;0
33;95;0
34;95;0
35;95;0
36;95;0
37;95;0
38;95;0
39;95;0
40;95;0
41;95;0
42;95;0
43;95;34
44;95;34
45;95;34
46;95;34
47;95;34
48;95;34
49;95;34
50;95;34
51;95;34
52;95;34
53;95;34
54;95;34
55;95;34
56;95;34
57;95;34
58;95;34
59;95;34
60;95;34
61;95;34
62;95;34
63;95;34
64;95;34
65;95;34
66;95;34
67;95;34
68;95;34
69;95;34
70;95;34
71;95;34
72;95;34
73;95;34
74;95;34
75;95;34
76;95;34
77;95;34
78;95;34
79;95;34
80;95;34
81;95;34
82;95;34
83;95;34
84;95;34
85;95;34
86;95;34
87;95;34
88;95;34
89;95;34
90;95;34
91;95;34
92;95;34
93;95;34
94;95;34
95;95;34
96;95;34
97;95;34
98;95;34
99;95;34
0;96;0
1;96;0
2;96;0
3;96;0
4;96;0
5;96;0
6;96;0
7;96;0
8;96;0
9;96;0
10;96;0
11;96;0
12;96;0
13;96;0
14;96;0
15;96;0
16;96;0
17;96;0
18;96;0
19;96;0
20;96;0
21;96;0
22;96;0
23;96;0
24;96;0
25;96;0
26;96;0
27;96;0
28;96;0
29;96;0
30;96;0
31;96;0
32;96;0
33;96;0
34;96;0
35;96;0
36;96;0
37;96;0
38;96;0
39;96;0
40;96;0
41;96;0
42;96;0
43;96;34
44;96;34
45;96;34
46;96;34
47;96;34
48;96;34
49;96;34
50;96;34
51;96;34
52;96;34
53;96;34
54;96;34
55;96;34
56;96;34
57;96;34
58;96;34
59;96;34
60;96;34
61;96;34
62;96;34
63;96;34
64;96;34
65;96;34
66;96;34
67;96;34
68;96;34
69;96;34
70;96;34
71;96;34
72;96;34
73;96;34
74;96;34
75;96;34
76;96;34
77;96;34
78;96;34
79;96;34
80;96;34
81;96;34
82;96;34
83;96;34
84;96;34
85;96;34
86;96;34
87;96;34
88;96;34
89;96;34
90;96;34
91;96;34
92;96;34
93;96;34
94;96;34
95;96;34
96;96;34
97;96;34
98;96;34
99;96;34
0;97;0
1;97;0
2;97;0
3;97;0
4;97;0
5;97;0
6;97;0
7;97;0
8;97;0
9;97;0
10;97;0
11;97;0
12;97;0
13;97;0
14;97;0
15;97;0
16;97;0
17;97;0
18;97;0
19;97;0
20;97;0
21;97;0
22;97;0
23;97;0
24;97;0
25;97;0
26;97;0
27;97;0
28;97;0
29;97;0
30;97;0
31;97;0
32;97;0
33;97;0
34;97;0
35;97;0
36;97;0
37;97;0
38;97;0
39;97;0
40;97;0
41;97;0
42;97;0
43;97;34
44;97;34
45;97;34
46;97;34
47;97;34
48;97;34
49;97;34
50;97;34
51;97;34
52;97;34
53;97;34
54;97;34
55;97;34
56;97;34
57;97;34
58;97;34
59;97;34
60;97;34
61;97;34
62;97;34
63;97;34
64;97;34
65;97;34
66;97;34
67;97;34
68;97;34
69;97;34
70;97;34
71;97;34
72;97;34
73;97;34
74;97;34
75;97;34
76;97;34
77;97;34
78;97;34
79;97;34
80;97;34
81;97;34
82;97;34
83;97;34
84;97;34
85;97;34
86;97;34
87;97;34
88;97;34
89;97;34
90;97;34
91;97;34
92;97;34
93;97;34
94;97;34
95;97;34
96;97;34
97;97;34
98;97;34
99;97;34
0;98;0
1;98;0
2;98;0
3;98;0
4;98;0
5;98;0
6;98;0
7;98;0
8;98;0
9;98;0
10;98;0
11;98;0
12;98;0
13;98;0
14;98;0
15;98;0
16;98;0
17;98;0
18;98;0
19;98;0
20;98;0
21;98;0
22;98;0
23;98;0
24;98;0
25;98;0
26;98;0
27;98;0
28;98;0
29;98;0
30;98;0
31;98;0
32;98;0
33;98;0
34;98;0
35;98;0
36;98;0
37;98;0
38;98;0
39;98;0
40;98;0
41;98;0
42;98;0
43;98;34
44;98;34
45;98;34
46;98;34
47;98;34
48;98;34
49;98;34
50;98;34
51;98;34
52;98;34
53;98;34
54;98;34
55;98;34
56;98;34
57;98;34
58;98;34
59;98;34
60;98;34
61;98;34
62;98;34
63;98;34
64;98;34
65;98;34
66;98;34
67;98;34
68;98;34
69;98;34
70;98;34
71;98;34
72;98;34
73;98;34
74;98;34
75;98;34
76;98;34
77;98;34
78;98;34
79;98;34
80;98;34
81;98;34
82;98;34
83;98;34
84;98;34
85;98;34
86;98;34
87;98;34
88;98;34
89;98;34
90;98;34
91;98;34
92;98;34
93;98;34
94;98;34
95;98;34
96;98;34
97;98;34
98;98;34
99;98;34
0;99;0
1;99;0
2;99;0
3;99;0
4;99;0
5;99;0
6;99;0
7;99;0
8;99;0
9;99;0
10;99;0
11;99;0
12;99;0
13;99;0
14;99;0
15;99;0
16;99;0
17;99;0
18;99;0
19;99;0
20;99;0
21;99;0
22;99;0
23;99;0
24;99;0
25;99;0
26;99;0
27;99;0
28;99;0
29;99;0
30;99;0
31;99;0
32;99;0
33;99;0
34;99;0
35;99;0
36;99;0
37;99;0
38;99;0
39;99;0
40;99;0
41;99;0
42;99;0
43;99;34
44;99;34
45;99;34
46;99;34
47;99;34
48;99;34
49;99;34
50;99;34
51;99;34
52;99;34
53;99;34
54;99;34
55;99;34
56;99;34
57;99;34
58;99;34
59;99;34
60;99;34
61;99;34
62;99;34
63;99;34
64;99;34
65;99;34
66;99;34
67;99;34
68;99;34
69;99;34
70;99;34
71;99;34
72;99;34
73;99;34
74;99;34
75;99;34
76;99;34
77;99;34
78;99;34
79;99;34
80;99;34
81;99;34
82;99;34
83;99;34
84;99;34
85;99;34
86;99;34
87;99;34
88;99;34
89;99;34
90;99;34
91;99;34
92;99;34
93;99;34
94;99;34
95;99;34
96;99;34
97;99;34
98;99;34
99;99;34
