62;11;287;333
63;11;287;333
64;11;287;333
65;11;287;333
66;11;287;333
67;11;287;333
68;11;287;333
69;11;287;333
70;11;287;333
71;11;287;333
72;11;287;333
73;11;287;333
74;11;287;333
75;11;287;333
76;11;287;333
77;11;287;333
78;11;287;333
79;11;287;333
80;11;287;333
81;11;287;333
82;11;287;333
83;11;287;333
84;11;287;333
85;11;287;333
85;11;287;333
86;11;287;333
87;11;287;333
88;11;287;333
89;11;287;333
90;11;287;333
62;12;287;333
63;12;287;333
64;12;287;333
65;12;287;333
66;12;622;333
67;12;622;333
68;12;630;333
69;12;287;333
70;12;287;333
71;12;287;333
72;12;287;333
73;12;287;333
74;12;287;333
75;12;287;333
76;12;287;333
77;12;287;333
78;12;287;333
79;12;287;333
80;12;287;333
81;12;287;333
82;12;287;333
83;12;287;333
84;12;287;333
85;12;287;333
85;12;287;333
86;12;287;333
87;12;287;333
88;12;287;333
89;12;287;333
90;12;287;333
62;13;287;333
63;13;287;333
64;13;287;333
65;13;622;333
67;13;319;333
68;13;623;333
69;13;287;333
70;13;287;333
71;13;287;333
72;13;287;333
73;13;287;333
74;13;287;333
75;13;287;333
76;13;287;333
77;13;287;333
78;13;287;333
79;13;287;333
80;13;287;333
81;13;287;333
82;13;287;333
83;13;287;333
84;13;287;333
85;13;287;333
85;13;287;333
86;13;287;333
87;13;287;333
88;13;287;333
89;13;287;333
90;13;287;333
62;14;287;333
63;14;287;333
64;14;622;333
68;14;629;333
69;14;630;333
70;14;287;333
71;14;287;333
72;14;287;333
73;14;287;333
74;14;287;333
75;14;287;333
76;14;287;333
77;14;287;333
78;14;287;333
79;14;287;333
80;14;287;333
81;14;287;333
82;14;287;333
83;14;287;333
84;14;287;333
85;14;287;333
85;14;287;333
86;14;287;333
87;14;287;333
88;14;287;333
89;14;287;333
90;14;287;333
62;15;622;333
63;15;622;333
64;15;628;333
69;15;623;333
70;15;287;333
71;15;287;333
72;15;287;333
73;15;340;333
74;15;340;333
75;15;340;333
76;15;340;333
77;15;340;333
78;15;340;333
79;15;340;333
80;15;340;333
81;15;340;333
82;15;340;333
83;15;340;333
85;15;287;333
86;15;287;333
87;15;287;333
88;15;287;333
89;15;287;333
90;15;287;333
62;16;628;333
68;16;627;333
69;16;623;333
70;16;287;333
71;16;287;333
72;16;287;333
73;16;342;333
75;16;2805;333
76;16;3075;333
77;16;2805;333
78;16;2805;333
79;16;3075;333
80;16;2805;333
81;16;2805;333
82;16;3075;333
83;16;2805;333
84;16;342;333
85;16;287;333
86;16;287;333
87;16;287;333
88;16;287;333
89;16;287;333
90;16;287;333
67;17;627;333
68;17;623;333
69;17;287;333
70;17;287;333
71;17;287;333
72;17;287;333
73;17;342;333
84;17;342;333
85;17;287;333
86;17;287;333
87;17;287;333
88;17;287;333
89;17;287;333
90;17;287;333
68;18;629;333
69;18;622;333
70;18;622;333
71;18;622;333
72;18;630;333
73;18;342;333
76;18;337;333
77;18;337;333
78;18;276;333
79;18;287;333
80;18;276;333
81;18;337;333
82;18;337;333
84;18;342;333
85;18;287;333
86;18;287;333
87;18;287;333
88;18;287;333
89;18;287;333
90;18;287;333
72;19;629;333
73;19;342;333
79;19;295;333
84;19;342;333
85;19;287;333
86;19;287;333
87;19;287;333
88;19;287;333
89;19;287;333
90;19;287;333
73;20;924;233
76;20;75;333
79;20;337;333
82;20;75;333
84;20;342;333
85;20;287;333
86;20;287;333
87;20;287;333
88;20;287;333
89;20;287;333
90;20;287;333
73;21;342;333
84;21;342;333
85;21;287;333
86;21;287;333
87;21;287;333
88;21;287;333
89;21;287;333
90;21;287;333
72;22;627;333
73;22;342;333
75;22;337;333
84;22;342;333
85;22;287;333
86;22;287;333
87;22;287;333
88;22;287;333
89;22;287;333
90;22;287;333
8;23;613;333
9;23;613;333
10;23;613;333
11;23;613;333
12;23;613;333
13;23;613;333
14;23;921;333
14;23;287;333
14;23;613;333
15;23;613;333
16;23;613;333
17;23;613;333
18;23;613;333
19;23;613;333
20;23;287;333
21;23;287;333
22;23;287;333
23;23;287;333
24;23;287;333
25;23;287;333
26;23;287;333
27;23;287;333
27;23;628;333
27;23;287;333
28;23;628;333
28;23;628;333
28;23;287;333
29;23;287;333
70;23;627;333
71;23;627;333
72;23;627;333
73;23;342;333
84;23;342;333
85;23;287;333
86;23;287;333
87;23;287;333
88;23;287;333
89;23;287;333
90;23;287;333
8;24;613;333
10;24;418;333
13;24;421;333
14;24;921;333
14;24;287;333
14;24;613;333
14;24;613;333
19;24;613;333
20;24;287;333
21;24;287;333
22;24;287;333
23;24;287;333
24;24;287;333
25;24;287;333
26;24;287;333
27;24;287;333
27;24;628;333
27;24;287;333
28;24;287;333
28;24;287;333
29;24;287;333
70;24;623;333
71;24;287;333
72;24;287;333
73;24;347;333
74;24;340;333
75;24;493;333
76;24;340;333
77;24;493;333
78;24;340;333
79;24;493;333
80;24;340;333
81;24;493;333
82;24;340;333
83;24;493;333
84;24;342;333
84;24;473;333
85;24;287;333
86;24;287;333
87;24;287;333
88;24;287;333
89;24;287;333
90;24;287;333
8;25;613;333
12;25;2937;333
14;25;921;333
14;25;287;333
14;25;613;333
19;25;613;333
20;25;287;333
23;25;2937;333
24;25;425;333
26;25;287;333
27;25;287;333
28;25;287;333
29;25;287;333
70;25;623;333
71;25;287;333
72;25;287;333
73;25;287;333
74;25;287;333
75;25;287;333
76;25;287;333
77;25;287;333
78;25;287;333
79;25;287;333
80;25;287;333
81;25;287;333
82;25;287;333
83;25;287;333
84;25;287;333
85;25;287;333
86;25;287;333
87;25;287;333
88;25;287;333
89;25;287;333
90;25;287;333
8;26;613;333
13;26;2038;333
14;26;921;333
14;26;287;333
14;26;613;333
19;26;613;333
20;26;287;333
24;26;421;333
25;26;2038;333
26;26;287;333
27;26;287;333
27;26;287;333
28;26;287;333
28;26;287;333
29;26;287;333
70;26;623;333
71;26;287;333
72;26;287;333
73;26;287;333
74;26;287;333
75;26;287;333
76;26;287;333
77;26;287;333
78;26;287;333
79;26;287;333
80;26;287;333
81;26;287;333
82;26;287;333
83;26;287;333
84;26;287;333
85;26;287;333
86;26;287;333
87;26;287;333
88;26;287;333
89;26;287;333
90;26;287;333
8;27;613;333
12;27;2850;333
13;27;403;333
14;27;921;333
14;27;287;333
14;27;613;333
18;27;403;333
19;27;613;333
20;27;287;333
24;27;2850;333
26;27;287;333
27;27;287;333
28;27;287;333
29;27;287;333
70;27;623;333
71;27;287;333
72;27;287;333
73;27;287;333
74;27;287;333
75;27;287;333
76;27;287;333
77;27;287;333
78;27;287;333
79;27;287;333
80;27;287;333
81;27;287;333
82;27;287;333
83;27;287;333
84;27;287;333
85;27;287;333
86;27;287;333
87;27;287;333
88;27;287;333
89;27;287;333
90;27;287;333
8;28;613;333
13;28;2937;333
14;28;487;333;data=3002
19;28;496;333;data=3002
24;28;2937;333
26;28;287;333
27;28;287;333
28;28;287;333
29;28;287;333
70;28;623;333
71;28;287;333
72;28;287;333
73;28;287;333
74;28;287;333
75;28;287;333
76;28;287;333
77;28;287;333
78;28;287;333
79;28;287;333
80;28;287;333
81;28;287;333
82;28;287;333
83;28;287;333
84;28;287;333
85;28;287;333
86;28;287;333
87;28;287;333
88;28;287;333
89;28;287;333
90;28;287;333
8;29;613;333
13;29;414;333
14;29;613;333
19;29;613;333
20;29;287;333
25;29;415;333
26;29;287;333
27;29;287;333
28;29;287;333
29;29;287;333
70;29;629;333
71;29;622;333
72;29;622;333
73;29;622;333
74;29;622;333
75;29;622;333
76;29;622;333
77;29;622;333
78;29;622;333
79;29;622;333
80;29;622;333
81;29;622;333
82;29;622;333
83;29;622;333
84;29;622;333
85;29;622;333
86;29;622;333
87;29;622;333
88;29;622;333
89;29;622;333
90;29;622;333
8;30;613;333
14;30;613;333
19;30;613;333
20;30;287;333
26;30;287;333
27;30;287;333
28;30;287;333
29;30;287;333
8;31;613;333
14;31;613;333
19;31;613;333
20;31;287;333
26;31;287;333
27;31;287;333
28;31;287;333
29;31;287;333
8;32;613;333
9;32;613;333
10;32;613;333
11;32;613;333
12;32;613;333
13;32;613;333
14;32;921;333
14;32;613;333
19;32;613;333
20;32;287;333
21;32;287;333
22;32;287;333
23;32;287;333
24;32;287;333
25;32;287;333
26;32;287;333
27;32;287;333
28;32;287;333
29;32;287;333
8;33;287;333
9;33;287;333
10;33;287;333
11;33;287;333
12;33;287;333
14;33;470;333
15;33;474;333
16;33;486;333;data=3002
17;33;474;333
17;33;401;333
18;33;474;333
19;33;471;333
19;33;623;333
20;33;287;333
21;33;287;333
22;33;287;333
23;33;287;333
24;33;287;333
25;33;287;333
26;33;287;333
27;33;287;333
28;33;287;333
29;33;287;333
8;34;287;333
9;34;287;333
10;34;287;333
11;34;287;333
12;34;287;333
19;34;596;333
20;34;287;333
21;34;287;333
22;34;287;333
23;34;287;333
24;34;287;333
25;34;287;333
26;34;287;333
27;34;287;333
28;34;287;333
29;34;287;333
8;35;287;333
9;35;287;333
10;35;287;333
11;35;287;333
12;35;622;333
19;35;623;333
20;35;287;333
21;35;287;333
22;35;287;333
23;35;287;333
24;35;287;333
25;35;287;333
26;35;287;333
27;35;287;333
28;35;287;333
29;35;287;333
8;36;287;333
9;36;287;333
10;36;287;333
11;36;287;333
19;36;596;333
20;36;287;333
21;36;287;333
22;36;287;333
23;36;287;333
24;36;287;333
25;36;287;333
26;36;287;333
27;36;287;333
28;36;287;333
29;36;287;333
8;37;287;333
9;37;287;333
10;37;287;333
11;37;622;333
19;37;623;333
20;37;287;333
21;37;287;333
22;37;287;333
23;37;287;333
24;37;287;333
25;37;287;333
26;37;287;333
27;37;287;333
28;37;287;333
29;37;287;333
8;38;287;333
9;38;287;333
10;38;287;333
13;38;212;333
18;38;339;333
19;38;596;333
20;38;287;333
21;38;287;333
22;38;287;333
23;38;287;333
24;38;287;333
25;38;287;333
26;38;287;333
27;38;287;333
28;38;287;333
29;38;287;333
12;39;213;333
13;39;36;333
13;39;2854;333
14;39;215;333
18;39;339;333
19;39;623;333
20;39;287;333
21;39;287;333
22;39;287;333
23;39;287;333
24;39;287;333
25;39;287;333
26;39;287;333
27;39;287;333
28;39;287;333
29;39;287;333
13;40;214;333
18;40;339;333
19;40;596;333
20;40;287;333
21;40;287;333
22;40;287;333
23;40;287;333
24;40;287;333
25;40;287;333
26;40;287;333
27;40;287;333
28;40;287;333
29;40;287;333
19;41;623;333
20;41;287;333
21;41;287;333
22;41;287;333
23;41;287;333
24;41;287;333
24;41;287;333
25;41;287;333
25;41;287;333
26;41;287;333
26;41;287;333
26;41;287;333
27;41;287;333
27;41;287;333
28;41;287;333
28;41;287;333
29;41;287;333
18;42;1003;333
19;42;623;333
20;42;287;333
21;42;287;333
22;42;287;333
23;42;287;333
24;42;287;333
25;42;287;333
26;42;287;333
27;42;287;333
28;42;287;333
29;42;287;333
19;43;629;333
20;43;622;333
21;43;622;333
22;43;622;333
23;43;622;333
24;43;622;333
25;43;622;333
26;43;622;333
1;48;1266;333
2;48;1266;333
3;48;1266;333
4;48;1266;333
5;48;1266;333
6;48;1266;333
7;48;1266;333
8;48;1266;333
9;48;1266;333
10;48;1266;333
11;48;1266;333
12;48;1266;333
13;48;1266;333
14;48;1266;333
15;48;1266;333
16;48;1266;333
17;48;1266;333
18;48;1266;333
19;48;1266;333
20;48;1266;333
21;48;1266;333
22;48;1266;333
23;48;1266;333
24;48;1266;333
25;48;1266;333
26;48;1266;333
70;48;287;333
71;48;287;333
72;48;287;333
73;48;287;333
74;48;287;333
75;48;287;333
76;48;287;333
77;48;287;333
78;48;287;333
79;48;287;333
80;48;287;333
81;48;287;333
82;48;287;333
82;48;287;333
1;49;1272;333
2;49;1266;333
3;49;1266;333
4;49;1266;333
5;49;1266;333
6;49;1266;333
7;49;1266;333
8;49;1266;333
9;49;1266;333
10;49;1266;333
11;49;1266;333
12;49;1266;333
13;49;1266;333
14;49;1266;333
15;49;1266;333
16;49;1266;333
17;49;1266;333
18;49;1266;333
19;49;1266;333
20;49;1266;333
21;49;1266;333
22;49;1266;333
23;49;1266;333
24;49;1266;333
25;49;1266;333
26;49;1266;333
35;49;1272;333
70;49;287;333
71;49;287;333
72;49;287;333
73;49;287;333
74;49;287;333
75;49;287;333
76;49;287;333
77;49;287;333
78;49;287;333
79;49;287;333
80;49;287;333
81;49;287;333
82;49;287;333
83;49;287;333
0;50;287;333
1;50;287;333
1;50;287;333
2;50;287;333
2;50;287;333
3;50;287;333
3;50;287;333
4;50;287;333
4;50;287;333
5;50;287;333
5;50;287;333
6;50;287;333
6;50;287;333
7;50;287;333
8;50;287;333
9;50;287;333
10;50;287;333
11;50;287;333
12;50;287;333
13;50;287;333
13;50;287;333
14;50;287;333
14;50;287;333
15;50;287;333
15;50;287;333
16;50;287;333
16;50;287;333
17;50;287;333
17;50;287;333
18;50;287;333
18;50;287;333
18;50;287;333
19;50;287;333
20;50;287;333
21;50;287;333
22;50;287;333
23;50;287;333
24;50;287;333
25;50;287;333
26;50;287;333
27;50;287;333
28;50;287;333
29;50;287;333
30;50;287;333
31;50;287;333
32;50;287;333
33;50;287;333
34;50;287;333
35;50;287;333
36;50;287;333
37;50;287;333
38;50;287;333
38;50;287;333
39;50;287;333
39;50;287;333
40;50;287;333
40;50;287;333
41;50;287;333
41;50;287;333
42;50;287;333
42;50;287;333
43;50;287;333
43;50;287;333
44;50;287;333
44;50;287;333
45;50;287;333
45;50;287;333
46;50;287;333
46;50;287;333
47;50;287;333
47;50;287;333
48;50;287;333
48;50;287;333
49;50;287;333
49;50;287;333
50;50;287;333
50;50;287;333
50;50;287;333
51;50;287;333
68;50;287;333
69;50;287;333
70;50;287;333
71;50;597;333
72;50;622;333
73;50;597;333
74;50;622;333
75;50;597;333
76;50;622;333
77;50;597;333
78;50;622;333
79;50;597;333
80;50;622;333
81;50;630;333
82;50;287;333
83;50;287;333
0;51;287;333
1;51;287;333
1;51;287;333
2;51;287;333
2;51;287;333
3;51;287;333
3;51;287;333
4;51;287;333
4;51;287;333
5;51;287;333
5;51;287;333
6;51;287;333
6;51;287;333
7;51;287;333
7;51;287;333
8;51;287;333
8;51;287;333
9;51;287;333
9;51;287;333
10;51;287;333
10;51;287;333
11;51;287;333
11;51;287;333
12;51;287;333
12;51;287;333
13;51;287;333
13;51;287;333
13;51;287;333
14;51;287;333
14;51;287;333
14;51;287;333
15;51;287;333
15;51;287;333
15;51;287;333
16;51;287;333
16;51;287;333
16;51;287;333
17;51;287;333
17;51;287;333
17;51;287;333
18;51;287;333
18;51;287;333
18;51;287;333
18;51;287;333
19;51;287;333
20;51;287;333
21;51;287;333
22;51;287;333
23;51;287;333
24;51;287;333
25;51;287;333
26;51;287;333
27;51;287;333
28;51;287;333
29;51;287;333
30;51;287;333
31;51;287;333
32;51;287;333
33;51;287;333
33;51;597;333
34;51;287;333
34;51;597;333
35;51;287;333
36;51;287;333
37;51;287;333
37;51;287;333
38;51;287;333
38;51;287;333
39;51;287;333
39;51;287;333
40;51;287;333
40;51;287;333
41;51;287;333
41;51;287;333
42;51;287;333
42;51;287;333
43;51;287;333
44;51;287;333
45;51;287;333
46;51;287;333
47;51;287;333
48;51;287;333
49;51;287;333
50;51;287;333
51;51;287;333
68;51;597;333
69;51;622;333
70;51;597;333
70;51;1245;333
76;51;915;333
78;51;1246;333
81;51;623;333
82;51;287;333
83;51;287;333
0;52;622;333
1;52;622;333
2;52;622;333
3;52;626;333
4;52;597;333
5;52;1273;333
6;52;914;12
7;52;914;333
8;52;597;333
8;52;1273;333
9;52;626;333
10;52;597;333
10;52;1273;333
11;52;627;333
12;52;627;333
13;52;627;333
14;52;1266;333
15;52;419;333
16;52;597;333
17;52;596;333
18;52;287;333
19;52;287;333
20;52;287;333
21;52;287;333
22;52;287;333
23;52;287;333
24;52;287;333
25;52;287;333
26;52;287;333
27;52;287;333
28;52;287;333
29;52;287;333
30;52;287;333
31;52;1265;333
31;52;287;333
32;52;287;333
33;52;597;333
34;52;597;333
35;52;622;333
36;52;630;333
37;52;287;333
38;52;287;333
39;52;287;333
40;52;287;333
41;52;287;333
42;52;287;333
43;52;287;333
44;52;287;333
45;52;287;333
46;52;287;333
47;52;287;333
48;52;287;333
49;52;287;333
50;52;287;333
51;52;287;333
71;52;28;333
79;52;2832;333
82;52;623;333
83;52;287;333
1;53;914;333
2;53;233;333
3;53;1265;333
4;53;1266;333
5;53;1265;333
6;53;1266;333
7;53;1266;333
8;53;1265;333
9;53;1272;333
10;53;1266;333
11;53;914;333
12;53;626;333
13;53;914;333
14;53;914;251
15;53;1254;333
16;53;914;333
17;53;1273;333
18;53;630;333
19;53;287;333
20;53;287;333
21;53;622;333
22;53;597;333
22;53;914;174
23;53;622;333
24;53;630;333
25;53;287;333
26;53;287;333
27;53;287;333
28;53;287;333
29;53;287;333
30;53;287;333
31;53;622;333
32;53;622;333
33;53;1266;333
34;53;1266;333
35;53;1266;333
36;53;629;333
37;53;622;333
38;53;622;333
39;53;630;333
40;53;287;333
41;53;287;333
42;53;287;333
43;53;287;333
43;53;287;333
44;53;287;333
45;53;287;333
46;53;287;333
47;53;287;333
48;53;287;333
49;53;287;333
50;53;287;333
51;53;287;333
73;53;422;333
79;53;421;333
82;53;596;333
83;53;287;333
1;54;1266;333
2;54;1266;333
3;54;1266;333
4;54;1266;333
5;54;1266;333
6;54;1266;333
7;54;1266;333
8;54;1266;333
9;54;1272;333
10;54;1272;333
11;54;1266;333
12;54;1273;333
13;54;1266;333
14;54;1266;333
15;54;1272;333
16;54;1266;333
17;54;1266;333
18;54;914;333
19;54;622;333
20;54;622;333
21;54;914;333
22;54;1265;333
23;54;914;333
24;54;629;333
25;54;622;333
26;54;597;333
27;54;622;333
28;54;597;333
29;54;622;333
30;54;622;333
31;54;1266;333
32;54;1266;333
33;54;627;333
34;54;626;333
35;54;1266;333
36;54;1266;333
37;54;628;333
38;54;1266;333
39;54;629;333
40;54;622;333
41;54;622;333
42;54;630;333
43;54;287;333
44;54;287;333
45;54;287;333
46;54;287;333
46;54;287;333
47;54;287;333
47;54;287;333
48;54;287;333
48;54;287;333
49;54;287;333
49;54;287;333
50;54;287;333
51;54;287;333
82;54;623;333
83;54;287;333
1;55;1266;333
2;55;1266;333
3;55;29;333
4;55;1266;333
5;55;1272;333
6;55;1266;333
7;55;1266;333
8;55;1266;333
9;55;1266;333
10;55;1265;333
11;55;1266;333
12;55;1266;333
13;55;1272;333
14;55;1266;333
15;55;1266;333
16;55;1266;333
17;55;1272;333
18;55;1266;333
19;55;1266;333
20;55;1266;333
21;55;1266;333
22;55;1266;333
23;55;1266;333
24;55;1266;333
25;55;1266;333
26;55;1266;333
27;55;1265;333
28;55;1273;333
29;55;628;333
30;55;1265;333
31;55;1266;333
32;55;1266;333
33;55;629;333
34;55;628;333
35;55;1266;333
36;55;1266;333
37;55;1266;333
38;55;1266;333
39;55;1266;333
40;55;1266;333
41;55;1266;333
42;55;629;333
43;55;622;333
44;55;630;333
45;55;287;333
46;55;287;333
47;55;287;333
48;55;287;333
49;55;287;333
50;55;287;333
51;55;287;333
72;55;915;333
74;55;1254;333
75;55;1245;333
80;55;1246;333
82;55;596;333
83;55;287;333
1;56;1265;333
2;56;1266;333
3;56;1266;333
4;56;1266;333
5;56;1266;333
6;56;1266;333
7;56;1266;333
8;56;1272;333
9;56;1265;333
10;56;1266;333
11;56;627;333
12;56;626;333
13;56;1266;333
14;56;1266;333
15;56;1266;333
16;56;1272;333
17;56;1266;333
18;56;1266;333
19;56;1266;333
20;56;1265;333
21;56;1266;333
22;56;1265;333
23;56;1266;333
24;56;1266;333
25;56;1266;333
26;56;1266;333
27;56;1266;333
28;56;1266;333
29;56;1266;333
30;56;1266;333
31;56;1266;333
32;56;1266;333
33;56;1273;333
34;56;1272;333
35;56;1266;333
36;56;1266;333
37;56;1266;333
38;56;1266;333
39;56;1266;333
40;56;1266;333
41;56;1266;333
42;56;1266;333
43;56;1266;333
44;56;629;333
45;56;630;333
46;56;287;333
47;56;287;333
48;56;287;333
49;56;287;333
50;56;287;333
51;56;287;333
75;56;627;333
82;56;623;333
83;56;287;333
1;57;1266;333
2;57;1265;333
3;57;1266;333
4;57;1272;333
5;57;1272;333
6;57;1266;333
7;57;1266;333
8;57;1266;333
9;57;1266;333
10;57;1272;333
11;57;629;333
12;57;628;333
13;57;1266;333
14;57;1266;333
15;57;1272;333
16;57;1266;333
17;57;627;333
18;57;626;333
19;57;1266;333
20;57;626;333
21;57;1266;333
22;57;1266;333
23;57;1272;333
24;57;627;333
25;57;626;333
26;57;1266;333
27;57;1272;333
28;57;1266;333
29;57;1266;333
30;57;1266;333
31;57;1266;333
32;57;1266;333
33;57;1266;333
34;57;1266;333
35;57;1266;333
36;57;1266;333
37;57;1266;333
38;57;627;333
39;57;627;333
40;57;627;333
41;57;1272;333
42;57;1266;333
43;57;1266;333
44;57;1266;333
45;57;629;333
46;57;622;333
47;57;629;333
48;57;622;333
49;57;630;333
50;57;287;333
51;57;287;333
75;57;623;333
76;57;287;333
77;57;626;333
1;58;1266;333
2;58;1266;333
3;58;1266;333
4;58;1266;333
5;58;1266;333
6;58;1266;333
7;58;1266;333
8;58;1266;333
9;58;1272;333
10;58;1266;333
11;58;1266;333
12;58;1266;333
13;58;1266;333
14;58;1266;333
15;58;1265;333
16;58;1266;333
17;58;629;333
18;58;628;333
19;58;1266;333
20;58;1266;333
21;58;1266;333
22;58;1266;333
23;58;1266;333
24;58;629;333
25;58;628;333
26;58;1266;333
27;58;1266;333
28;58;1266;333
29;58;1266;333
30;58;1266;333
31;58;1266;333
32;58;1266;333
33;58;627;333
34;58;626;333
35;58;1266;333
36;58;1266;333
37;58;1266;333
38;58;623;333
39;58;287;333
40;58;287;333
41;58;287;333
42;58;287;333
43;58;1266;333
44;58;1266;333
45;58;1265;333
46;58;1266;333
47;58;628;333
48;58;1266;333
49;58;623;333
50;58;287;333
51;58;287;333
0;59;287;333
1;59;287;333
2;59;287;333
3;59;287;333
4;59;287;333
5;59;287;333
6;59;287;333
7;59;287;333
8;59;287;333
9;59;287;333
10;59;287;333
11;59;287;333
12;59;287;333
13;59;287;333
14;59;287;333
15;59;287;333
16;59;287;333
17;59;287;333
18;59;287;333
19;59;287;333
20;59;1266;333
21;59;1266;333
22;59;1266;333
23;59;1266;333
24;59;1266;333
25;59;1266;333
26;59;1266;333
27;59;1265;333
28;59;1266;333
29;59;1266;333
30;59;1272;333
31;59;1266;333
32;59;1266;333
33;59;629;333
34;59;628;333
35;59;1266;333
36;59;1266;333
37;59;627;333
38;59;623;333
39;59;287;333
40;59;287;333
41;59;287;333
42;59;287;333
43;59;1266;333
44;59;1266;333
45;59;1266;333
46;59;1266;333
47;59;1272;333
48;59;1266;333
49;59;596;333
50;59;287;333
51;59;287;333
0;60;287;333
1;60;622;333
2;60;622;333
3;60;622;333
4;60;622;333
5;60;622;333
6;60;622;333
7;60;622;333
8;60;622;333
9;60;622;333
10;60;622;333
11;60;622;333
12;60;630;333
13;60;287;333
14;60;287;333
15;60;287;333
16;60;287;333
17;60;287;333
18;60;287;333
19;60;287;333
20;60;1265;333
21;60;1272;333
22;60;1266;333
23;60;1266;333
24;60;1266;333
25;60;1272;333
26;60;627;333
27;60;626;333
28;60;1266;333
29;60;1266;333
30;60;1266;333
31;60;1266;333
32;60;1266;333
33;60;1266;333
34;60;1266;333
35;60;1266;333
36;60;627;333
37;60;623;333
38;60;287;333
39;60;287;333
40;60;287;333
41;60;287;333
42;60;287;333
43;60;1266;333
44;60;1266;333
45;60;1266;333
46;60;1266;333
47;60;1266;333
48;60;1266;333
49;60;629;333
50;60;287;333
51;60;287;333
0;61;622;333
1;61;628;333
2;61;1273;333
3;61;914;333
4;61;628;333
5;61;3097;333
6;61;1273;333
7;61;628;333
8;61;3097;333
9;61;3097;333
10;61;1273;333
11;61;1273;333
12;61;623;333
13;61;287;333
14;61;287;333
15;61;287;333
16;61;287;333
17;61;287;333
18;61;287;333
19;61;287;333
20;61;287;333
21;61;287;333
22;61;287;333
23;61;287;333
24;61;287;333
25;61;1266;333
26;61;629;333
27;61;628;333
28;61;1266;333
29;61;1266;333
30;61;1266;333
31;61;1266;333
32;61;1266;333
33;61;1266;333
34;61;1272;333
35;61;1266;333
36;61;1266;333
37;61;623;333
38;61;287;333
39;61;287;333
40;61;287;333
41;61;287;333
42;61;287;333
43;61;1266;333
44;61;1266;333
45;61;1266;333
46;61;1266;333
47;61;1266;333
48;61;1266;333
49;61;630;333
50;61;287;333
51;61;287;333
1;62;914;255
2;62;1266;333
3;62;1266;333
4;62;1265;333
5;62;1266;333
6;62;1266;333
7;62;1266;333
8;62;1266;333
9;62;1266;333
10;62;1272;333
11;62;1266;333
12;62;629;333
13;62;622;333
14;62;630;333
15;62;287;333
16;62;287;333
17;62;287;333
18;62;287;333
19;62;287;333
20;62;287;333
21;62;287;333
22;62;287;333
23;62;287;333
23;62;287;333
24;62;287;333
24;62;287;333
25;62;287;333
26;62;287;333
27;62;287;333
28;62;287;333
29;62;1266;333
30;62;1266;333
31;62;1266;333
32;62;1266;333
33;62;1266;333
34;62;1265;333
35;62;1266;333
36;62;1266;333
37;62;623;333
38;62;287;333
39;62;287;333
40;62;287;333
41;62;287;333
42;62;287;333
43;62;1266;333
44;62;1266;333
45;62;1266;333
46;62;1266;333
47;62;1266;333
48;62;1266;333
49;62;629;333
50;62;287;333
51;62;287;333
1;63;1273;333
2;63;1266;333
3;63;1266;333
4;63;1266;333
5;63;1266;333
6;63;1266;333
7;63;1266;333
8;63;1266;333
9;63;1265;333
10;63;1272;333
11;63;1266;333
12;63;1272;333
12;63;3093;333
13;63;628;333
14;63;629;333
15;63;630;333
16;63;287;333
17;63;287;333
18;63;287;333
19;63;287;333
20;63;287;333
21;63;287;333
21;63;287;333
21;63;287;333
22;63;287;333
22;63;287;333
22;63;287;333
23;63;287;333
23;63;287;333
23;63;287;333
23;63;287;333
24;63;287;333
24;63;287;333
24;63;287;333
25;63;287;333
25;63;287;333
26;63;287;333
27;63;287;333
27;63;287;333
28;63;287;333
28;63;287;333
29;63;287;333
30;63;287;333
31;63;1266;333
32;63;1266;333
33;63;1266;333
34;63;1266;333
35;63;1266;333
36;63;287;333
37;63;287;333
38;63;287;333
39;63;287;333
40;63;287;333
41;63;287;333
42;63;287;333
43;63;1266;333
44;63;1266;333
45;63;1272;333
46;63;1266;333
47;63;1266;333
48;63;1272;333
48;63;627;333
49;63;629;333
50;63;287;333
51;63;287;333
1;64;914;333
2;64;1266;333
3;64;1266;333
4;64;1266;333
5;64;1265;333
6;64;1266;333
7;64;1266;333
8;64;1266;333
9;64;1266;333
10;64;1266;333
11;64;1266;333
12;64;1266;333
13;64;3100;333
14;64;3100;333
14;64;3100;333
14;64;3100;333
15;64;629;333
16;64;630;333
17;64;287;333
18;64;287;333
19;64;287;333
19;64;287;333
20;64;287;333
20;64;287;333
21;64;287;333
21;64;287;333
21;64;287;333
21;64;287;333
22;64;287;333
22;64;287;333
22;64;287;333
22;64;287;333
23;64;287;333
23;64;287;333
23;64;287;333
23;64;287;333
23;64;287;333
24;64;287;333
24;64;287;333
24;64;287;333
25;64;287;333
25;64;287;333
26;64;287;333
27;64;287;333
27;64;287;333
28;64;287;333
28;64;287;333
29;64;287;333
30;64;287;333
30;64;287;333
31;64;287;333
32;64;287;333
33;64;287;333
34;64;287;333
35;64;287;333
36;64;287;333
36;64;287;333
37;64;287;333
37;64;287;333
38;64;287;333
39;64;287;333
40;64;287;333
41;64;287;333
42;64;287;333
43;64;1266;333
44;64;1266;333
45;64;1266;333
46;64;1266;333
47;64;1266;333
48;64;1266;333
49;64;629;333
50;64;287;333
51;64;287;333
1;65;1266;333
2;65;1266;333
3;65;1266;333
4;65;1266;333
5;65;287;333
6;65;287;333
7;65;1266;333
8;65;1266;333
9;65;1266;333
10;65;1266;333
11;65;1266;333
12;65;1266;333
13;65;1273;333
14;65;3100;333
15;65;3100;333
16;65;623;333
17;65;287;333
18;65;287;333
19;65;287;333
19;65;287;333
20;65;287;333
20;65;287;333
21;65;287;333
21;65;287;333
21;65;287;333
22;65;287;333
22;65;287;333
22;65;287;333
23;65;287;333
23;65;287;333
23;65;287;333
23;65;287;333
24;65;287;333
24;65;287;333
24;65;287;333
24;65;287;333
25;65;287;333
25;65;287;333
25;65;287;333
26;65;287;333
26;65;287;333
27;65;287;333
27;65;287;333
27;65;287;333
28;65;287;333
28;65;287;333
28;65;287;333
29;65;287;333
30;65;287;333
30;65;287;333
31;65;287;333
32;65;287;333
33;65;287;333
34;65;287;333
35;65;287;333
36;65;287;333
37;65;287;333
38;65;287;333
39;65;287;333
40;65;287;333
41;65;287;333
42;65;287;333
43;65;287;333
44;65;287;333
45;65;1266;333
46;65;1266;333
47;65;1266;333
48;65;627;333
49;65;629;333
50;65;287;333
51;65;287;333
0;66;627;333
1;66;287;333
2;66;287;333
3;66;287;333
4;66;287;333
5;66;287;333
6;66;287;333
7;66;1266;333
8;66;1266;333
9;66;1266;333
10;66;1265;333
11;66;1266;333
12;66;1266;333
13;66;1266;333
14;66;627;333
15;66;623;333
16;66;287;333
17;66;287;333
18;66;287;333
19;66;287;333
19;66;287;333
20;66;287;333
21;66;287;333
21;66;287;333
22;66;287;333
22;66;287;333
23;66;287;333
23;66;287;333
23;66;287;333
24;66;287;333
24;66;287;333
24;66;287;333
25;66;287;333
25;66;287;333
25;66;287;333
26;66;287;333
26;66;287;333
27;66;287;333
27;66;287;333
27;66;287;333
28;66;287;333
28;66;287;333
28;66;287;333
29;66;287;333
30;66;287;333
30;66;287;333
31;66;287;333
32;66;287;333
33;66;287;333
34;66;287;333
35;66;287;333
36;66;287;333
37;66;287;333
38;66;287;333
39;66;287;333
40;66;287;333
41;66;287;333
42;66;287;333
43;66;287;333
43;66;287;333
44;66;287;333
44;66;287;333
45;66;1265;333
46;66;1266;333
47;66;1266;333
48;66;1266;333
49;66;630;333
50;66;287;333
51;66;287;333
0;67;287;333
1;67;287;333
2;67;287;333
3;67;287;333
4;67;287;333
5;67;287;333
6;67;287;333
7;67;287;333
8;67;287;333
9;67;1266;333
10;67;1266;333
11;67;1266;333
12;67;1266;333
13;67;1266;333
14;67;623;333
15;67;287;333
16;67;287;333
17;67;287;333
18;67;287;333
19;67;287;333
20;67;287;333
21;67;287;333
21;67;287;333
22;67;287;333
22;67;287;333
23;67;287;333
23;67;287;333
24;67;287;333
24;67;287;333
24;67;287;333
25;67;287;333
25;67;287;333
25;67;287;333
26;67;287;333
26;67;287;333
27;67;287;333
27;67;287;333
28;67;287;333
28;67;287;333
29;67;287;333
30;67;287;333
30;67;287;333
31;67;287;333
31;67;287;333
32;67;287;333
32;67;287;333
33;67;287;333
33;67;287;333
34;67;287;333
34;67;287;333
35;67;287;333
36;67;287;333
37;67;287;333
38;67;287;333
39;67;287;333
39;67;287;333
40;67;287;333
40;67;287;333
41;67;287;333
41;67;287;333
42;67;287;333
42;67;287;333
43;67;287;333
43;67;287;333
44;67;287;333
45;67;1266;333
46;67;1266;333
47;67;1266;333
48;67;1266;333
49;67;623;333
50;67;287;333
51;67;287;333
0;68;287;333
1;68;287;333
2;68;287;333
3;68;287;333
4;68;287;333
5;68;287;333
6;68;287;333
7;68;287;333
8;68;287;333
9;68;287;333
10;68;1266;333
11;68;1266;333
12;68;1266;333
13;68;1266;333
14;68;629;333
15;68;630;333
16;68;287;333
17;68;287;333
18;68;287;333
19;68;287;333
20;68;287;333
21;68;287;333
22;68;287;333
23;68;287;333
24;68;287;333
24;68;287;333
25;68;287;333
25;68;287;333
26;68;287;333
26;68;287;333
27;68;287;333
27;68;287;333
28;68;287;333
28;68;287;333
29;68;287;333
30;68;287;333
31;68;287;333
32;68;287;333
33;68;287;333
34;68;287;333
35;68;287;333
36;68;287;333
37;68;287;333
38;68;287;333
39;68;287;333
40;68;287;333
41;68;287;333
42;68;287;333
42;68;287;333
43;68;287;333
43;68;287;333
43;68;287;333
44;68;287;333
44;68;287;333
45;68;1266;333
46;68;1266;333
47;68;1266;333
48;68;1266;333
49;68;623;333
50;68;287;333
51;68;287;333
0;69;622;333
1;69;622;333
2;69;622;333
3;69;622;333
4;69;622;333
5;69;630;333
6;69;287;333
7;69;287;333
8;69;287;333
9;69;287;333
10;69;3094;333
11;69;1266;333
12;69;1266;333
13;69;1272;333
14;69;3093;333
14;69;421;333
15;69;629;333
16;69;630;333
17;69;287;333
18;69;287;333
19;69;287;333
20;69;287;333
21;69;287;333
22;69;287;333
23;69;287;333
24;69;287;333
25;69;287;333
26;69;287;333
27;69;287;333
28;69;287;333
29;69;287;333
30;69;287;333
31;69;287;333
32;69;287;333
33;69;287;333
34;69;287;333
35;69;287;333
36;69;287;333
37;69;287;333
38;69;287;333
39;69;287;333
40;69;287;333
41;69;287;333
42;69;287;333
42;69;287;333
43;69;287;333
43;69;287;333
44;69;287;333
45;69;1266;333
46;69;1266;333
47;69;1266;333
48;69;1266;333
49;69;627;333
50;69;287;333
51;69;287;333
0;70;628;333
1;70;1273;333
2;70;628;333
4;70;629;333
5;70;623;333
6;70;287;333
7;70;287;333
8;70;287;333
9;70;287;333
10;70;1265;333
11;70;1266;333
12;70;1266;333
13;70;1265;333
14;70;1266;333
15;70;1273;333
16;70;623;333
17;70;287;333
18;70;287;333
19;70;287;333
20;70;287;333
21;70;287;333
22;70;287;333
23;70;287;333
24;70;287;333
25;70;287;333
26;70;287;333
27;70;287;333
28;70;287;333
29;70;287;333
30;70;287;333
31;70;287;333
32;70;287;333
33;70;287;333
34;70;287;333
35;70;287;333
36;70;287;333
37;70;287;333
38;70;287;333
39;70;287;333
40;70;287;333
41;70;287;333
42;70;287;333
42;70;287;333
43;70;287;333
43;70;287;333
44;70;287;333
45;70;1272;333
46;70;1272;333
47;70;1266;333
48;70;627;333
49;70;629;333
50;70;287;333
51;70;287;333
1;71;1266;333
2;71;1272;333
3;71;35;333
4;71;1266;333
5;71;623;333
6;71;287;333
7;71;287;333
8;71;287;333
9;71;622;333
10;71;1266;333
11;71;1266;333
12;71;1266;333
13;71;1266;333
14;71;1272;333
15;71;1273;333
16;71;623;333
17;71;287;333
18;71;287;333
19;71;287;333
20;71;287;333
21;71;287;333
22;71;287;333
23;71;287;333
24;71;287;333
25;71;287;333
26;71;287;333
27;71;287;333
28;71;287;333
29;71;287;333
30;71;287;333
31;71;287;333
31;71;622;333
32;71;287;333
32;71;622;333
33;71;287;333
33;71;622;333
34;71;287;333
34;71;622;333
35;71;287;333
36;71;287;333
37;71;287;333
38;71;287;333
39;71;287;333
40;71;287;333
41;71;287;333
42;71;287;333
42;71;287;333
43;71;287;333
43;71;287;333
44;71;287;333
45;71;628;333
46;71;1266;333
47;71;1266;333
48;71;1266;333
49;71;623;333
50;71;287;333
51;71;287;333
1;72;1266;333
2;72;1266;333
3;72;1272;333
4;72;1266;333
5;72;623;333
6;72;287;333
7;72;287;333
8;72;287;333
9;72;1266;333
10;72;1266;333
11;72;627;333
12;72;626;333
13;72;1266;333
14;72;220;333
15;72;627;333
16;72;623;333
17;72;287;333
18;72;287;333
19;72;287;333
20;72;628;333
20;72;628;333
20;72;628;333
21;72;629;333
21;72;628;333
22;72;628;333
23;72;1266;333
24;72;626;333
25;72;597;333
26;72;597;333
27;72;597;333
28;72;627;333
29;72;628;333
30;72;627;333
30;72;628;333
31;72;622;333
32;72;622;333
33;72;622;333
34;72;622;333
35;72;1266;333
36;72;628;333
37;72;627;333
38;72;1266;333
39;72;287;333
40;72;287;333
41;72;287;333
42;72;627;333
43;72;626;333
44;72;1272;333
45;72;1266;333
46;72;1272;333
47;72;627;333
48;72;626;333
49;72;623;333
50;72;287;333
51;72;287;333
1;73;1266;333
2;73;1266;333
3;73;1266;333
4;73;1266;333
5;73;629;333
6;73;630;333
7;73;287;333
8;73;287;333
9;73;1266;333
10;73;1272;333
11;73;629;333
12;73;628;333
13;73;1266;333
14;73;1266;333
15;73;914;333
16;73;623;333
17;73;287;333
18;73;287;333
19;73;287;333
19;73;628;333
20;73;628;333
20;73;628;333
21;73;628;333
22;73;628;333
23;73;914;333
24;73;915;333
25;73;1266;333
26;73;1266;333
27;73;914;333
28;73;629;333
29;73;628;333
30;73;629;333
31;73;628;333
32;73;1266;333
33;73;628;333
34;73;914;333
35;73;1266;333
35;73;422;333
36;73;914;333
37;73;629;333
38;73;1266;333
39;73;627;333
40;73;626;333
41;73;1266;333
42;73;626;333
43;73;626;333
44;73;1266;333
45;73;1266;333
46;73;1266;333
47;73;629;333
48;73;628;333
49;73;623;333
50;73;287;333
51;73;287;333
1;74;1266;333
2;74;914;64
3;74;1266;333
4;74;1266;333
5;74;1266;333
6;74;629;333
7;74;622;333
8;74;622;333
9;74;628;333
10;74;1266;333
11;74;1273;333
12;74;1266;333
13;74;1266;333
14;74;1272;333
15;74;914;333
16;74;626;333
17;74;622;333
18;74;622;333
19;74;622;333
20;74;1266;333
21;74;914;333
22;74;915;333
23;74;1266;333
24;74;1266;333
25;74;1266;333
26;74;1265;333
27;74;1266;333
28;74;1266;333
29;74;1266;333
30;74;1266;333
31;74;1266;333
32;74;1265;333
33;74;1266;333
34;74;1266;333
35;74;1266;333
36;74;1266;333
37;74;1266;333
38;74;914;333
39;74;629;333
40;74;628;333
41;74;1266;333
42;74;626;333
43;74;628;333
44;74;1266;333
45;74;1266;333
46;74;1265;333
47;74;914;333
48;74;1266;333
49;74;623;333
50;74;287;333
51;74;287;333
1;75;1272;333
2;75;1266;333
3;75;1266;333
4;75;1266;333
5;75;1265;333
6;75;1273;333
7;75;628;333
8;75;3095;333
8;75;914;333
9;75;914;333
10;75;1266;333
11;75;1272;333
12;75;1266;333
13;75;1266;333
14;75;1266;333
15;75;1266;333
16;75;1266;333
17;75;914;333
18;75;914;333
19;75;1266;333
20;75;915;333
21;75;1265;333
22;75;1266;333
23;75;1266;333
24;75;1265;333
25;75;1265;333
26;75;1266;333
27;75;1266;333
28;75;1266;333
29;75;1272;333
30;75;1266;333
31;75;1266;333
32;75;1266;333
33;75;1266;333
34;75;1266;333
35;75;1266;333
36;75;1266;333
37;75;1266;333
38;75;1266;333
39;75;1266;333
40;75;1266;333
41;75;1266;333
42;75;1266;333
43;75;1266;333
44;75;1266;333
45;75;1266;333
46;75;1265;333
47;75;1266;333
48;75;627;333
49;75;629;333
50;75;287;333
51;75;287;333
1;76;1273;333
2;76;1272;333
3;76;1266;333
4;76;1272;333
5;76;1266;333
6;76;1272;333
7;76;1266;333
8;76;1266;333
9;76;1266;333
10;76;1265;333
11;76;1266;333
12;76;1266;333
13;76;914;333
14;76;1266;333
15;76;1266;333
16;76;1266;333
17;76;1266;333
18;76;1265;333
19;76;1266;333
20;76;1266;333
21;76;1266;333
22;76;1266;333
23;76;1266;333
24;76;1273;333
25;76;1266;333
26;76;1266;333
27;76;627;333
28;76;626;333
29;76;1266;333
30;76;1266;333
31;76;1266;333
32;76;627;333
33;76;1266;333
34;76;1266;333
35;76;1266;333
36;76;1266;333
37;76;1266;333
38;76;1266;333
39;76;1266;333
40;76;1266;333
41;76;1266;333
42;76;1266;333
43;76;1266;333
44;76;1266;333
45;76;1266;333
46;76;1266;333
47;76;1272;333
48;76;1266;333
49;76;628;333
50;76;287;333
51;76;287;333
1;77;1266;333
2;77;1265;333
3;77;1272;333
4;77;1273;333
5;77;1266;333
6;77;1266;333
7;77;1266;333
8;77;1266;333
9;77;1266;333
10;77;1265;333
11;77;1266;333
12;77;1272;333
13;77;1266;333
14;77;1266;333
15;77;1272;333
16;77;1266;333
17;77;1266;333
18;77;1266;333
19;77;1265;333
20;77;1265;333
21;77;1266;333
22;77;1273;333
23;77;1265;333
24;77;1266;333
25;77;1266;333
26;77;914;333
27;77;629;333
28;77;628;333
29;77;1266;333
30;77;1266;333
31;77;1266;333
32;77;626;333
33;77;628;333
34;77;1272;333
35;77;1266;333
36;77;1272;333
37;77;1266;333
38;77;627;333
39;77;626;333
40;77;1266;333
41;77;1266;333
42;77;1266;333
43;77;1266;333
44;77;914;333
45;77;627;333
46;77;626;333
47;77;1266;333
48;77;1266;333
48;77;422;333
49;77;626;333
50;77;287;333
51;77;287;333
38;78;629;333
39;78;628;333
45;78;629;333
46;78;628;333
50;78;287;333
51;78;287;333
