0;0;0;287;0
1;0;0;287;0
2;0;0;287;0
3;0;0;287;0
4;0;0;287;0
5;0;0;287;0
6;0;0;287;0
7;0;0;287;0
8;0;0;287;0
9;0;0;287;0
10;0;0;287;0
11;0;0;287;0
12;0;0;287;0
13;0;0;287;0
13;0;1;287;0
14;0;0;287;0
14;0;1;287;0
15;0;0;287;0
15;0;1;287;0
16;0;0;287;0
17;0;0;287;0
18;0;0;287;0
19;0;0;287;0
20;0;0;287;0
21;0;0;287;0
22;0;0;287;0
23;0;0;287;0
24;0;0;287;0
25;0;0;287;0
26;0;0;287;0
27;0;0;287;0
28;0;0;287;0
29;0;0;287;0
30;0;0;287;0
31;0;0;287;0
32;0;0;287;0
33;0;0;287;0
34;0;0;287;0
35;0;0;287;0
36;0;0;287;0
37;0;0;287;0
38;0;0;287;0
39;0;0;287;0
40;0;0;287;0
41;0;0;287;0
42;0;0;287;0
43;0;0;287;0
44;0;0;287;0
45;0;0;287;0
46;0;0;287;0
47;0;0;287;0
48;0;0;287;0
49;0;0;287;0
50;0;0;287;0
51;0;0;287;0
51;0;1;287;0
52;0;0;287;0
52;0;1;287;0
53;0;0;287;0
54;0;0;287;0
55;0;0;287;0
56;0;0;287;0
57;0;0;287;0
57;0;1;287;0
58;0;0;287;0
58;0;1;287;0
59;0;0;287;0
59;0;1;287;0
60;0;0;287;0
60;0;1;287;0
61;0;0;287;0
62;0;0;287;0
63;0;0;287;0
64;0;0;287;0
65;0;0;287;0
66;0;0;287;0
67;0;0;287;0
68;0;0;287;0
69;0;0;287;0
70;0;0;287;0
71;0;0;287;0
72;0;0;287;0
73;0;0;287;0
74;0;0;287;0
75;0;0;287;0
76;0;0;287;0
77;0;0;287;0
78;0;0;287;0
79;0;0;287;0
80;0;0;287;0
80;0;1;287;0
81;0;0;287;0
82;0;0;287;0
83;0;0;287;0
84;0;0;287;0
85;0;0;287;0
86;0;0;287;0
87;0;0;287;0
88;0;0;287;0
89;0;0;287;0
0;1;0;287;0
1;1;0;597;0
2;1;0;622;0
3;1;0;597;0
4;1;0;622;0
5;1;0;597;0
6;1;0;622;0
7;1;0;630;0
8;1;0;287;0
9;1;0;287;0
10;1;0;287;0
10;1;1;287;0
11;1;0;287;0
11;1;1;287;0
12;1;0;287;0
13;1;0;287;0
13;1;1;287;0
14;1;0;287;0
14;1;1;287;0
15;1;0;287;0
15;1;1;287;0
16;1;0;287;0
17;1;0;287;0
18;1;0;287;0
18;1;1;287;0
19;1;0;287;0
19;1;1;287;0
20;1;0;287;0
20;1;1;287;0
21;1;0;287;0
21;1;1;287;0
22;1;0;287;0
22;1;1;287;0
23;1;0;287;0
23;1;1;287;0
24;1;0;287;0
24;1;1;287;0
25;1;0;287;0
25;1;1;287;0
26;1;0;287;0
27;1;0;287;0
28;1;0;287;0
29;1;0;287;0
30;1;0;287;0
31;1;0;287;0
32;1;0;287;0
33;1;0;287;0
34;1;0;287;0
35;1;0;287;0
36;1;0;680;0
37;1;0;681;0
38;1;0;632;0
39;1;0;632;0
40;1;0;632;0
41;1;0;632;0
42;1;0;632;0
43;1;0;632;0
44;1;0;632;0
45;1;0;632;0
46;1;0;632;0
47;1;0;632;0
48;1;0;632;0
49;1;0;632;0
50;1;0;690;0
51;1;0;287;0
52;1;0;287;0
52;1;1;287;0
53;1;0;287;0
54;1;0;287;0
55;1;0;287;0
56;1;0;287;0
57;1;0;287;0
57;1;1;287;0
58;1;0;287;0
58;1;1;287;0
59;1;0;287;0
59;1;1;287;0
60;1;0;287;0
60;1;1;287;0
61;1;0;287;0
62;1;0;287;0
63;1;0;287;0
64;1;0;287;0
65;1;0;287;0
66;1;0;287;0
67;1;0;287;0
68;1;0;287;0
69;1;0;287;0
70;1;0;287;0
71;1;0;287;0
72;1;0;287;0
73;1;0;287;0
74;1;0;287;0
75;1;0;287;0
76;1;0;287;0
77;1;0;287;0
78;1;0;287;0
79;1;0;287;0
80;1;0;287;0
80;1;1;287;0
81;1;0;287;0
82;1;0;287;0
83;1;0;287;0
84;1;0;287;0
85;1;0;287;0
86;1;0;287;0
87;1;0;287;0
88;1;0;287;0
89;1;0;287;0
0;2;0;287;0
4;2;0;417;0
7;2;0;623;0
8;2;0;287;0
9;2;0;287;0
10;2;0;287;0
10;2;1;287;0
11;2;0;287;0
12;2;0;287;0
13;2;0;287;0
14;2;0;622;0
15;2;0;597;0
16;2;0;622;0
17;2;0;597;0
18;2;0;622;0
19;2;0;287;0
20;2;0;287;0
21;2;0;287;0
22;2;0;287;0
23;2;0;287;0
24;2;0;287;0
25;2;0;287;0
26;2;0;287;0
27;2;0;287;0
28;2;0;287;0
29;2;0;287;0
30;2;0;287;0
31;2;0;287;0
32;2;0;287;0
33;2;0;287;0
34;2;0;287;0
35;2;0;287;0
36;2;0;682;0
37;2;0;683;0
40;2;0;2905;0
41;2;0;276;0
42;2;0;3075;0
42;2;1;75;0
43;2;0;268;0
45;2;0;3075;0
45;2;1;75;0
46;2;0;266;0
48;2;0;266;0
49;2;0;682;0
50;2;0;634;0
51;2;0;287;0
51;2;1;287;0
52;2;0;287;0
52;2;1;287;0
52;2;2;287;0
53;2;0;287;0
53;2;1;287;0
54;2;0;287;0
54;2;1;287;0
55;2;0;287;0
55;2;1;287;0
56;2;0;287;0
56;2;1;287;0
57;2;0;287;0
57;2;1;287;0
57;2;2;287;0
58;2;0;287;0
58;2;1;287;0
59;2;0;287;0
59;2;1;287;0
60;2;0;287;0
60;2;1;287;0
61;2;0;287;0
62;2;0;287;0
63;2;0;287;0
64;2;0;287;0
65;2;0;287;0
66;2;0;287;0
67;2;0;287;0
68;2;0;287;0
69;2;0;287;0
70;2;0;287;0
71;2;0;287;0
72;2;0;287;0
73;2;0;287;0
74;2;0;287;0
75;2;0;287;0
76;2;0;287;0
77;2;0;287;0
78;2;0;287;0
79;2;0;287;0
80;2;0;287;0
80;2;1;287;0
81;2;0;287;0
82;2;0;287;0
83;2;0;287;0
84;2;0;287;0
85;2;0;287;0
86;2;0;287;0
87;2;0;287;0
88;2;0;287;0
89;2;0;287;0
0;3;0;287;0
2;3;0;320;0
3;3;0;320;0
4;3;0;320;0
4;3;1;2851;0
5;3;0;320;0
6;3;0;320;0
7;3;0;596;0
8;3;0;287;0
8;3;1;287;0
9;3;0;287;0
9;3;1;287;0
10;3;0;287;0
12;3;0;2046;0
17;3;0;418;0
19;3;0;287;0
20;3;0;287;0
21;3;0;597;0
22;3;0;597;0
23;3;0;418;0
24;3;0;719;0
24;3;1;716;0
25;3;0;622;0
26;3;0;622;0
27;3;0;630;0
28;3;0;287;0
29;3;0;287;0
30;3;0;287;0
31;3;0;287;0
32;3;0;287;0
33;3;0;287;0
34;3;0;287;0
35;3;0;287;0
36;3;0;287;0
37;3;0;634;0
38;3;0;267;0
42;3;0;217;0
45;3;0;219;0
50;3;0;634;0
51;3;0;287;0
52;3;0;287;0
52;3;1;287;0
53;3;0;287;0
54;3;0;287;0
55;3;0;287;0
56;3;0;287;0
57;3;0;287;0
57;3;1;287;0
58;3;0;287;0
58;3;1;287;0
59;3;0;287;0
59;3;1;287;0
60;3;0;287;0
60;3;1;287;0
61;3;0;287;0
62;3;0;287;0
63;3;0;287;0
64;3;0;287;0
65;3;0;287;0
66;3;0;287;0
67;3;0;287;0
68;3;0;287;0
69;3;0;287;0
70;3;0;287;0
71;3;0;287;0
72;3;0;287;0
73;3;0;287;0
74;3;0;287;0
75;3;0;287;0
76;3;0;287;0
77;3;0;287;0
78;3;0;287;0
79;3;0;287;0
80;3;0;287;0
80;3;1;287;0
81;3;0;287;0
82;3;0;287;0
83;3;0;287;0
84;3;0;287;0
85;3;0;287;0
86;3;0;287;0
87;3;0;287;0
88;3;0;287;0
89;3;0;287;0
0;4;0;287;0
8;4;0;287;0
9;4;0;287;0
14;4;0;313;0
16;4;0;313;0
18;4;0;313;0
19;4;0;622;0
20;4;0;622;0
21;4;0;724;0
24;4;0;402;0
26;4;0;221;0
27;4;0;623;0
28;4;0;287;0
29;4;0;287;0
30;4;0;287;0
31;4;0;287;0
32;4;0;287;0
33;4;0;287;0
34;4;0;287;0
35;4;0;287;0
36;4;0;287;0
37;4;0;634;0
42;4;0;395;0
43;4;0;216;0
44;4;0;216;0
48;4;0;2876;0
49;4;0;550;0
50;4;0;634;0
50;4;1;632;0
51;4;0;632;0
52;4;0;632;0
53;4;0;632;0
54;4;0;632;0
55;4;0;632;0
56;4;0;690;0
57;4;0;287;0
58;4;0;287;0
59;4;0;287;0
60;4;0;287;0
61;4;0;287;0
62;4;0;287;0
63;4;0;287;0
64;4;0;287;0
65;4;0;287;0
66;4;0;287;0
67;4;0;287;0
68;4;0;287;0
69;4;0;287;0
70;4;0;287;0
71;4;0;287;0
72;4;0;287;0
73;4;0;287;0
74;4;0;287;0
75;4;0;287;0
76;4;0;287;0
77;4;0;287;0
78;4;0;287;0
79;4;0;287;0
80;4;0;287;0
80;4;1;287;0
81;4;0;287;0
82;4;0;287;0
83;4;0;287;0
84;4;0;287;0
85;4;0;287;0
86;4;0;287;0
87;4;0;287;0
88;4;0;287;0
89;4;0;287;0
0;5;0;287;0
7;5;0;596;0
7;5;1;321;7
8;5;0;921;0
8;5;1;287;0
9;5;0;287;0
18;5;0;270;0
19;5;0;402;0
19;5;1;51;0
20;5;0;220;0
25;5;0;29;0
27;5;0;623;0
28;5;0;287;0
29;5;0;287;0
30;5;0;287;0
31;5;0;287;0
32;5;0;287;0
33;5;0;287;0
34;5;0;287;0
35;5;0;287;0
36;5;0;287;0
37;5;0;634;0
38;5;0;267;0
48;5;0;211;0
49;5;0;680;0
50;5;0;688;0
52;5;0;264;0
53;5;0;36;0
53;5;1;2854;0
55;5;0;682;0
56;5;0;634;0
57;5;0;287;0
58;5;0;287;0
59;5;0;287;0
60;5;0;287;0
61;5;0;287;0
62;5;0;287;0
63;5;0;287;0
64;5;0;287;0
65;5;0;287;0
66;5;0;287;0
67;5;0;287;0
68;5;0;287;0
69;5;0;287;0
70;5;0;287;0
71;5;0;287;0
72;5;0;287;0
73;5;0;287;0
74;5;0;287;0
75;5;0;287;0
76;5;0;287;0
77;5;0;287;0
78;5;0;287;0
79;5;0;287;0
80;5;0;287;0
80;5;1;287;0
81;5;0;287;0
82;5;0;287;0
83;5;0;287;0
84;5;0;287;0
85;5;0;287;0
86;5;0;287;0
87;5;0;287;0
88;5;0;287;0
89;5;0;287;0
0;6;0;287;0
1;6;0;700;0
2;6;0;700;0
3;6;0;700;0
4;6;0;712;0;233
5;6;0;700;0
6;6;0;700;0
8;6;0;921;0
8;6;1;287;0
9;6;0;287;0
26;6;0;404;0
27;6;0;623;0
28;6;0;287;0
29;6;0;287;0
30;6;0;287;0
31;6;0;287;0
32;6;0;287;0
33;6;0;287;0
34;6;0;287;0
35;6;0;287;0
36;6;0;287;0
37;6;0;634;0
49;6;0;654;0;233
53;6;0;8;0
54;6;0;741;0
56;6;0;634;0
57;6;0;287;0
58;6;0;287;0
59;6;0;287;0
60;6;0;287;0
61;6;0;287;0
62;6;0;287;0
63;6;0;287;0
64;6;0;287;0
65;6;0;287;0
66;6;0;287;0
67;6;0;287;0
68;6;0;287;0
69;6;0;287;0
70;6;0;287;0
71;6;0;287;0
72;6;0;287;0
73;6;0;287;0
74;6;0;287;0
75;6;0;287;0
76;6;0;287;0
77;6;0;287;0
78;6;0;287;0
79;6;0;287;0
80;6;0;287;0
80;6;1;287;0
81;6;0;287;0
82;6;0;287;0
83;6;0;287;0
84;6;0;287;0
85;6;0;287;0
86;6;0;287;0
87;6;0;287;0
88;6;0;287;0
89;6;0;287;0
0;7;0;622;0
1;7;0;319;0
3;7;0;295;0
6;7;0;629;0
7;7;0;702;0
8;7;0;921;0
8;7;1;287;0
9;7;0;287;0
16;7;0;172;0
21;7;0;2850;0
22;7;0;2850;0
26;7;0;321;7
27;7;0;287;0
28;7;0;287;0
29;7;0;287;0
30;7;0;287;0
31;7;0;287;0
32;7;0;287;0
33;7;0;287;0
34;7;0;287;0
35;7;0;287;0
36;7;0;287;0
37;7;0;634;0
49;7;0;658;0;233
55;7;0;211;0
55;7;1;395;0
56;7;0;634;0
57;7;0;287;0
58;7;0;287;0
59;7;0;287;0
60;7;0;287;0
61;7;0;287;0
62;7;0;287;0
63;7;0;287;0
64;7;0;287;0
65;7;0;287;0
66;7;0;287;0
67;7;0;287;0
68;7;0;287;0
69;7;0;287;0
70;7;0;287;0
71;7;0;287;0
72;7;0;287;0
73;7;0;287;0
74;7;0;287;0
75;7;0;287;0
76;7;0;287;0
77;7;0;287;0
78;7;0;287;0
79;7;0;287;0
80;7;0;287;0
80;7;1;287;0
81;7;0;287;0
82;7;0;287;0
82;7;1;287;0
82;7;2;287;0
83;7;0;287;0
83;7;1;287;0
83;7;2;287;0
84;7;0;287;0
84;7;1;287;0
84;7;2;287;0
85;7;0;287;0
85;7;1;287;0
85;7;2;287;0
86;7;0;287;0
86;7;1;287;0
86;7;2;287;0
87;7;0;287;0
87;7;1;287;0
87;7;2;287;0
88;7;0;287;0
88;7;1;287;0
88;7;2;287;0
88;7;3;287;0
89;7;0;287;0
89;7;1;287;0
89;7;2;287;0
89;7;3;287;0
0;8;0;412;0
6;8;0;409;0
7;8;0;702;0
8;8;0;921;0
8;8;1;287;0
9;8;0;287;0
14;8;0;36;0
20;8;0;2850;0
21;8;0;320;0
21;8;1;2853;0
22;8;0;320;0
22;8;1;2853;0
23;8;0;2850;0
26;8;0;321;35
27;8;0;634;0
27;8;1;632;0
28;8;0;632;0
28;8;1;632;0
29;8;0;632;0
30;8;0;632;0
31;8;0;632;0
32;8;0;632;0
33;8;0;632;0
34;8;0;632;0
35;8;0;632;0
36;8;0;680;0
37;8;0;681;0
38;8;0;632;0
39;8;0;632;0
40;8;0;652;0;233
41;8;0;668;0;233
42;8;0;632;0
43;8;0;632;0
44;8;0;632;0
45;8;0;632;0
46;8;0;632;0
47;8;0;632;0
48;8;0;680;0
49;8;0;681;0
55;8;0;75;0
56;8;0;634;0
57;8;0;287;0
58;8;0;287;0
59;8;0;287;0
60;8;0;287;0
61;8;0;287;0
62;8;0;287;0
63;8;0;287;0
64;8;0;287;0
65;8;0;287;0
66;8;0;287;0
67;8;0;287;0
68;8;0;287;0
69;8;0;287;0
70;8;0;287;0
71;8;0;287;0
72;8;0;287;0
73;8;0;287;0
74;8;0;287;0
75;8;0;287;0
76;8;0;287;0
77;8;0;287;0
78;8;0;287;0
79;8;0;287;0
80;8;0;287;0
81;8;0;287;0
82;8;0;287;0
83;8;0;287;0
84;8;0;287;0
85;8;0;287;0
86;8;0;287;0
87;8;0;287;0
88;8;0;287;0
88;8;1;287;0
89;8;0;287;0
89;8;1;287;0
7;9;0;702;0
8;9;0;921;0
8;9;1;287;0
9;9;0;287;0
10;9;0;287;0
16;9;0;2836;0
18;9;0;172;0
21;9;0;2850;0
22;9;0;2850;0
26;9;0;2069;0
27;9;0;634;0
28;9;0;422;0
30;9;0;2905;0
31;9;0;402;0
32;9;0;319;0
34;9;0;3075;0
35;9;0;422;0
36;9;0;682;0
37;9;0;683;0
39;9;0;2046;0
42;9;0;401;0
43;9;0;412;0
47;9;0;401;0
48;9;0;682;0
49;9;0;683;0
55;9;0;211;0
56;9;0;634;0
57;9;0;287;0
58;9;0;287;0
59;9;0;287;0
60;9;0;287;0
61;9;0;287;0
62;9;0;287;0
63;9;0;287;0
64;9;0;287;0
65;9;0;287;0
66;9;0;287;0
67;9;0;287;0
68;9;0;287;0
69;9;0;287;0
70;9;0;287;0
71;9;0;287;0
72;9;0;287;0
73;9;0;287;0
74;9;0;287;0
75;9;0;287;0
76;9;0;287;0
77;9;0;287;0
78;9;0;287;0
80;9;0;340;0
80;9;1;473;0
81;9;0;340;0
82;9;0;340;0
83;9;0;340;0
84;9;0;340;0
85;9;0;340;0
86;9;0;473;0
87;9;0;287;0
88;9;0;287;0
88;9;1;287;0
89;9;0;287;0
7;10;0;702;0
8;10;0;921;0
8;10;1;287;0
9;10;0;287;0
10;10;0;287;0
27;10;0;666;3001;233
37;10;0;666;3001;233
48;10;0;409;0
49;10;0;634;0
55;10;0;395;0
56;10;0;634;0
57;10;0;287;0
58;10;0;287;0
59;10;0;287;0
60;10;0;287;0
61;10;0;287;0
62;10;0;287;0
63;10;0;287;0
64;10;0;287;0
65;10;0;287;0
66;10;0;287;0
67;10;0;287;0
68;10;0;287;0
69;10;0;287;0
70;10;0;287;0
71;10;0;287;0
72;10;0;287;0
73;10;0;287;0
74;10;0;287;0
75;10;0;287;0
76;10;0;287;0
77;10;0;287;0
78;10;0;287;0
80;10;0;266;0
82;10;0;266;0
84;10;0;266;0
86;10;0;342;0
87;10;0;287;0
88;10;0;287;0
88;10;1;287;0
89;10;0;287;0
0;11;0;287;0
3;11;0;287;0
4;11;0;287;0
5;11;0;599;0
6;11;0;596;0
7;11;0;287;0
8;11;0;921;0
8;11;1;287;0
9;11;0;287;0
10;11;0;287;0
16;11;0;172;0
27;11;0;658;3001
37;11;0;658;3001
48;11;0;2908;0
49;11;0;634;0
55;11;0;2874;0
56;11;0;634;0
57;11;0;287;0
58;11;0;287;0
59;11;0;287;0
60;11;0;287;0
61;11;0;287;0
62;11;0;287;0
63;11;0;287;0
64;11;0;287;0
65;11;0;287;0
66;11;0;622;0
67;11;0;622;0
68;11;0;622;0
69;11;0;630;0
70;11;0;287;0
71;11;0;287;0
72;11;0;287;0
73;11;0;287;0
74;11;0;287;0
75;11;0;287;0
76;11;0;287;0
77;11;0;287;0
78;11;0;287;0
83;11;0;218;0
86;11;0;342;0
87;11;0;287;0
88;11;0;287;0
88;11;1;287;0
89;11;0;287;0
0;12;0;287;0
1;12;0;287;0
2;12;0;287;0
3;12;0;287;0
4;12;0;628;0
7;12;0;629;0
8;12;0;630;0
9;12;0;287;0
10;12;0;287;0
11;12;0;287;0
12;12;0;287;0
26;12;0;2069;0
27;12;0;630;0
28;12;0;287;0
29;12;0;634;0
36;12;0;403;0
37;12;0;638;0
48;12;0;321;7
49;12;0;634;0
56;12;0;634;0
57;12;0;287;0
58;12;0;287;0
59;12;0;287;0
60;12;0;287;0
61;12;0;287;0
62;12;0;287;0
63;12;0;287;0
64;12;0;287;0
65;12;0;622;0
68;12;0;415;0
69;12;0;623;0
70;12;0;287;0
71;12;0;287;0
72;12;0;287;0
73;12;0;287;0
74;12;0;287;0
75;12;0;287;0
76;12;0;287;0
77;12;0;287;0
78;12;0;287;0
82;12;0;217;0
83;12;0;320;0
84;12;0;219;0
86;12;0;342;0
87;12;0;287;0
88;12;0;287;0
88;12;1;287;0
89;12;0;287;0
0;13;0;622;0
1;13;0;622;0
2;13;0;622;0
3;13;0;622;0
4;13;0;628;0
7;13;0;1245;0
8;13;0;629;0
9;13;0;622;0
10;13;0;630;0
11;13;0;287;0
12;13;0;287;0
13;13;0;287;0
14;13;0;287;0
15;13;0;287;0
23;13;0;914;0
24;13;0;914;0
25;13;0;914;0
26;13;0;410;0
27;13;0;623;0
28;13;0;287;0
29;13;0;634;0
34;13;0;691;0
35;13;0;632;0
35;13;1;690;0
36;13;0;690;0
36;13;1;680;0
37;13;0;681;0
42;13;0;680;0
43;13;0;681;0
48;13;0;680;0
49;13;0;681;0
56;13;0;634;0
57;13;0;287;0
58;13;0;287;0
59;13;0;287;0
60;13;0;287;0
61;13;0;287;0
62;13;0;287;0
63;13;0;287;0
63;13;1;287;0
64;13;0;622;0
67;13;0;29;0
69;13;0;623;0
70;13;0;287;0
71;13;0;287;0
72;13;0;287;0
73;13;0;287;0
74;13;0;287;0
75;13;0;287;0
76;13;0;287;0
77;13;0;287;0
78;13;0;287;0
83;13;0;216;0
86;13;0;342;0
87;13;0;287;0
88;13;0;287;0
88;13;1;287;0
89;13;0;287;0
1;14;0;628;0
2;14;0;418;0
4;14;0;1254;0
9;14;0;417;0
10;14;0;629;0
11;14;0;622;0
12;14;0;622;0
13;14;0;622;0
14;14;0;630;0
15;14;0;287;0
16;14;0;287;0
17;14;0;287;0
18;14;0;287;0
19;14;0;652;3001
20;14;0;656;3001
21;14;0;287;0
22;14;0;287;0
23;14;0;287;0
23;14;1;287;0
24;14;0;287;0
24;14;1;623;0
24;14;2;623;0
25;14;0;287;0
26;14;0;287;0
27;14;0;287;0
28;14;0;287;0
29;14;0;634;0
33;14;0;691;0
34;14;0;683;0
34;14;1;690;0
36;14;0;682;0
37;14;0;683;0
42;14;0;682;0
43;14;0;683;0
48;14;0;682;0
49;14;0;683;0
56;14;0;634;0
57;14;0;287;0
58;14;0;287;0
59;14;0;287;0
60;14;0;287;0
61;14;0;287;0
62;14;0;287;0
63;14;0;287;0
68;14;0;627;0
69;14;0;623;0
70;14;0;287;0
71;14;0;287;0
72;14;0;287;0
73;14;0;287;0
74;14;0;287;0
75;14;0;287;0
76;14;0;287;0
77;14;0;287;0
78;14;0;287;0
85;14;0;276;0
86;14;0;342;0
87;14;0;287;0
88;14;0;287;0
88;14;1;287;0
89;14;0;287;0
7;15;0;2069;0
8;15;0;719;0
8;15;1;1246;0
8;15;2;716;0
14;15;0;629;0
15;15;0;622;0
16;15;0;622;0
17;15;0;622;0
18;15;0;2046;0
21;15;0;2046;0
22;15;0;630;0
23;15;0;287;0
24;15;0;287;0
25;15;0;287;0
26;15;0;287;0
26;15;1;287;0
27;15;0;287;0
27;15;1;287;0
27;15;2;287;0
28;15;0;287;0
29;15;0;654;0
32;15;0;691;0
33;15;0;683;0
33;15;1;690;0
36;15;0;396;0
42;15;0;396;0
48;15;0;275;0
49;15;0;634;0
50;15;0;287;0
51;15;0;287;0
52;15;0;287;0
53;15;0;287;0
54;15;0;287;0
55;15;0;287;0
56;15;0;287;0
57;15;0;287;0
58;15;0;287;0
59;15;0;287;0
60;15;0;287;0
61;15;0;287;0
62;15;0;287;0
63;15;0;340;0
63;15;1;287;0
64;15;0;628;0
68;15;0;623;0
69;15;0;473;0
69;15;1;287;0
70;15;0;287;0
71;15;0;287;0
72;15;0;287;0
73;15;0;287;0
74;15;0;287;0
75;15;0;287;0
76;15;0;287;0
77;15;0;287;0
78;15;0;287;0
83;15;0;1912;0
85;15;0;2906;0
86;15;0;342;0
87;15;0;287;0
88;15;0;287;0
88;15;1;287;0
89;15;0;287;0
8;16;0;402;0
8;16;1;736;0
15;16;0;418;0
16;16;0;628;0
22;16;0;629;0
23;16;0;630;0
24;16;0;287;0
25;16;0;287;0
25;16;1;287;0
26;16;0;287;0
27;16;0;287;0
28;16;0;287;0
29;16;0;658;0
32;16;0;683;0
32;16;1;690;0
47;16;0;2805;0
48;16;0;2906;0
49;16;0;634;0
50;16;0;287;0
51;16;0;287;0
52;16;0;287;0
53;16;0;287;0
54;16;0;287;0
55;16;0;287;0
56;16;0;287;0
57;16;0;287;0
58;16;0;287;0
59;16;0;287;0
61;16;0;622;0
62;16;0;629;0
63;16;0;622;0
64;16;0;628;0
68;16;0;629;0
69;16;0;342;0
70;16;0;287;0
71;16;0;287;0
72;16;0;287;0
73;16;0;287;0
74;16;0;287;0
75;16;0;287;0
76;16;0;287;0
77;16;0;287;0
78;16;0;287;0
85;16;0;276;0
86;16;0;342;0
87;16;0;287;0
88;16;0;287;0
88;16;1;287;0
89;16;0;287;0
0;17;0;627;0
1;17;0;626;0
2;17;0;626;0
14;17;0;719;0
14;17;1;716;0
23;17;0;623;0
24;17;0;287;0
25;17;0;636;0
25;17;1;287;0
26;17;0;636;0
26;17;1;287;0
27;17;0;636;0
27;17;1;287;0
28;17;0;690;0
28;17;1;632;0
28;17;2;287;0
29;17;0;634;0
32;17;0;634;0
47;17;0;396;0
49;17;0;634;0
50;17;0;287;0
50;17;1;287;0
51;17;0;287;0
51;17;1;287;0
52;17;0;287;0
52;17;1;287;0
53;17;0;287;0
53;17;1;287;0
54;17;0;287;0
54;17;1;287;0
55;17;0;287;0
55;17;1;287;0
56;17;0;287;0
57;17;0;287;0
58;17;0;287;0
59;17;0;287;0
61;17;0;321;61
62;17;0;417;0
64;17;0;2805;0
67;17;0;2805;0
69;17;0;342;0
70;17;0;287;0
71;17;0;287;0
72;17;0;287;0
73;17;0;287;0
74;17;0;287;0
75;17;0;287;0
76;17;0;287;0
77;17;0;287;0
78;17;0;287;0
83;17;0;1912;0
85;17;0;2906;0
86;17;0;342;0
87;17;0;287;0
88;17;0;287;0
88;17;1;287;0
89;17;0;287;0
0;18;0;623;0
1;18;0;287;0
2;18;0;626;0
14;18;0;402;0
14;18;1;736;0
20;18;0;404;0
20;18;1;736;0
21;18;0;719;0
21;18;1;716;0
24;18;0;622;0
25;18;0;622;0
26;18;0;622;0
27;18;0;622;0
28;18;0;630;0
29;18;0;634;0
31;18;0;2906;0
32;18;0;634;0
39;18;0;212;0
40;18;0;212;0
41;18;0;212;0
47;18;0;2069;0
49;18;0;634;0
50;18;0;287;0
50;18;1;287;0
50;18;2;287;0
51;18;0;287;0
52;18;0;287;0
53;18;0;287;0
54;18;0;287;0
55;18;0;287;0
56;18;0;622;0
57;18;0;597;0
58;18;0;622;0
59;18;0;597;0
68;18;0;415;0
69;18;0;342;0
70;18;0;287;0
71;18;0;287;0
72;18;0;287;0
73;18;0;287;0
74;18;0;287;0
75;18;0;287;0
76;18;0;287;0
77;18;0;287;0
78;18;0;287;0
79;18;0;473;0
85;18;0;276;0
86;18;0;342;0
87;18;0;287;0
88;18;0;287;0
88;18;1;287;0
89;18;0;287;0
0;19;0;629;0
1;19;0;622;0
2;19;0;628;0
21;19;0;320;0
28;19;0;623;0
29;19;0;634;0
32;19;0;634;0
38;19;0;213;0
39;19;0;320;0
40;19;0;420;0
40;19;1;320;0
40;19;2;2853;0
41;19;0;320;0
42;19;0;2878;0
46;19;0;2878;0
47;19;0;396;0
48;19;0;680;0
49;19;0;634;0
50;19;0;287;0
52;19;0;597;0
53;19;0;622;0
54;19;0;597;0
54;19;1;417;0
55;19;0;622;0
57;19;0;420;0
69;19;0;342;0
70;19;0;287;0
71;19;0;287;0
72;19;0;287;0
73;19;0;287;0
74;19;0;287;0
75;19;0;622;0
76;19;0;622;0
77;19;0;622;0
78;19;0;622;0
79;19;0;342;0
86;19;0;342;0
87;19;0;287;0
88;19;0;287;0
88;19;1;287;0
89;19;0;287;0
1;20;0;628;0
6;20;0;422;0
8;20;0;422;0
21;20;0;320;0
28;20;0;623;0
28;20;1;623;0
29;20;0;654;0
31;20;0;404;0
32;20;0;634;0
39;20;0;214;0
40;20;0;214;0
41;20;0;214;0
44;20;0;405;0
44;20;1;172;0
46;20;0;2878;0
47;20;0;2069;0
48;20;0;682;0
49;20;0;634;0
67;20;0;2805;0
68;20;0;1276;0
69;20;0;342;0
70;20;0;622;0
71;20;0;622;0
72;20;0;622;0
72;20;1;624;0
72;20;2;420;0
73;20;0;622;0
74;20;0;622;0
75;20;0;628;0
76;20;0;422;0
79;20;0;496;0;233
86;20;0;471;0
87;20;0;287;0
88;20;0;287;0
88;20;1;287;0
89;20;0;287;0
5;21;0;627;0
6;21;0;627;0
7;21;0;627;0
21;21;0;320;0
22;21;0;320;0
23;21;0;320;0
24;21;0;320;0
25;21;0;320;0
27;21;0;321;7
28;21;0;623;0
29;21;0;658;0
32;21;0;634;0
39;21;0;212;0
40;21;0;212;0
41;21;0;212;0
49;21;0;654;0;233
66;21;0;348;0
67;21;0;474;0
68;21;0;474;0
78;21;0;421;0
79;21;0;342;0
79;21;1;473;0
86;21;0;287;0
87;21;0;287;0
88;21;0;287;0
88;21;1;287;0
89;21;0;287;0
4;22;0;623;0
5;22;0;287;0
5;22;1;287;0
6;22;0;287;0
6;22;1;287;0
7;22;0;287;0
7;22;1;287;0
8;22;0;287;0
25;22;0;320;0
27;22;0;415;0
28;22;0;623;0
29;22;0;634;0
31;22;0;2906;0
32;22;0;634;0
38;22;0;213;0
39;22;0;320;0
40;22;0;422;0
40;22;1;320;0
40;22;2;2853;0
41;22;0;320;0
42;22;0;2878;0
46;22;0;2916;0
47;22;0;2069;0
49;22;0;658;0;233
66;22;0;481;0;233
78;22;0;623;0
79;22;0;287;0
80;22;0;287;0
81;22;0;287;0
82;22;0;287;0
83;22;0;287;0
84;22;0;287;0
85;22;0;287;0
86;22;0;287;0
87;22;0;287;0
88;22;0;287;0
88;22;1;287;0
89;22;0;287;0
4;23;0;623;0
5;23;0;287;0
6;23;0;287;0
7;23;0;287;0
8;23;0;287;0
9;23;0;287;0
13;23;0;403;0
14;23;0;719;0
14;23;1;716;0
25;23;0;320;0
28;23;0;627;0
28;23;1;623;0
29;23;0;634;0
32;23;0;634;0
39;23;0;214;0
40;23;0;214;0
41;23;0;214;0
48;23;0;680;0
49;23;0;634;0
52;23;0;422;0
66;23;0;483;0;233
78;23;0;623;0
79;23;0;287;0
80;23;0;287;0
81;23;0;287;0
82;23;0;287;0
83;23;0;287;0
84;23;0;287;0
85;23;0;287;0
86;23;0;287;0
87;23;0;287;0
88;23;0;287;0
88;23;1;287;0
89;23;0;287;0
3;24;0;627;0
4;24;0;623;0
5;24;0;287;0
6;24;0;622;0
7;24;0;622;0
8;24;0;630;0
8;24;1;629;0
9;24;0;287;0
10;24;0;287;0
14;24;0;320;0
20;24;0;415;0
21;24;0;719;0
21;24;1;716;0
25;24;0;320;0
28;24;0;623;0
29;24;0;634;0
31;24;0;404;0
32;24;0;634;0
39;24;0;212;0
40;24;0;212;0
41;24;0;212;0
44;24;0;405;0
44;24;1;172;0
46;24;0;2878;0
47;24;0;2069;0
48;24;0;682;0
49;24;0;634;0
56;24;0;422;0
66;24;0;347;0
67;24;0;340;0
68;24;0;340;0
72;24;0;422;0
77;24;0;627;0
78;24;0;623;0
79;24;0;287;0
80;24;0;287;0
81;24;0;287;0
82;24;0;287;0
83;24;0;287;0
84;24;0;287;0
85;24;0;287;0
86;24;0;287;0
87;24;0;287;0
88;24;0;287;0
88;24;1;287;0
89;24;0;287;0
3;25;0;421;0
4;25;0;629;0
5;25;0;287;0
9;25;0;630;0
10;25;0;287;0
14;25;0;320;0
15;25;0;320;0
16;25;0;320;0
17;25;0;320;0
18;25;0;320;0
19;25;0;320;0
20;25;0;320;0
21;25;0;320;0
22;25;0;320;0
23;25;0;320;0
24;25;0;320;0
25;25;0;320;0
28;25;0;623;0
29;25;0;634;0
32;25;0;634;0
38;25;0;213;0
39;25;0;320;0
40;25;0;421;0
40;25;1;320;0
40;25;2;2853;0
41;25;0;320;0
42;25;0;2878;0
46;25;0;2878;0
47;25;0;396;0
49;25;0;634;0
50;25;0;287;0
51;25;0;287;0
52;25;0;287;0
53;25;0;287;0
54;25;0;287;0
55;25;0;287;0
56;25;0;287;0
57;25;0;287;0
58;25;0;287;0
59;25;0;287;0
60;25;0;287;0
61;25;0;287;0
62;25;0;287;0
63;25;0;287;0
64;25;0;287;0
65;25;0;287;0
65;25;1;287;0
66;25;0;287;0
67;25;0;287;0
68;25;0;287;0
69;25;0;287;0
78;25;0;623;0
79;25;0;287;0
80;25;0;287;0
81;25;0;287;0
82;25;0;287;0
83;25;0;287;0
84;25;0;287;0
85;25;0;287;0
86;25;0;287;0
87;25;0;287;0
88;25;0;287;0
88;25;1;287;0
89;25;0;287;0
5;26;0;597;0
9;26;0;623;0
10;26;0;287;0
28;26;0;623;0
28;26;1;623;0
28;26;2;623;0
29;26;0;634;0
31;26;0;2906;0
32;26;0;634;0
39;26;0;214;0
40;26;0;214;0
41;26;0;214;0
47;26;0;2069;0
48;26;0;2906;0
49;26;0;634;0
50;26;0;287;0
50;26;1;287;0
50;26;2;287;0
51;26;0;287;0
52;26;0;287;0
53;26;0;287;0
54;26;0;287;0
55;26;0;287;0
56;26;0;287;0
57;26;0;287;0
58;26;0;287;0
59;26;0;287;0
60;26;0;287;0
61;26;0;287;0
62;26;0;287;0
63;26;0;287;0
64;26;0;287;0
65;26;0;287;0
65;26;1;287;0
66;26;0;287;0
67;26;0;287;0
68;26;0;287;0
69;26;0;287;0
80;26;0;287;0
81;26;0;287;0
82;26;0;287;0
83;26;0;287;0
84;26;0;287;0
85;26;0;287;0
86;26;0;287;0
87;26;0;287;0
88;26;0;287;0
88;26;1;287;0
89;26;0;287;0
5;27;0;598;0
9;27;0;596;0
10;27;0;287;0
28;27;0;623;0
29;27;0;634;0
32;27;0;634;0
47;27;0;396;0
49;27;0;634;0
50;27;0;287;0
51;27;0;287;0
52;27;0;287;0
53;27;0;287;0
54;27;0;287;0
55;27;0;287;0
56;27;0;287;0
56;27;1;287;0
57;27;0;287;0
57;27;1;287;0
58;27;0;287;0
58;27;1;287;0
59;27;0;287;0
59;27;1;287;0
60;27;0;287;0
61;27;0;287;0
62;27;0;287;0
63;27;0;287;0
64;27;0;287;0
65;27;0;287;0
65;27;1;287;0
66;27;0;287;0
67;27;0;287;0
68;27;0;287;0
69;27;0;287;0
80;27;0;287;0
81;27;0;287;0
82;27;0;287;0
83;27;0;287;0
84;27;0;287;0
85;27;0;287;0
86;27;0;287;0
87;27;0;287;0
88;27;0;287;0
88;27;1;287;0
89;27;0;287;0
3;28;0;627;0
4;28;0;627;0
5;28;0;287;0
9;28;0;623;0
10;28;0;287;0
11;28;0;287;0
12;28;0;287;0
13;28;0;287;0
28;28;0;623;0
29;28;0;634;0
32;28;0;634;0
36;28;0;396;0
42;28;0;396;0
47;28;0;2805;0
48;28;0;691;0
49;28;0;634;0
50;28;0;287;0
50;28;1;287;0
50;28;2;287;0
51;28;0;287;0
52;28;0;287;0
53;28;0;287;0
54;28;0;287;0
55;28;0;287;0
56;28;0;287;0
57;28;0;287;0
58;28;0;287;0
58;28;1;287;0
59;28;0;287;0
59;28;1;287;0
60;28;0;287;0
61;28;0;287;0
61;28;1;287;0
62;28;0;287;0
63;28;0;287;0
64;28;0;287;0
65;28;0;287;0
65;28;1;287;0
66;28;0;287;0
67;28;0;287;0
68;28;0;287;0
69;28;0;287;0
3;29;0;623;0
4;29;0;287;0
5;29;0;287;0
9;29;0;629;0
10;29;0;596;0
11;29;0;287;0
12;29;0;287;0
13;29;0;287;0
14;29;0;287;0
15;29;0;287;0
16;29;0;287;0
17;29;0;287;0
18;29;0;287;0
19;29;0;287;0
20;29;0;287;0
21;29;0;287;0
22;29;0;287;0
23;29;0;287;0
24;29;0;287;0
25;29;0;287;0
26;29;0;287;0
27;29;0;287;0
28;29;0;287;0
29;29;0;634;0
31;29;0;404;0
32;29;0;634;0
49;29;0;634;0
50;29;0;287;0
51;29;0;287;0
52;29;0;287;0
53;29;0;287;0
54;29;0;287;0
55;29;0;287;0
56;29;0;287;0
57;29;0;287;0
58;29;0;287;0
58;29;1;287;0
59;29;0;287;0
59;29;1;287;0
60;29;0;287;0
61;29;0;287;0
61;29;1;287;0
62;29;0;287;0
63;29;0;287;0
64;29;0;287;0
64;29;1;287;0
65;29;0;287;0
65;29;1;287;0
65;29;2;287;0
66;29;0;287;0
66;29;1;287;0
67;29;0;287;0
67;29;1;287;0
68;29;0;287;0
69;29;0;287;0
3;30;0;623;0
4;30;0;287;0
10;30;0;623;0
11;30;0;287;0
12;30;0;622;0
13;30;0;622;0
14;30;0;597;0
14;30;1;422;0
15;30;0;622;0
17;30;0;622;0
18;30;0;597;0
19;30;0;622;0
20;30;0;597;0
21;30;0;622;0
22;30;0;597;0
23;30;0;622;0
24;30;0;597;0
24;30;1;321;33
25;30;0;622;0
26;30;0;597;0
27;30;0;622;0
28;30;0;630;0
29;30;0;634;0
32;30;0;634;0
49;30;0;634;0
50;30;0;287;0
51;30;0;287;0
52;30;0;287;0
53;30;0;287;0
54;30;0;287;0
55;30;0;287;0
56;30;0;287;0
56;30;1;287;0
57;30;0;287;0
58;30;0;287;0
58;30;1;287;0
59;30;0;287;0
59;30;1;287;0
60;30;0;287;0
61;30;0;287;0
61;30;1;287;0
62;30;0;287;0
63;30;0;287;0
64;30;0;287;0
64;30;1;287;0
65;30;0;287;0
65;30;1;287;0
65;30;2;287;0
66;30;0;287;0
66;30;1;287;0
67;30;0;287;0
67;30;1;287;0
68;30;0;287;0
69;30;0;287;0
2;31;0;627;0
3;31;0;623;0
4;31;0;287;0
9;31;0;421;0
10;31;0;596;0
11;31;0;287;0
16;31;0;2862;0
18;31;0;2862;0
19;31;0;412;0
20;31;0;2862;0
23;31;0;396;0
26;31;0;218;0
28;31;0;629;0
29;31;0;634;0
32;31;0;681;0
32;31;1;691;0
32;31;2;688;0
33;31;0;632;0
34;31;0;632;0
35;31;0;632;0
36;31;0;680;0
37;31;0;681;0
38;31;0;632;0
39;31;0;632;0
40;31;0;632;0
41;31;0;632;0
42;31;0;680;0
43;31;0;681;0
44;31;0;632;0
45;31;0;632;0
46;31;0;632;0
47;31;0;680;0
48;31;0;633;0
48;31;1;691;0
49;31;0;688;0
49;31;1;633;0
49;31;2;632;0
49;31;3;632;0
50;31;0;633;0
50;31;1;633;0
50;31;2;632;0
51;31;0;633;0
51;31;1;632;0
52;31;0;633;0
52;31;1;632;0
53;31;0;633;0
53;31;1;690;0
54;31;0;681;0
55;31;0;287;0
56;31;0;287;0
56;31;1;287;0
57;31;0;287;0
58;31;0;287;0
58;31;1;287;0
59;31;0;287;0
59;31;1;287;0
60;31;0;287;0
61;31;0;287;0
61;31;1;287;0
62;31;0;287;0
63;31;0;287;0
64;31;0;287;0
64;31;1;287;0
65;31;0;287;0
65;31;1;287;0
66;31;0;287;0
67;31;0;287;0
2;32;0;623;0
3;32;0;287;0
4;32;0;287;0
5;32;0;421;0
10;32;0;2069;0
11;32;0;287;0
25;32;0;2876;0
27;32;0;2878;0
28;32;0;2906;0
29;32;0;634;0
34;32;0;3075;0
35;32;0;402;0
36;32;0;682;0
37;32;0;683;0
39;32;0;401;0
40;32;0;3075;0
42;32;0;682;0
43;32;0;683;0
45;32;0;3075;0
47;32;0;682;0
48;32;0;683;0
50;32;0;402;0
50;32;1;51;0
51;32;0;3075;0
53;32;0;682;0
54;32;0;635;0
54;32;1;690;0
55;32;0;287;0
56;32;0;287;0
57;32;0;287;0
58;32;0;287;0
58;32;1;287;0
59;32;0;287;0
60;32;0;287;0
61;32;0;287;0
62;32;0;287;0
63;32;0;287;0
64;32;0;287;0
65;32;0;287;0
66;32;0;287;0
67;32;0;287;0
68;32;0;287;0
1;33;0;627;0
2;33;0;623;0
3;33;0;287;0
4;33;0;287;0
11;33;0;654;3001
22;33;0;614;0
25;33;0;2876;0
26;33;0;2879;0
27;33;0;2878;0
28;33;0;415;0
29;33;0;634;0
54;33;0;635;0
54;33;1;682;0
55;33;0;287;0
56;33;0;287;0
57;33;0;287;0
57;33;1;287;0
58;33;0;287;0
58;33;1;287;0
59;33;0;287;0
60;33;0;287;0
61;33;0;287;0
62;33;0;287;0
63;33;0;287;0
64;33;0;287;0
65;33;0;287;0
66;33;0;287;0
67;33;0;287;0
68;33;0;287;0
0;34;0;627;0
1;34;0;623;0
2;34;0;287;0
3;34;0;287;0
4;34;0;622;0
11;34;0;658;3001
22;34;0;616;0
25;34;0;2876;0
27;34;0;2878;0
28;34;0;2906;0
29;34;0;634;0
54;34;0;635;0
54;34;1;635;0
55;34;0;287;0
56;34;0;287;0
57;34;0;287;0
58;34;0;287;0
59;34;0;287;0
60;34;0;287;0
61;34;0;287;0
62;34;0;287;0
63;34;0;287;0
64;34;0;287;0
65;34;0;287;0
66;34;0;287;0
67;34;0;287;0
68;34;0;287;0
69;34;0;287;0
70;34;0;287;0
0;35;0;623;0
1;35;0;287;0
2;35;0;287;0
3;35;0;622;0
10;35;0;596;0
11;35;0;287;0
22;35;0;617;0
25;35;0;2876;0
26;35;0;2879;0
27;35;0;2878;0
28;35;0;395;0
29;35;0;634;0
29;35;1;682;0
30;35;0;632;0
31;35;0;684;0;233
32;35;0;656;0;233
33;35;0;632;0
34;35;0;632;0
35;35;0;632;0
36;35;0;632;0
37;35;0;632;0
38;35;0;632;0
39;35;0;632;0
40;35;0;632;0
41;35;0;632;0
42;35;0;632;0
43;35;0;632;0
44;35;0;632;0
45;35;0;632;0
46;35;0;690;0
54;35;0;635;0
55;35;0;287;0
56;35;0;287;0
57;35;0;287;0
58;35;0;287;0
59;35;0;287;0
60;35;0;287;0
61;35;0;287;0
62;35;0;287;0
63;35;0;287;0
64;35;0;287;0
65;35;0;287;0
66;35;0;287;0
67;35;0;287;0
68;35;0;287;0
69;35;0;287;0
70;35;0;287;0
0;36;0;287;0
1;36;0;287;0
2;36;0;622;0
10;36;0;623;0
11;36;0;287;0
26;36;0;216;0
28;36;0;2906;0
29;36;0;634;0
34;36;0;401;0
36;36;0;2907;0
40;36;0;401;0
42;36;0;3075;0
44;36;0;401;0
45;36;0;395;0
46;36;0;634;0
49;36;0;691;0
50;36;0;632;0
51;36;0;652;3001
52;36;0;656;3001
53;36;0;632;0
54;36;0;635;0
54;36;1;632;0
55;36;0;287;0
56;36;0;287;0
57;36;0;287;0
58;36;0;287;0
59;36;0;287;0
60;36;0;597;0
61;36;0;597;0
62;36;0;597;0
62;36;1;418;0
63;36;0;597;0
64;36;0;630;0
65;36;0;287;0
66;36;0;287;0
67;36;0;287;0
68;36;0;287;0
69;36;0;287;0
70;36;0;287;0
71;36;0;287;0
0;37;0;287;0
1;37;0;287;0
2;37;0;1272;0
6;37;0;421;0
8;37;0;405;0
10;37;0;287;0
11;37;0;287;0
28;37;0;339;0
29;37;0;634;0
44;37;0;741;0
46;37;0;634;0
48;37;0;691;0
49;37;0;683;0
50;37;0;421;0
53;37;0;402;0
53;37;1;66;0
54;37;0;629;0
55;37;0;630;0
56;37;0;287;0
57;37;0;287;0
58;37;0;287;0
64;37;0;596;0
64;37;1;596;0
65;37;0;287;0
66;37;0;287;0
67;37;0;287;0
68;37;0;287;0
69;37;0;287;0
70;37;0;287;0
71;37;0;287;0
0;38;0;287;0
1;38;0;622;0
6;38;0;627;0
7;38;0;627;0
10;38;0;623;0
11;38;0;287;0
28;38;0;2906;0
28;38;1;339;0
29;38;0;634;0
31;38;0;212;0
35;38;0;741;0
37;38;0;634;0
45;38;0;320;0
46;38;0;1276;0
46;38;1;634;0
47;38;0;691;0
47;38;1;632;0
48;38;0;683;0
56;38;0;597;0
57;38;0;630;0
58;38;0;287;0
62;38;0;319;0
64;38;0;596;0
65;38;0;287;0
66;38;0;287;0
67;38;0;287;0
68;38;0;287;0
69;38;0;287;0
70;38;0;287;0
71;38;0;287;0
72;38;0;287;0
0;39;0;287;0
4;39;0;422;0
6;39;0;623;0
7;39;0;287;0
8;39;0;287;0
9;39;0;287;0
10;39;0;287;0
11;39;0;287;0
18;39;0;627;0
19;39;0;627;0
20;39;0;627;0
20;39;1;421;0
28;39;0;339;0
29;39;0;634;0
30;39;0;213;0
31;39;0;320;0
32;39;0;215;0
36;39;0;320;0
36;39;1;2854;0
37;39;0;634;0
45;39;0;2908;0
46;39;0;634;0
46;39;1;1276;0
47;39;0;287;0
57;39;0;596;0
58;39;0;287;0
59;39;0;287;0
64;39;0;287;0
65;39;0;287;0
66;39;0;287;0
67;39;0;287;0
70;39;0;630;0
71;39;0;630;0
72;39;0;287;0
0;40;0;287;0
6;40;0;623;0
7;40;0;287;0
8;40;0;287;0
9;40;0;287;0
10;40;0;287;0
17;40;0;415;0
18;40;0;623;0
19;40;0;287;0
20;40;0;474;0
20;40;1;287;0
21;40;0;474;0
21;40;1;287;0
22;40;0;474;0
22;40;1;287;0
23;40;0;633;0
24;40;0;633;0
25;40;0;633;0
26;40;0;633;0
27;40;0;633;0
28;40;0;633;0
29;40;0;688;0
31;40;0;214;0
36;40;0;2906;0
37;40;0;634;0
43;40;0;8;0
44;40;0;741;0
46;40;0;634;0
47;40;0;287;0
57;40;0;623;0
58;40;0;287;0
59;40;0;287;0
60;40;0;287;0
61;40;0;599;0
63;40;0;596;0
64;40;0;287;0
65;40;0;622;0
66;40;0;622;0
67;40;0;1272;0
70;40;0;629;0
71;40;0;623;0
72;40;0;287;0
0;41;0;287;0
6;41;0;623;0
7;41;0;287;0
8;41;0;287;0
9;41;0;287;0
10;41;0;287;0
18;41;0;629;0
19;41;0;630;0
20;41;0;287;0
21;41;0;287;0
22;41;0;287;0
23;41;0;287;0
24;41;0;287;0
25;41;0;287;0
26;41;0;287;0
27;41;0;287;0
35;41;0;741;0
37;41;0;634;0
45;41;0;320;0
45;41;1;2854;0
46;41;0;634;0
47;41;0;287;0
57;41;0;629;0
58;41;0;622;0
59;41;0;622;0
60;41;0;622;0
64;41;0;622;0
71;41;0;596;0
71;41;1;409;0
72;41;0;287;0
0;42;0;287;0
1;42;0;287;0
2;42;0;287;0
2;42;1;422;0
3;42;0;599;0
4;42;0;596;0
5;42;0;287;0
6;42;0;287;0
7;42;0;287;0
8;42;0;287;0
9;42;0;287;0
10;42;0;287;0
19;42;0;623;0
20;42;0;287;0
21;42;0;287;0
22;42;0;287;0
23;42;0;287;0
24;42;0;287;0
25;42;0;287;0
26;42;0;287;0
27;42;0;287;0
31;42;0;212;0
35;42;0;395;0
36;42;0;680;0
37;42;0;681;0
44;42;0;741;0
46;42;0;634;0
47;42;0;287;0
48;42;0;287;0
50;42;0;421;0
59;42;0;418;0
69;42;0;1266;0
71;42;0;623;0
72;42;0;287;0
0;43;0;622;0
1;43;0;622;0
2;43;0;628;0
5;43;0;287;0
6;43;0;287;0
7;43;0;287;0
8;43;0;287;0
9;43;0;287;0
10;43;0;287;0
11;43;0;633;0
12;43;0;633;0
13;43;0;653;3002
14;43;0;657;3002
15;43;0;681;0
17;43;0;2832;0
19;43;0;623;0
20;43;0;287;0
21;43;0;287;0
22;43;0;287;0
23;43;0;287;0
24;43;0;287;0
25;43;0;287;0
26;43;0;287;0
27;43;0;287;0
30;43;0;213;0
31;43;0;320;0
31;43;1;2854;0
32;43;0;215;0
36;43;0;682;0
37;43;0;683;0
45;43;0;320;0
45;43;1;2854;0
47;43;0;287;0
48;43;0;287;0
71;43;0;596;0
72;43;0;287;0
73;43;0;287;0
1;44;0;1254;0
4;44;0;1272;0
5;44;0;623;0
6;44;0;287;0
7;44;0;287;0
8;44;0;287;0
8;44;1;287;0
9;44;0;287;0
9;44;1;287;0
10;44;0;287;0
15;44;0;635;0
15;44;1;691;0
16;44;0;632;0
17;44;0;632;0
18;44;0;632;0
19;44;0;632;0
20;44;0;632;0
21;44;0;632;0
22;44;0;287;0
23;44;0;287;0
24;44;0;287;0
25;44;0;287;0
26;44;0;287;0
27;44;0;287;0
31;44;0;214;0
34;44;0;8;0
35;44;0;741;0
37;44;0;634;0
46;44;0;634;0
47;44;0;287;0
48;44;0;287;0
67;44;0;1246;0
72;44;0;630;0
73;44;0;287;0
2;45;0;1265;0
5;45;0;596;0
6;45;0;287;0
7;45;0;287;0
8;45;0;287;0
8;45;1;287;0
9;45;0;287;0
9;45;1;287;0
15;45;0;395;0
17;45;0;2907;0
18;45;0;2046;0
20;45;0;2907;0
21;45;0;395;0
22;45;0;287;0
23;45;0;287;0
24;45;0;287;0
25;45;0;287;0
26;45;0;287;0
27;45;0;287;0
36;45;0;320;0
37;45;0;634;0
40;45;0;395;0
44;45;0;742;0
46;45;0;634;0
47;45;0;287;0
48;45;0;287;0
66;45;0;626;0
67;45;0;1246;0
72;45;0;596;0
73;45;0;287;0
2;46;0;422;0
4;46;0;627;0
5;46;0;623;0
6;46;0;287;0
7;46;0;287;0
8;46;0;287;0
8;46;1;287;0
9;46;0;287;0
21;46;0;211;0
22;46;0;287;0
23;46;0;287;0
24;46;0;287;0
25;46;0;287;0
26;46;0;287;0
27;46;0;287;0
37;46;0;634;0
43;46;0;1276;0
46;46;0;634;0
47;46;0;287;0
48;46;0;287;0
66;46;0;287;0
67;46;0;340;0
68;46;0;340;0
69;46;0;340;0
70;46;0;903;3050
71;46;0;905;3050
72;46;0;340;0
73;46;0;287;0
74;46;0;287;0
1;47;0;1245;0
4;47;0;1254;0
5;47;0;1272;0
5;47;1;596;0
6;47;0;287;0
7;47;0;287;0
8;47;0;287;0
9;47;0;287;0
17;47;0;213;0
22;47;0;287;0
23;47;0;287;0
24;47;0;287;0
25;47;0;287;0
26;47;0;287;0
27;47;0;287;0
37;47;0;634;0
46;47;0;634;0
47;47;0;287;0
48;47;0;287;0
61;47;0;287;0
62;47;0;287;0
63;47;0;287;0
64;47;0;287;0
65;47;0;287;0
66;47;0;287;0
69;47;0;418;0
72;47;0;629;0
73;47;0;630;0
74;47;0;287;0
75;47;0;287;0
0;48;0;287;0
1;48;0;3100;0
4;48;0;3093;0
5;48;0;623;0
6;48;0;287;0
7;48;0;287;0
8;48;0;287;0
9;48;0;287;0
17;48;0;213;0
18;48;0;2879;0
18;48;1;2854;0
19;48;0;219;0
21;48;0;2906;0
22;48;0;287;0
23;48;0;287;0
24;48;0;287;0
25;48;0;287;0
26;48;0;287;0
27;48;0;287;0
28;48;0;287;0
29;48;0;287;0
30;48;0;287;0
31;48;0;287;0
32;48;0;287;0
33;48;0;287;0
34;48;0;287;0
35;48;0;287;0
36;48;0;287;0
37;48;0;287;0
38;48;0;287;0
39;48;0;287;0
40;48;0;287;0
41;48;0;287;0
42;48;0;287;0
43;48;0;287;0
44;48;0;287;0
45;48;0;287;0
46;48;0;287;0
47;48;0;287;0
48;48;0;287;0
49;48;0;287;0
50;48;0;287;0
51;48;0;287;0
52;48;0;287;0
53;48;0;287;0
54;48;0;287;0
55;48;0;287;0
56;48;0;287;0
57;48;0;287;0
58;48;0;287;0
59;48;0;287;0
60;48;0;287;0
61;48;0;287;0
66;48;0;622;0
67;48;0;628;0
73;48;0;629;0
74;48;0;630;0
75;48;0;287;0
0;49;0;287;0
1;49;0;628;0
5;49;0;596;0
5;49;1;424;0
6;49;0;287;0
7;49;0;287;0
8;49;0;287;0
9;49;0;287;0
17;49;0;213;0
18;49;0;2879;0
22;49;0;287;0
23;49;0;287;0
24;49;0;287;0
25;49;0;287;0
26;49;0;287;0
27;49;0;287;0
28;49;0;287;0
29;49;0;287;0
30;49;0;287;0
31;49;0;287;0
32;49;0;287;0
33;49;0;287;0
34;49;0;287;0
35;49;0;287;0
36;49;0;287;0
37;49;0;287;0
38;49;0;287;0
39;49;0;287;0
40;49;0;287;0
41;49;0;287;0
42;49;0;287;0
43;49;0;287;0
44;49;0;287;0
45;49;0;287;0
46;49;0;287;0
47;49;0;287;0
48;49;0;287;0
74;49;0;623;0
75;49;0;287;0
0;50;0;622;0
1;50;0;1272;0
1;50;1;628;0
4;50;0;420;0
5;50;0;623;0
6;50;0;287;0
7;50;0;287;0
8;50;0;287;0
9;50;0;287;0
21;50;0;267;0
22;50;0;287;0
23;50;0;287;0
24;50;0;287;0
25;50;0;287;0
26;50;0;287;0
27;50;0;287;0
28;50;0;287;0
29;50;0;287;0
30;50;0;287;0
31;50;0;287;0
32;50;0;287;0
33;50;0;287;0
34;50;0;287;0
35;50;0;287;0
36;50;0;287;0
37;50;0;287;0
38;50;0;287;0
39;50;0;287;0
40;50;0;287;0
41;50;0;287;0
42;50;0;287;0
43;50;0;287;0
44;50;0;287;0
45;50;0;287;0
46;50;0;287;0
47;50;0;287;0
48;50;0;287;0
67;50;0;914;0
68;50;0;1272;0
73;50;0;1245;0
74;50;0;596;0
75;50;0;287;0
4;51;0;3100;0
5;51;0;1272;0
5;51;1;596;0
6;51;0;287;0
7;51;0;287;0
8;51;0;287;0
9;51;0;287;0
22;51;0;287;0
23;51;0;287;0
24;51;0;287;0
25;51;0;287;0
26;51;0;287;0
27;51;0;287;0
28;51;0;287;0
29;51;0;287;0
30;51;0;287;0
31;51;0;287;0
32;51;0;287;0
33;51;0;287;0
34;51;0;287;0
35;51;0;287;0
36;51;0;287;0
37;51;0;287;0
38;51;0;287;0
39;51;0;287;0
40;51;0;287;0
41;51;0;287;0
42;51;0;287;0
43;51;0;287;0
44;51;0;287;0
45;51;0;287;0
46;51;0;287;0
47;51;0;287;0
48;51;0;287;0
69;51;0;1266;0
73;51;0;422;0
74;51;0;596;0
75;51;0;287;0
1;52;0;3099;0
4;52;0;1254;0
5;52;0;623;0
6;52;0;287;0
7;52;0;287;0
8;52;0;287;0
9;52;0;287;0
21;52;0;267;0
22;52;0;287;0
23;52;0;287;0
24;52;0;287;0
25;52;0;287;0
26;52;0;287;0
27;52;0;287;0
28;52;0;287;0
29;52;0;287;0
30;52;0;287;0
31;52;0;287;0
32;52;0;287;0
33;52;0;287;0
34;52;0;287;0
35;52;0;287;0
36;52;0;287;0
37;52;0;287;0
38;52;0;287;0
39;52;0;287;0
40;52;0;287;0
41;52;0;287;0
41;52;1;287;0
42;52;0;287;0
43;52;0;287;0
44;52;0;287;0
45;52;0;287;0
46;52;0;287;0
47;52;0;287;0
48;52;0;287;0
71;52;0;2832;0
74;52;0;623;0
75;52;0;287;0
5;53;0;596;0
6;53;0;287;0
7;53;0;287;0
8;53;0;287;0
9;53;0;287;0
22;53;0;287;0
23;53;0;287;0
24;53;0;287;0
25;53;0;287;0
26;53;0;287;0
27;53;0;287;0
28;53;0;287;0
29;53;0;287;0
30;53;0;287;0
31;53;0;287;0
32;53;0;287;0
33;53;0;287;0
34;53;0;287;0
35;53;0;287;0
36;53;0;287;0
37;53;0;287;0
38;53;0;287;0
39;53;0;287;0
40;53;0;287;0
41;53;0;287;0
41;53;1;287;0
42;53;0;287;0
43;53;0;287;0
44;53;0;287;0
45;53;0;287;0
46;53;0;287;0
47;53;0;287;0
48;53;0;287;0
73;53;0;596;0
74;53;0;287;0
75;53;0;287;0
1;54;0;1272;0
4;54;0;627;0
5;54;0;623;0
6;54;0;287;0
7;54;0;287;0
8;54;0;287;0
9;54;0;287;0
10;54;0;287;0
11;54;0;287;0
12;54;0;287;0
13;54;0;287;0
14;54;0;287;0
15;54;0;287;0
16;54;0;287;0
17;54;0;287;0
18;54;0;287;0
19;54;0;287;0
20;54;0;287;0
21;54;0;287;0
22;54;0;287;0
23;54;0;287;0
24;54;0;287;0
25;54;0;287;0
26;54;0;287;0
27;54;0;287;0
28;54;0;287;0
29;54;0;287;0
30;54;0;287;0
31;54;0;287;0
32;54;0;287;0
33;54;0;287;0
34;54;0;287;0
35;54;0;287;0
36;54;0;287;0
37;54;0;287;0
38;54;0;287;0
39;54;0;287;0
40;54;0;287;0
41;54;0;287;0
42;54;0;287;0
43;54;0;287;0
44;54;0;287;0
45;54;0;287;0
46;54;0;287;0
47;54;0;287;0
48;54;0;287;0
69;54;0;1245;0
72;54;0;1246;0
73;54;0;596;0
74;54;0;287;0
75;54;0;287;0
1;55;0;1266;0
1;55;1;422;0
2;55;0;1265;0
3;55;0;1265;0
4;55;0;915;0
5;55;0;596;0
6;55;0;287;0
7;55;0;287;0
8;55;0;287;0
9;55;0;287;0
10;55;0;287;0
11;55;0;287;0
12;55;0;287;0
13;55;0;287;0
14;55;0;287;0
15;55;0;287;0
16;55;0;287;0
17;55;0;287;0
18;55;0;287;0
19;55;0;287;0
20;55;0;287;0
21;55;0;287;0
22;55;0;287;0
23;55;0;287;0
24;55;0;287;0
25;55;0;287;0
26;55;0;287;0
27;55;0;287;0
28;55;0;287;0
29;55;0;287;0
30;55;0;287;0
31;55;0;287;0
32;55;0;287;0
33;55;0;287;0
34;55;0;287;0
35;55;0;287;0
36;55;0;287;0
37;55;0;287;0
38;55;0;287;0
39;55;0;287;0
40;55;0;287;0
41;55;0;287;0
42;55;0;287;0
43;55;0;287;0
44;55;0;287;0
45;55;0;287;0
46;55;0;287;0
47;55;0;287;0
48;55;0;287;0
72;55;0;627;0
73;55;0;623;0
73;55;1;596;0
74;55;0;287;0
75;55;0;287;0
1;56;0;1254;0
2;56;0;1265;0
3;56;0;1265;0
4;56;0;1272;0
5;56;0;623;0
6;56;0;287;0
7;56;0;287;0
8;56;0;287;0
9;56;0;287;0
10;56;0;287;0
11;56;0;287;0
12;56;0;287;0
13;56;0;287;0
14;56;0;287;0
15;56;0;287;0
16;56;0;287;0
17;56;0;287;0
18;56;0;287;0
19;56;0;287;0
20;56;0;287;0
21;56;0;287;0
22;56;0;287;0
23;56;0;287;0
24;56;0;287;0
25;56;0;287;0
26;56;0;287;0
27;56;0;287;0
28;56;0;287;0
29;56;0;287;0
30;56;0;287;0
31;56;0;287;0
32;56;0;287;0
33;56;0;287;0
34;56;0;287;0
35;56;0;287;0
36;56;0;287;0
37;56;0;287;0
38;56;0;287;0
39;56;0;287;0
40;56;0;287;0
41;56;0;287;0
42;56;0;287;0
43;56;0;287;0
44;56;0;287;0
45;56;0;287;0
46;56;0;287;0
47;56;0;287;0
48;56;0;287;0
72;56;0;627;0
73;56;0;287;0
74;56;0;287;0
75;56;0;287;0
1;57;0;1272;0
2;57;0;1265;0
3;57;0;1265;0
4;57;0;1265;0
5;57;0;287;0
6;57;0;622;0
7;57;0;597;0
7;57;1;3098;0
8;57;0;622;0
9;57;0;597;0
10;57;0;622;0
11;57;0;597;0
11;57;1;3100;0
12;57;0;622;0
13;57;0;597;0
14;57;0;622;0
15;57;0;597;0
16;57;0;622;0
17;57;0;597;0
18;57;0;622;0
19;57;0;630;0
20;57;0;287;0
21;57;0;287;0
22;57;0;287;0
23;57;0;287;0
24;57;0;287;0
25;57;0;287;0
26;57;0;287;0
27;57;0;287;0
28;57;0;287;0
29;57;0;287;0
30;57;0;287;0
31;57;0;287;0
32;57;0;287;0
33;57;0;287;0
34;57;0;287;0
1;58;0;1265;0
2;58;0;1265;0
3;58;0;1265;0
4;58;0;1265;0
5;58;0;1265;0
6;58;0;1265;0
7;58;0;1265;0
8;58;0;1265;0
9;58;0;1265;0
9;58;1;417;0
10;58;0;1266;0
11;58;0;1265;0
12;58;0;915;0
13;58;0;1246;0
14;58;0;1265;0
14;58;1;417;0
15;58;0;1245;0
16;58;0;628;0
17;58;0;915;0
18;58;0;1246;0
19;58;0;596;0
20;58;0;287;0
21;58;0;287;0
22;58;0;287;0
23;58;0;287;0
24;58;0;287;0
25;58;0;287;0
26;58;0;287;0
27;58;0;287;0
28;58;0;287;0
29;58;0;287;0
30;58;0;287;0
31;58;0;287;0
32;58;0;287;0
33;58;0;287;0
34;58;0;287;0
1;59;0;1245;0
2;59;0;1265;0
3;59;0;1265;0
4;59;0;1265;0
5;59;0;1272;0
5;59;1;422;0
6;59;0;1265;0
7;59;0;1265;0
8;59;0;1265;0
9;59;0;1265;0
10;59;0;1265;0
11;59;0;1265;0
12;59;0;1265;0
13;59;0;1265;0
14;59;0;1265;0
15;59;0;1265;0
16;59;0;1265;0
17;59;0;1265;0
18;59;0;1245;0
19;59;0;629;0
20;59;0;597;0
20;59;1;3099;0
21;59;0;622;0
22;59;0;597;0
22;59;1;3099;0
23;59;0;622;0
24;59;0;597;0
24;59;1;1245;0
25;59;0;622;0
26;59;0;597;0
26;59;1;3098;0
27;59;0;622;0
28;59;0;597;0
29;59;0;622;0
30;59;0;597;0
31;59;0;626;0
32;59;0;287;0
33;59;0;287;0
34;59;0;287;0
1;60;0;1266;0
2;60;0;1265;0
3;60;0;1246;0
4;60;0;915;0
5;60;0;1265;0
6;60;0;1265;0
7;60;0;1266;0
8;60;0;1265;0
9;60;0;1265;0
10;60;0;1265;0
11;60;0;1265;0
12;60;0;1265;0
13;60;0;1265;0
14;60;0;1265;0
15;60;0;1265;0
16;60;0;1265;0
17;60;0;1265;0
18;60;0;1265;0
19;60;0;3095;0
20;60;0;1265;0
21;60;0;1265;0
21;60;1;418;0
22;60;0;1265;0
23;60;0;1265;0
24;60;0;1266;0
25;60;0;1265;0
26;60;0;1265;0
26;60;1;418;0
27;60;0;1265;0
28;60;0;1265;0
29;60;0;1265;0
29;60;1;419;0
30;60;0;1250;0
31;60;0;629;0
32;60;0;626;0
32;60;1;626;0
33;60;0;287;0
34;60;0;287;0
1;61;0;1246;0
2;61;0;1265;0
3;61;0;1265;0
4;61;0;1266;0
5;61;0;1246;0
6;61;0;1265;0
7;61;0;1265;0
8;61;0;1265;0
9;61;0;1266;0
10;61;0;1265;0
11;61;0;1265;0
12;61;0;1265;0
13;61;0;1265;0
14;61;0;1272;0
15;61;0;1265;0
16;61;0;1265;0
17;61;0;1265;0
18;61;0;1265;0
19;61;0;1266;0
20;61;0;1265;0
21;61;0;1265;0
22;61;0;1265;0
23;61;0;1266;0
24;61;0;1272;0
25;61;0;1265;0
26;61;0;1265;0
27;61;0;1265;0
28;61;0;1265;0
29;61;0;1265;0
30;61;0;1265;0
31;61;0;629;0
32;61;0;287;0
33;61;0;287;0
34;61;0;287;0
1;62;0;1265;0
2;62;0;1265;0
3;62;0;1265;0
4;62;0;1265;0
5;62;0;1265;0
6;62;0;1265;0
7;62;0;1265;0
8;62;0;1265;0
9;62;0;598;0
10;62;0;598;0
11;62;0;598;0
12;62;0;598;0
13;62;0;1265;0
14;62;0;1265;0
15;62;0;1265;0
16;62;0;1265;0
17;62;0;1265;0
18;62;0;1265;0
19;62;0;1265;0
20;62;0;1265;0
21;62;0;1265;0
22;62;0;1265;0
23;62;0;1265;0
24;62;0;1265;0
25;62;0;1265;0
26;62;0;1266;0
27;62;0;1265;0
28;62;0;1272;0
29;62;0;1265;0
30;62;0;1265;0
31;62;0;596;0
32;62;0;287;0
33;62;0;287;0
34;62;0;287;0
1;63;0;1246;0
2;63;0;1265;0
3;63;0;1265;0
4;63;0;1265;0
5;63;0;1265;0
6;63;0;287;0
7;63;0;287;0
8;63;0;287;0
9;63;0;287;0
10;63;0;287;0
11;63;0;287;0
12;63;0;287;0
13;63;0;626;0
13;63;1;287;0
14;63;0;287;0
15;63;0;1265;0
16;63;0;700;0
17;63;0;287;0
18;63;0;287;0
19;63;0;598;0
20;63;0;287;0
21;63;0;598;0
22;63;0;287;0
23;63;0;598;0
24;63;0;287;0
25;63;0;598;0
26;63;0;287;0
27;63;0;1265;0
28;63;0;1265;0
29;63;0;1265;0
30;63;0;629;0
31;63;0;287;0
32;63;0;287;0
33;63;0;287;0
34;63;0;287;0
1;64;0;1246;0
2;64;0;1246;0
3;64;0;1265;0
4;64;0;1265;0
5;64;0;287;0
6;64;0;287;0
7;64;0;287;0
8;64;0;287;0
9;64;0;287;0
10;64;0;1265;0
11;64;0;626;0
12;64;0;628;0
13;64;0;622;0
14;64;0;628;0
15;64;0;1265;0
16;64;0;629;0
17;64;0;630;0
18;64;0;287;0
19;64;0;287;0
20;64;0;287;0
21;64;0;287;0
22;64;0;287;0
23;64;0;287;0
24;64;0;287;0
25;64;0;287;0
26;64;0;287;0
27;64;0;1272;0
28;64;0;1265;0
29;64;0;3093;0
29;64;1;415;0
30;64;0;596;0
31;64;0;287;0
32;64;0;287;0
33;64;0;287;0
34;64;0;287;0
1;65;0;1272;0
2;65;0;1265;0
3;65;0;287;0
4;65;0;287;0
5;65;0;287;0
6;65;0;1265;0
7;65;0;629;0
8;65;0;622;0
9;65;0;628;0
10;65;0;1250;0
11;65;0;914;0
12;65;0;1246;0;298
13;65;0;1246;0;130
14;65;0;1265;0
15;65;0;1265;0
16;65;0;3093;0
16;65;1;1246;0;136
17;65;0;629;0
18;65;0;628;0
19;65;0;597;0
19;65;1;1245;0;58
20;65;0;626;0
21;65;0;622;0
22;65;0;626;0
22;65;1;597;0
22;65;2;597;0
23;65;0;597;0
24;65;0;626;0
25;65;0;622;0
26;65;0;629;0
27;65;0;1265;0
28;65;0;1265;0
29;65;0;3100;0
30;65;0;626;0
31;65;0;287;0
32;65;0;287;0
33;65;0;287;0
34;65;0;287;0
1;66;0;287;0
2;66;0;287;0
3;66;0;287;0
4;66;0;287;0
5;66;0;629;0
5;66;1;622;0
6;66;0;628;0
7;66;0;1254;0
8;66;0;3100;0
9;66;0;1265;0
10;66;0;1265;0
11;66;0;1265;0
12;66;0;1265;0
13;66;0;1265;0
13;66;1;421;0
14;66;0;1265;0
15;66;0;1265;0
16;66;0;1265;0
17;66;0;1245;0
18;66;0;3095;0
19;66;0;1265;0
20;66;0;3100;0
21;66;0;405;0
22;66;0;914;0
23;66;0;3100;0
24;66;0;626;0
25;66;0;1250;0
26;66;0;626;0
27;66;0;1265;0
28;66;0;1265;0
29;66;0;1246;0;115
30;66;0;596;0
31;66;0;287;0
32;66;0;287;0
33;66;0;287;0
34;66;0;287;0
0;67;0;287;0
1;67;0;287;0
2;67;0;287;0
3;67;0;287;0
4;67;0;622;0
5;67;0;1265;0
6;67;0;3097;0
7;67;0;1265;0
8;67;0;1265;0
9;67;0;1265;0
10;67;0;1265;0
11;67;0;3096;0
12;67;0;627;0
13;67;0;627;0
14;67;0;1265;0
15;67;0;1265;0
16;67;0;1265;0
17;67;0;1265;0
18;67;0;1265;0
19;67;0;1265;0
20;67;0;1265;0
21;67;0;1265;0
22;67;0;1265;0
23;67;0;1265;0
24;67;0;3095;0
25;67;0;1265;0
26;67;0;3095;0
27;67;0;1265;0
28;67;0;1265;0
29;67;0;1265;0
30;67;0;626;0
31;67;0;287;0
32;67;0;287;0
33;67;0;287;0
34;67;0;287;0
0;68;0;622;0
1;68;0;622;0
2;68;0;622;0
3;68;0;622;0
4;68;0;628;0
5;68;0;3097;0
6;68;0;1265;0
7;68;0;3100;0
8;68;0;1265;0
8;68;1;420;0
9;68;0;1265;0
10;68;0;1265;0
11;68;0;3093;0
11;68;1;3097;0
12;68;0;626;0
13;68;0;915;0
14;68;0;1265;0
15;68;0;1265;0
16;68;0;1265;0
17;68;0;1265;0
18;68;0;1265;0
19;68;0;3100;0
20;68;0;627;0
21;68;0;627;0
22;68;0;1266;0
23;68;0;1265;0
24;68;0;1265;0
25;68;0;1266;0
26;68;0;1265;0
27;68;0;1265;0
28;68;0;1265;0
29;68;0;1265;0
30;68;0;596;0
30;68;1;416;0
31;68;0;287;0
32;68;0;287;0
33;68;0;287;0
34;68;0;287;0
1;69;0;628;0
2;69;0;3099;0
3;69;0;3097;0
4;69;0;3099;0
5;69;0;1265;0
6;69;0;1265;0
7;69;0;1265;0
8;69;0;3100;0
9;69;0;1265;0
10;69;0;1265;0
11;69;0;3093;0
12;69;0;1250;0
13;69;0;1265;0
13;69;1;421;0
14;69;0;1265;0
15;69;0;1265;0
16;69;0;627;0
17;69;0;1265;0
18;69;0;1265;0
19;69;0;3093;0
20;69;0;629;0
21;69;0;628;0
22;69;0;1265;0
22;69;1;422;0
23;69;0;627;0
24;69;0;1265;0
25;69;0;1265;0
26;69;0;1265;0
27;69;0;1265;0
28;69;0;1266;0
29;69;0;1254;0
30;69;0;596;0
30;69;1;1246;0
31;69;0;287;0
32;69;0;287;0
33;69;0;287;0
34;69;0;287;0
1;70;0;1265;0
1;70;1;420;0
2;70;0;1265;0
3;70;0;1272;0
4;70;0;1265;0
5;70;0;1265;0
6;70;0;1265;0
7;70;0;1265;0
8;70;0;1266;0
9;70;0;1265;0
10;70;0;1265;0
11;70;0;1265;0
12;70;0;914;0
13;70;0;914;0
14;70;0;1265;0
15;70;0;1265;0
16;70;0;1265;0
17;70;0;1265;0
17;70;1;421;0
18;70;0;1265;0
19;70;0;914;0
20;70;0;1265;0
21;70;0;3100;0
22;70;0;1265;0
23;70;0;629;0
24;70;0;628;0
25;70;0;1245;0
26;70;0;1250;0
27;70;0;1265;0
28;70;0;1265;0
29;70;0;1246;0
30;70;0;596;0
31;70;0;287;0
32;70;0;287;0
33;70;0;287;0
34;70;0;287;0
1;71;0;1265;0
2;71;0;1265;0
3;71;0;29;0
4;71;0;1265;0
5;71;0;1265;0
6;71;0;1265;0
7;71;0;1265;0
8;71;0;3098;0
9;71;0;1265;0
10;71;0;1265;0
11;71;0;1265;0
12;71;0;3099;0
13;71;0;629;0
14;71;0;628;0
15;71;0;628;0
16;71;0;1265;0
17;71;0;1272;0
18;71;0;1266;0
19;71;0;629;0
20;71;0;1265;0
21;71;0;914;0
22;71;0;1273;0
23;71;0;1265;0
24;71;0;1265;0
25;71;0;1265;0
26;71;0;626;0
26;71;1;422;0
27;71;0;626;0
28;71;0;1265;0
29;71;0;1246;0
30;71;0;596;0
31;71;0;287;0
32;71;0;287;0
33;71;0;287;0
34;71;0;287;0
1;72;0;1265;0
2;72;0;1265;0
3;72;0;1266;0
4;72;0;1265;0
5;72;0;1265;0
6;72;0;3097;0
7;72;0;3098;0
8;72;0;1265;0
9;72;0;3100;0
10;72;0;1272;0
11;72;0;1265;0
12;72;0;1265;0
13;72;0;1251;0
14;72;0;627;0
15;72;0;3099;0
16;72;0;1265;0
17;72;0;1265;0
18;72;0;1273;0
19;72;0;3095;0
20;72;0;1265;0
21;72;0;1265;0
22;72;0;1265;0
23;72;0;1272;0
24;72;0;914;0
25;72;0;3093;0
25;72;1;627;0
26;72;0;626;0
27;72;0;626;0
28;72;0;1265;0
29;72;0;3099;0
30;72;0;596;0
31;72;0;287;0
32;72;0;287;0
33;72;0;287;0
34;72;0;287;0
