L: -6
X: 91
Y: -214
W: 100
H: 100
0;0;0
1;0;0
2;0;0
3;0;0
4;0;0
5;0;0
6;0;0
7;0;0
8;0;0
9;0;0
10;0;0
11;0;0
12;0;0
13;0;0
14;0;0
15;0;0
16;0;0
17;0;0
18;0;0
19;0;0
20;0;0
21;0;0
22;0;0
23;0;0
24;0;0
25;0;0
26;0;0
27;0;0
28;0;0
29;0;0
30;0;0
31;0;0
32;0;0
33;0;0
34;0;0
35;0;0
36;0;0
37;0;0
38;0;0
39;0;0
40;0;0
41;0;0
42;0;0
43;0;0
44;0;0
45;0;0
46;0;0
47;0;0
48;0;0
49;0;0
50;0;0
51;0;0
52;0;0
53;0;0
54;0;0
55;0;0
56;0;0
57;0;0
58;0;0
59;0;0
60;0;0
61;0;0
62;0;0
63;0;0
64;0;0
65;0;0
66;0;0
67;0;0
68;0;0
69;0;0
70;0;0
71;0;0
72;0;0
73;0;0
74;0;0
75;0;0
76;0;0
77;0;0
78;0;0
79;0;0
80;0;0
81;0;0
82;0;0
83;0;0
84;0;0
85;0;0
86;0;0
87;0;0
88;0;0
89;0;0
90;0;0
91;0;0
92;0;0
93;0;0
94;0;0
95;0;0
96;0;0
97;0;0
98;0;0
99;0;0
0;1;0
1;1;0
2;1;0
3;1;0
4;1;0
5;1;0
6;1;0
7;1;0
8;1;0
9;1;0
10;1;0
11;1;0
12;1;0
13;1;0
14;1;0
15;1;0
16;1;0
17;1;0
18;1;0
19;1;0
20;1;0
21;1;0
22;1;0
23;1;0
24;1;0
25;1;0
26;1;0
27;1;0
28;1;0
29;1;0
30;1;0
31;1;0
32;1;0
33;1;0
34;1;0
35;1;0
36;1;0
37;1;0
38;1;0
39;1;0
40;1;0
41;1;0
42;1;0
43;1;0
44;1;0
45;1;0
46;1;0
47;1;0
48;1;0
49;1;0
50;1;0
51;1;0
52;1;0
53;1;0
54;1;0
55;1;0
56;1;0
57;1;0
58;1;0
59;1;0
60;1;0
61;1;0
62;1;0
63;1;0
64;1;0
65;1;0
66;1;0
67;1;0
68;1;0
69;1;0
70;1;0
71;1;0
72;1;0
73;1;0
74;1;0
75;1;0
76;1;0
77;1;0
78;1;0
79;1;0
80;1;0
81;1;0
82;1;0
83;1;0
84;1;0
85;1;0
86;1;0
87;1;0
88;1;0
89;1;0
90;1;0
91;1;0
92;1;0
93;1;0
94;1;0
95;1;0
96;1;0
97;1;0
98;1;0
99;1;0
0;2;0
1;2;0
2;2;0
3;2;0
4;2;0
5;2;0
6;2;0
7;2;0
8;2;0
9;2;0
10;2;0
11;2;0
12;2;0
13;2;0
14;2;0
15;2;0
16;2;0
17;2;0
18;2;0
19;2;0
20;2;0
21;2;0
22;2;0
23;2;0
24;2;0
25;2;0
26;2;0
27;2;0
28;2;0
29;2;0
30;2;0
31;2;0
32;2;0
33;2;0
34;2;0
35;2;0
36;2;0
37;2;0
38;2;0
39;2;0
40;2;0
41;2;0
42;2;0
43;2;0
44;2;0
45;2;0
46;2;0
47;2;0
48;2;0
49;2;0
50;2;0
51;2;0
52;2;0
53;2;0
54;2;0
55;2;0
56;2;0
57;2;0
58;2;0
59;2;0
60;2;0
61;2;0
62;2;0
63;2;0
64;2;0
65;2;0
66;2;0
67;2;0
68;2;0
69;2;0
70;2;0
71;2;0
72;2;0
73;2;0
74;2;0
75;2;0
76;2;0
77;2;0
78;2;0
79;2;0
80;2;0
81;2;0
82;2;0
83;2;0
84;2;0
85;2;0
86;2;0
87;2;0
88;2;0
89;2;0
90;2;0
91;2;0
92;2;0
93;2;0
94;2;0
95;2;0
96;2;0
97;2;0
98;2;0
99;2;0
0;3;0
1;3;0
2;3;0
3;3;0
4;3;0
5;3;0
6;3;0
7;3;0
8;3;0
9;3;0
10;3;0
11;3;0
12;3;0
13;3;0
14;3;0
15;3;0
16;3;0
17;3;0
18;3;0
19;3;0
20;3;0
21;3;0
22;3;0
23;3;0
24;3;0
25;3;0
26;3;0
27;3;0
28;3;0
29;3;0
30;3;0
31;3;0
32;3;0
33;3;0
34;3;0
35;3;0
36;3;0
37;3;0
38;3;0
39;3;0
40;3;0
41;3;0
42;3;0
43;3;0
44;3;0
45;3;0
46;3;0
47;3;0
48;3;0
49;3;0
50;3;0
51;3;0
52;3;0
53;3;0
54;3;0
55;3;0
56;3;0
57;3;0
58;3;0
59;3;0
60;3;0
61;3;0
62;3;0
63;3;0
64;3;0
65;3;0
66;3;0
67;3;0
68;3;0
69;3;0
70;3;0
71;3;0
72;3;0
73;3;0
74;3;0
75;3;0
76;3;0
77;3;0
78;3;0
79;3;0
80;3;0
81;3;0
82;3;0
83;3;0
84;3;0
85;3;0
86;3;0
87;3;0
88;3;0
89;3;0
90;3;0
91;3;0
92;3;0
93;3;0
94;3;0
95;3;0
96;3;0
97;3;0
98;3;0
99;3;0
0;4;0
1;4;0
2;4;0
3;4;0
4;4;0
5;4;0
6;4;0
7;4;0
8;4;0
9;4;0
10;4;0
11;4;0
12;4;0
13;4;0
14;4;0
15;4;0
16;4;0
17;4;0
18;4;0
19;4;0
20;4;0
21;4;0
22;4;0
23;4;0
24;4;0
25;4;0
26;4;0
27;4;0
28;4;0
29;4;0
30;4;0
31;4;0
32;4;0
33;4;0
34;4;0
35;4;0
36;4;0
37;4;0
38;4;0
39;4;0
40;4;0
41;4;0
42;4;0
43;4;0
44;4;0
45;4;0
46;4;0
47;4;0
48;4;0
49;4;0
50;4;0
51;4;0
52;4;0
53;4;0
54;4;0
55;4;0
56;4;0
57;4;0
58;4;0
59;4;0
60;4;0
61;4;0
62;4;0
63;4;0
64;4;0
65;4;0
66;4;0
67;4;0
68;4;0
69;4;0
70;4;0
71;4;0
72;4;0
73;4;0
74;4;0
75;4;0
76;4;0
77;4;0
78;4;0
79;4;0
80;4;0
81;4;0
82;4;0
83;4;0
84;4;0
85;4;0
86;4;0
87;4;0
88;4;0
89;4;0
90;4;0
91;4;0
92;4;0
93;4;0
94;4;0
95;4;0
96;4;0
97;4;0
98;4;0
99;4;0
0;5;0
1;5;0
2;5;0
3;5;0
4;5;0
5;5;0
6;5;0
7;5;0
8;5;0
9;5;0
10;5;0
11;5;0
12;5;0
13;5;0
14;5;0
15;5;0
16;5;0
17;5;0
18;5;0
19;5;0
20;5;0
21;5;0
22;5;0
23;5;0
24;5;0
25;5;0
26;5;0
27;5;0
28;5;0
29;5;0
30;5;0
31;5;0
32;5;0
33;5;0
34;5;0
35;5;0
36;5;0
37;5;0
38;5;0
39;5;0
40;5;0
41;5;0
42;5;0
43;5;0
44;5;0
45;5;0
46;5;0
47;5;0
48;5;0
49;5;0
50;5;0
51;5;0
52;5;0
53;5;0
54;5;0
55;5;0
56;5;0
57;5;0
58;5;0
59;5;0
60;5;0
61;5;0
62;5;0
63;5;0
64;5;0
65;5;0
66;5;0
67;5;0
68;5;0
69;5;0
70;5;0
71;5;0
72;5;0
73;5;0
74;5;0
75;5;0
76;5;0
77;5;0
78;5;0
79;5;0
80;5;0
81;5;0
82;5;0
83;5;0
84;5;0
85;5;0
86;5;0
87;5;0
88;5;0
89;5;0
90;5;0
91;5;0
92;5;0
93;5;0
94;5;0
95;5;0
96;5;0
97;5;0
98;5;0
99;5;0
0;6;0
1;6;0
2;6;0
3;6;0
4;6;0
5;6;0
6;6;0
7;6;0
8;6;0
9;6;0
10;6;0
11;6;0
12;6;0
13;6;0
14;6;0
15;6;0
16;6;0
17;6;0
18;6;0
19;6;0
20;6;0
21;6;0
22;6;0
23;6;0
24;6;0
25;6;0
26;6;0
27;6;0
28;6;0
29;6;0
30;6;0
31;6;0
32;6;0
33;6;0
34;6;0
35;6;0
36;6;0
37;6;0
38;6;0
39;6;0
40;6;0
41;6;0
42;6;0
43;6;0
44;6;0
45;6;0
46;6;0
47;6;0
48;6;0
49;6;0
50;6;0
51;6;0
52;6;0
53;6;0
54;6;0
55;6;0
56;6;0
57;6;0
58;6;0
59;6;0
60;6;0
61;6;0
62;6;0
63;6;0
64;6;0
65;6;0
66;6;0
67;6;0
68;6;0
69;6;0
70;6;0
71;6;0
72;6;0
73;6;0
74;6;0
75;6;0
76;6;0
77;6;0
78;6;0
79;6;0
80;6;0
81;6;0
82;6;0
83;6;0
84;6;0
85;6;0
86;6;0
87;6;0
88;6;0
89;6;0
90;6;0
91;6;0
92;6;0
93;6;0
94;6;0
95;6;0
96;6;0
97;6;0
98;6;0
99;6;0
0;7;0
1;7;0
2;7;0
3;7;0
4;7;0
5;7;0
6;7;0
7;7;0
8;7;0
9;7;0
10;7;0
11;7;0
12;7;0
13;7;0
14;7;0
15;7;0
16;7;0
17;7;0
18;7;0
19;7;0
20;7;0
21;7;0
22;7;0
23;7;0
24;7;0
25;7;0
26;7;0
27;7;0
28;7;0
29;7;0
30;7;0
31;7;0
32;7;0
33;7;0
34;7;0
35;7;0
36;7;0
37;7;0
38;7;0
39;7;0
40;7;0
41;7;0
42;7;0
43;7;0
44;7;0
45;7;0
46;7;0
47;7;0
48;7;0
49;7;0
50;7;0
51;7;0
52;7;0
53;7;0
54;7;0
55;7;0
56;7;0
57;7;0
58;7;0
59;7;0
60;7;0
61;7;0
62;7;0
63;7;0
64;7;0
65;7;0
66;7;0
67;7;0
68;7;0
69;7;0
70;7;0
71;7;0
72;7;0
73;7;0
74;7;0
75;7;0
76;7;0
77;7;0
78;7;0
79;7;0
80;7;0
81;7;0
82;7;0
83;7;0
84;7;0
85;7;0
86;7;0
87;7;0
88;7;0
89;7;0
90;7;0
91;7;0
92;7;0
93;7;0
94;7;0
95;7;0
96;7;0
97;7;0
98;7;0
99;7;0
0;8;0
1;8;0
2;8;0
3;8;0
4;8;0
5;8;0
6;8;0
7;8;0
8;8;0
9;8;0
10;8;0
11;8;0
12;8;0
13;8;0
14;8;0
15;8;0
16;8;0
17;8;0
18;8;0
19;8;0
20;8;0
21;8;0
22;8;0
23;8;0
24;8;0
25;8;0
26;8;0
27;8;0
28;8;0
29;8;0
30;8;0
31;8;0
32;8;0
33;8;0
34;8;0
35;8;0
36;8;0
37;8;0
38;8;0
39;8;0
40;8;0
41;8;0
42;8;0
43;8;0
44;8;0
45;8;0
46;8;0
47;8;0
48;8;0
49;8;0
50;8;0
51;8;0
52;8;0
53;8;0
54;8;0
55;8;0
56;8;0
57;8;0
58;8;0
59;8;0
60;8;0
61;8;0
62;8;0
63;8;0
64;8;0
65;8;0
66;8;0
67;8;0
68;8;0
69;8;0
70;8;0
71;8;0
72;8;0
73;8;0
74;8;0
75;8;0
76;8;0
77;8;0
78;8;0
79;8;0
80;8;0
81;8;0
82;8;0
83;8;0
84;8;0
85;8;0
86;8;0
87;8;0
88;8;0
89;8;0
90;8;0
91;8;0
92;8;0
93;8;0
94;8;0
95;8;0
96;8;0
97;8;0
98;8;0
99;8;0
0;9;0
1;9;0
2;9;0
3;9;0
4;9;0
5;9;0
6;9;0
7;9;0
8;9;0
9;9;0
10;9;0
11;9;0
12;9;0
13;9;0
14;9;0
15;9;0
16;9;0
17;9;0
18;9;0
19;9;0
20;9;0
21;9;0
22;9;0
23;9;0
24;9;0
25;9;0
26;9;0
27;9;0
28;9;0
29;9;0
30;9;0
31;9;0
32;9;0
33;9;0
34;9;0
35;9;0
36;9;0
37;9;0
38;9;0
39;9;0
40;9;0
41;9;0
42;9;0
43;9;0
44;9;0
45;9;0
46;9;0
47;9;0
48;9;0
49;9;0
50;9;0
51;9;0
52;9;0
53;9;0
54;9;0
55;9;0
56;9;0
57;9;0
58;9;0
59;9;0
60;9;0
61;9;0
62;9;0
63;9;0
64;9;0
65;9;0
66;9;0
67;9;0
68;9;0
69;9;0
70;9;0
71;9;0
72;9;0
73;9;0
74;9;0
75;9;0
76;9;0
77;9;0
78;9;0
79;9;0
80;9;0
81;9;0
82;9;0
83;9;0
84;9;0
85;9;0
86;9;0
87;9;0
88;9;0
89;9;0
90;9;0
91;9;0
92;9;0
93;9;0
94;9;0
95;9;0
96;9;0
97;9;0
98;9;0
99;9;0
0;10;0
1;10;0
2;10;0
3;10;0
4;10;0
5;10;0
6;10;0
7;10;0
8;10;0
9;10;0
10;10;0
11;10;0
12;10;0
13;10;0
14;10;0
15;10;0
16;10;0
17;10;0
18;10;0
19;10;0
20;10;0
21;10;0
22;10;0
23;10;0
24;10;0
25;10;0
26;10;0
27;10;0
28;10;0
29;10;0
30;10;0
31;10;0
32;10;0
33;10;0
34;10;0
35;10;0
36;10;0
37;10;0
38;10;0
39;10;0
40;10;0
41;10;0
42;10;0
43;10;0
44;10;0
45;10;0
46;10;0
47;10;0
48;10;0
49;10;0
50;10;0
51;10;0
52;10;0
53;10;0
54;10;0
55;10;0
56;10;0
57;10;0
58;10;0
59;10;0
60;10;0
61;10;0
62;10;0
63;10;2
64;10;2
65;10;2
66;10;2
67;10;2
68;10;2
69;10;2
70;10;2
71;10;2
72;10;2
73;10;2
74;10;2
75;10;2
76;10;2
77;10;2
78;10;2
79;10;2
80;10;2
81;10;2
82;10;2
83;10;2
84;10;2
85;10;2
86;10;2
87;10;2
88;10;2
89;10;2
90;10;2
91;10;0
92;10;0
93;10;0
94;10;0
95;10;0
96;10;0
97;10;0
98;10;0
99;10;0
0;11;0
1;11;0
2;11;0
3;11;0
4;11;0
5;11;0
6;11;0
7;11;0
8;11;0
9;11;0
10;11;0
11;11;0
12;11;0
13;11;0
14;11;0
15;11;0
16;11;0
17;11;0
18;11;0
19;11;0
20;11;0
21;11;0
22;11;0
23;11;0
24;11;0
25;11;0
26;11;0
27;11;0
28;11;0
29;11;0
30;11;0
31;11;0
32;11;0
33;11;0
34;11;0
35;11;0
36;11;0
37;11;0
38;11;0
39;11;0
40;11;0
41;11;0
42;11;0
43;11;0
44;11;0
45;11;0
46;11;0
47;11;0
48;11;0
49;11;0
50;11;0
51;11;0
52;11;0
53;11;0
54;11;0
55;11;0
56;11;0
57;11;0
58;11;0
59;11;0
60;11;0
61;11;0
62;11;42
63;11;2
64;11;2
65;11;2
66;11;2
67;11;2
68;11;2
69;11;2
70;11;2
71;11;2
72;11;2
73;11;2
74;11;2
75;11;2
76;11;2
77;11;2
78;11;2
79;11;2
80;11;2
81;11;2
82;11;2
83;11;2
84;11;2
85;11;2
86;11;2
87;11;2
88;11;2
89;11;2
90;11;2
91;11;0
92;11;0
93;11;0
94;11;0
95;11;0
96;11;0
97;11;0
98;11;0
99;11;0
0;12;0
1;12;0
2;12;0
3;12;0
4;12;0
5;12;0
6;12;0
7;12;0
8;12;0
9;12;0
10;12;0
11;12;0
12;12;0
13;12;0
14;12;0
15;12;0
16;12;0
17;12;0
18;12;0
19;12;0
20;12;0
21;12;0
22;12;0
23;12;0
24;12;0
25;12;0
26;12;0
27;12;0
28;12;0
29;12;0
30;12;0
31;12;0
32;12;0
33;12;0
34;12;0
35;12;0
36;12;0
37;12;0
38;12;0
39;12;0
40;12;0
41;12;0
42;12;0
43;12;0
44;12;0
45;12;0
46;12;0
47;12;0
48;12;0
49;12;0
50;12;0
51;12;0
52;12;0
53;12;0
54;12;0
55;12;0
56;12;0
57;12;0
58;12;0
59;12;0
60;12;0
61;12;0
62;12;42
63;12;2
64;12;2
65;12;2
66;12;2
67;12;2
68;12;2
69;12;2
70;12;2
71;12;2
72;12;2
73;12;2
74;12;2
75;12;2
76;12;2
77;12;2
78;12;2
79;12;2
80;12;2
81;12;2
82;12;2
83;12;2
84;12;2
85;12;2
86;12;2
87;12;2
88;12;2
89;12;2
90;12;2
91;12;0
92;12;0
93;12;0
94;12;0
95;12;0
96;12;0
97;12;0
98;12;0
99;12;0
0;13;0
1;13;0
2;13;0
3;13;0
4;13;0
5;13;0
6;13;0
7;13;0
8;13;0
9;13;0
10;13;0
11;13;0
12;13;0
13;13;0
14;13;0
15;13;0
16;13;0
17;13;0
18;13;0
19;13;0
20;13;0
21;13;0
22;13;0
23;13;0
24;13;0
25;13;0
26;13;0
27;13;0
28;13;0
29;13;0
30;13;0
31;13;0
32;13;0
33;13;0
34;13;0
35;13;0
36;13;0
37;13;0
38;13;0
39;13;0
40;13;0
41;13;0
42;13;0
43;13;0
44;13;0
45;13;0
46;13;0
47;13;0
48;13;0
49;13;0
50;13;0
51;13;0
52;13;0
53;13;0
54;13;0
55;13;0
56;13;0
57;13;0
58;13;0
59;13;0
60;13;0
61;13;0
62;13;42
63;13;2
64;13;2
65;13;2
66;13;2
67;13;2
68;13;2
69;13;2
70;13;2
71;13;2
72;13;2
73;13;2
74;13;2
75;13;2
76;13;2
77;13;2
78;13;2
79;13;2
80;13;2
81;13;2
82;13;2
83;13;2
84;13;2
85;13;2
86;13;2
87;13;2
88;13;2
89;13;2
90;13;2
91;13;0
92;13;0
93;13;0
94;13;0
95;13;0
96;13;0
97;13;0
98;13;0
99;13;0
0;14;0
1;14;0
2;14;0
3;14;0
4;14;0
5;14;0
6;14;0
7;14;0
8;14;0
9;14;0
10;14;0
11;14;0
12;14;0
13;14;0
14;14;0
15;14;0
16;14;0
17;14;0
18;14;0
19;14;0
20;14;0
21;14;0
22;14;0
23;14;0
24;14;0
25;14;0
26;14;0
27;14;0
28;14;0
29;14;0
30;14;0
31;14;0
32;14;0
33;14;0
34;14;0
35;14;0
36;14;0
37;14;0
38;14;0
39;14;0
40;14;0
41;14;0
42;14;0
43;14;0
44;14;0
45;14;0
46;14;0
47;14;0
48;14;0
49;14;0
50;14;0
51;14;0
52;14;0
53;14;0
54;14;0
55;14;0
56;14;0
57;14;0
58;14;0
59;14;0
60;14;0
61;14;0
62;14;42
63;14;2
64;14;2
65;14;6626
66;14;5602
67;14;2
68;14;2
69;14;2
70;14;2
71;14;2
72;14;2
73;14;2
74;14;2
75;14;2
76;14;2
77;14;2
78;14;2
79;14;2
80;14;2
81;14;2
82;14;2
83;14;2
84;14;2
85;14;2
86;14;2
87;14;2
88;14;2
89;14;2
90;14;2
91;14;0
92;14;0
93;14;0
94;14;0
95;14;0
96;14;0
97;14;0
98;14;0
99;14;0
0;15;0
1;15;0
2;15;0
3;15;0
4;15;0
5;15;0
6;15;0
7;15;0
8;15;0
9;15;0
10;15;0
11;15;0
12;15;0
13;15;0
14;15;0
15;15;0
16;15;0
17;15;0
18;15;0
19;15;0
20;15;0
21;15;0
22;15;0
23;15;0
24;15;0
25;15;0
26;15;0
27;15;0
28;15;0
29;15;0
30;15;0
31;15;0
32;15;0
33;15;0
34;15;0
35;15;0
36;15;0
37;15;0
38;15;0
39;15;0
40;15;0
41;15;0
42;15;0
43;15;0
44;15;0
45;15;0
46;15;0
47;15;0
48;15;0
49;15;0
50;15;0
51;15;0
52;15;0
53;15;0
54;15;0
55;15;0
56;15;0
57;15;0
58;15;0
59;15;0
60;15;0
61;15;0
62;15;42
63;15;2
64;15;8674
65;15;15
66;15;15
67;15;4578
68;15;2
69;15;2
70;15;2
71;15;2
72;15;2
73;15;55
74;15;55
75;15;55
76;15;55
77;15;55
78;15;55
79;15;55
80;15;55
81;15;55
82;15;55
83;15;55
84;15;55
85;15;2
86;15;2
87;15;2
88;15;2
89;15;2
90;15;2
91;15;0
92;15;0
93;15;0
94;15;0
95;15;0
96;15;0
97;15;0
98;15;0
99;15;0
0;16;0
1;16;0
2;16;0
3;16;0
4;16;0
5;16;0
6;16;0
7;16;0
8;16;0
9;16;0
10;16;0
11;16;0
12;16;0
13;16;0
14;16;0
15;16;0
16;16;0
17;16;0
18;16;0
19;16;0
20;16;0
21;16;0
22;16;0
23;16;0
24;16;0
25;16;0
26;16;0
27;16;0
28;16;0
29;16;0
30;16;0
31;16;0
32;16;0
33;16;0
34;16;0
35;16;0
36;16;0
37;16;0
38;16;0
39;16;0
40;16;0
41;16;0
42;16;0
43;16;0
44;16;0
45;16;0
46;16;0
47;16;0
48;16;0
49;16;0
50;16;0
51;16;0
52;16;0
53;16;0
54;16;0
55;16;0
56;16;0
57;16;0
58;16;0
59;16;0
60;16;0
61;16;0
62;16;42
63;16;2
64;16;12770
65;16;15
66;16;15
67;16;10722
68;16;2
69;16;2
70;16;2
71;16;2
72;16;2
73;16;55
74;16;55
75;16;55
76;16;55
77;16;55
78;16;55
79;16;55
80;16;55
81;16;55
82;16;55
83;16;55
84;16;55
85;16;2
86;16;2
87;16;2
88;16;2
89;16;2
90;16;2
91;16;0
92;16;0
93;16;0
94;16;0
95;16;0
96;16;0
97;16;0
98;16;0
99;16;0
0;17;0
1;17;0
2;17;0
3;17;0
4;17;0
5;17;0
6;17;0
7;17;0
8;17;0
9;17;0
10;17;0
11;17;0
12;17;0
13;17;0
14;17;0
15;17;0
16;17;0
17;17;0
18;17;0
19;17;0
20;17;0
21;17;0
22;17;0
23;17;0
24;17;0
25;17;0
26;17;0
27;17;0
28;17;0
29;17;0
30;17;0
31;17;0
32;17;0
33;17;0
34;17;0
35;17;0
36;17;0
37;17;0
38;17;0
39;17;0
40;17;0
41;17;0
42;17;0
43;17;0
44;17;0
45;17;0
46;17;0
47;17;0
48;17;0
49;17;0
50;17;0
51;17;0
52;17;0
53;17;0
54;17;0
55;17;0
56;17;0
57;17;0
58;17;0
59;17;0
60;17;0
61;17;0
62;17;42
63;17;2
64;17;12770
65;17;15
66;17;15
67;17;10722
68;17;2
69;17;2
70;17;2
71;17;2
72;17;2
73;17;55
74;17;55
75;17;55
76;17;55
77;17;55
78;17;55
79;17;55
80;17;55
81;17;55
82;17;55
83;17;55
84;17;55
85;17;2
86;17;2
87;17;2
88;17;2
89;17;2
90;17;2
91;17;0
92;17;0
93;17;0
94;17;0
95;17;0
96;17;0
97;17;0
98;17;0
99;17;0
0;18;0
1;18;0
2;18;0
3;18;0
4;18;0
5;18;0
6;18;0
7;18;0
8;18;0
9;18;0
10;18;0
11;18;0
12;18;0
13;18;0
14;18;0
15;18;0
16;18;0
17;18;0
18;18;0
19;18;0
20;18;0
21;18;0
22;18;0
23;18;0
24;18;0
25;18;0
26;18;0
27;18;0
28;18;0
29;18;0
30;18;0
31;18;0
32;18;0
33;18;0
34;18;0
35;18;0
36;18;0
37;18;0
38;18;0
39;18;0
40;18;0
41;18;0
42;18;0
43;18;0
44;18;0
45;18;0
46;18;0
47;18;0
48;18;0
49;18;0
50;18;0
51;18;0
52;18;0
53;18;0
54;18;0
55;18;0
56;18;0
57;18;0
58;18;0
59;18;0
60;18;0
61;18;0
62;18;42
63;18;2
64;18;7650
65;18;15
66;18;15
67;18;20962
68;18;2
69;18;2
70;18;2
71;18;2
72;18;2
73;18;55
74;18;55
75;18;55
76;18;55
77;18;55
78;18;55
79;18;55
80;18;55
81;18;55
82;18;55
83;18;55
84;18;55
85;18;2
86;18;2
87;18;2
88;18;2
89;18;2
90;18;2
91;18;0
92;18;0
93;18;0
94;18;0
95;18;0
96;18;0
97;18;0
98;18;0
99;18;0
0;19;0
1;19;0
2;19;0
3;19;0
4;19;0
5;19;0
6;19;0
7;19;0
8;19;0
9;19;0
10;19;0
11;19;0
12;19;0
13;19;0
14;19;0
15;19;0
16;19;0
17;19;0
18;19;0
19;19;0
20;19;0
21;19;0
22;19;0
23;19;0
24;19;0
25;19;0
26;19;0
27;19;0
28;19;0
29;19;0
30;19;0
31;19;0
32;19;0
33;19;0
34;19;0
35;19;0
36;19;0
37;19;0
38;19;0
39;19;0
40;19;0
41;19;0
42;19;0
43;19;0
44;19;0
45;19;0
46;19;0
47;19;0
48;19;0
49;19;0
50;19;0
51;19;0
52;19;0
53;19;0
54;19;0
55;19;0
56;19;0
57;19;0
58;19;0
59;19;0
60;19;0
61;19;0
62;19;42
63;19;2
64;19;2
65;19;24034
66;19;15
67;19;15
68;19;15847
69;19;18503
70;19;2
71;19;2
72;19;13383
73;19;55
74;19;55
75;19;55
76;19;55
77;19;55
78;19;55
79;19;55
80;19;55
81;19;55
82;19;55
83;19;55
84;19;55
85;19;2
86;19;2
87;19;2
88;19;2
89;19;2
90;19;2
91;19;0
92;19;0
93;19;0
94;19;0
95;19;0
96;19;0
97;19;0
98;19;0
99;19;0
0;20;0
1;20;0
2;20;0
3;20;0
4;20;0
5;20;0
6;20;0
7;20;0
8;20;0
9;20;0
10;20;0
11;20;0
12;20;0
13;20;0
14;20;0
15;20;0
16;20;0
17;20;0
18;20;0
19;20;0
20;20;0
21;20;0
22;20;0
23;20;0
24;20;0
25;20;0
26;20;0
27;20;0
28;20;0
29;20;0
30;20;0
31;20;0
32;20;0
33;20;0
34;20;0
35;20;0
36;20;0
37;20;0
38;20;0
39;20;0
40;20;0
41;20;0
42;20;0
43;20;0
44;20;0
45;20;0
46;20;0
47;20;0
48;20;0
49;20;0
50;20;0
51;20;0
52;20;0
53;20;0
54;20;0
55;20;0
56;20;0
57;20;0
58;20;0
59;20;0
60;20;0
61;20;0
62;20;42
63;20;2
64;20;2
65;20;12770
66;20;15
67;20;15
68;20;15
69;20;7
70;20;2119
71;20;1095
72;20;7
73;20;55
74;20;55
75;20;55
76;20;55
77;20;55
78;20;55
79;20;55
80;20;55
81;20;55
82;20;55
83;20;55
84;20;55
85;20;2
86;20;2
87;20;2
88;20;2
89;20;2
90;20;2
91;20;0
92;20;0
93;20;0
94;20;0
95;20;0
96;20;0
97;20;0
98;20;0
99;20;0
0;21;0
1;21;0
2;21;0
3;21;0
4;21;0
5;21;0
6;21;0
7;21;0
8;21;0
9;21;0
10;21;0
11;21;0
12;21;0
13;21;0
14;21;0
15;21;0
16;21;0
17;21;0
18;21;0
19;21;0
20;21;0
21;21;0
22;21;0
23;21;0
24;21;0
25;21;0
26;21;0
27;21;0
28;21;0
29;21;0
30;21;0
31;21;0
32;21;0
33;21;0
34;21;0
35;21;0
36;21;0
37;21;0
38;21;0
39;21;0
40;21;0
41;21;0
42;21;0
43;21;0
44;21;0
45;21;0
46;21;0
47;21;0
48;21;0
49;21;0
50;21;0
51;21;0
52;21;0
53;21;0
54;21;0
55;21;0
56;21;0
57;21;0
58;21;0
59;21;0
60;21;0
61;21;0
62;21;42
63;21;2
64;21;2
65;21;7650
66;21;15
67;21;15
68;21;11335
69;21;11335
70;21;11335
71;21;11335
72;21;5191
73;21;55
74;21;55
75;21;55
76;21;55
77;21;55
78;21;55
79;21;55
80;21;55
81;21;55
82;21;55
83;21;55
84;21;55
85;21;2
86;21;2
87;21;2
88;21;2
89;21;2
90;21;2
91;21;0
92;21;0
93;21;0
94;21;0
95;21;0
96;21;0
97;21;0
98;21;0
99;21;0
0;22;0
1;22;0
2;22;0
3;22;0
4;22;0
5;22;0
6;22;0
7;22;0
8;22;0
9;22;0
10;22;0
11;22;0
12;22;0
13;22;0
14;22;0
15;22;0
16;22;0
17;22;0
18;22;0
19;22;0
20;22;0
21;22;0
22;22;0
23;22;0
24;22;0
25;22;0
26;22;0
27;22;0
28;22;0
29;22;0
30;22;0
31;22;0
32;22;0
33;22;0
34;22;0
35;22;0
36;22;0
37;22;0
38;22;0
39;22;0
40;22;0
41;22;0
42;22;0
43;22;0
44;22;0
45;22;0
46;22;0
47;22;0
48;22;0
49;22;0
50;22;0
51;22;0
52;22;0
53;22;0
54;22;0
55;22;0
56;22;0
57;22;0
58;22;0
59;22;0
60;22;0
61;22;0
62;22;42
63;22;2
64;22;2
65;22;2
66;22;2530
67;22;1506
68;22;2
69;22;2
70;22;2
71;22;2
72;22;2
73;22;55
74;22;55
75;22;55
76;22;55
77;22;55
78;22;55
79;22;55
80;22;55
81;22;55
82;22;55
83;22;55
84;22;55
85;22;2
86;22;2
87;22;2
88;22;2
89;22;2
90;22;2
91;22;0
92;22;0
93;22;0
94;22;0
95;22;0
96;22;0
97;22;0
98;22;0
99;22;0
0;23;0
1;23;0
2;23;0
3;23;0
4;23;0
5;23;0
6;23;0
7;23;0
8;23;42
9;23;42
10;23;42
11;23;42
12;23;42
13;23;42
14;23;42
15;23;42
16;23;42
17;23;42
18;23;42
19;23;42
20;23;42
21;23;42
22;23;42
23;23;42
24;23;42
25;23;42
26;23;42
27;23;42
28;23;42
29;23;42
30;23;0
31;23;0
32;23;0
33;23;0
34;23;0
35;23;0
36;23;0
37;23;0
38;23;0
39;23;0
40;23;0
41;23;0
42;23;0
43;23;0
44;23;0
45;23;0
46;23;0
47;23;0
48;23;0
49;23;0
50;23;0
51;23;0
52;23;0
53;23;0
54;23;0
55;23;0
56;23;0
57;23;0
58;23;0
59;23;0
60;23;0
61;23;0
62;23;42
63;23;42
64;23;42
65;23;42
66;23;42
67;23;42
68;23;42
69;23;42
70;23;42
71;23;2
72;23;2
73;23;55
74;23;55
75;23;55
76;23;55
77;23;55
78;23;55
79;23;55
80;23;55
81;23;55
82;23;55
83;23;55
84;23;55
85;23;2
86;23;2
87;23;2
88;23;2
89;23;2
90;23;2
91;23;0
92;23;0
93;23;0
94;23;0
95;23;0
96;23;0
97;23;0
98;23;0
99;23;0
0;24;0
1;24;0
2;24;0
3;24;0
4;24;0
5;24;0
6;24;0
7;24;0
8;24;42
9;24;7
10;24;7
11;24;7
12;24;7
13;24;7
14;24;7
15;24;7
16;24;7
17;24;7
18;24;7
19;24;7
20;24;7
21;24;7
22;24;7
23;24;7
24;24;7
25;24;7
26;24;42
27;24;2
28;24;2
29;24;42
30;24;0
31;24;0
32;24;0
33;24;0
34;24;0
35;24;0
36;24;0
37;24;0
38;24;0
39;24;0
40;24;0
41;24;0
42;24;0
43;24;0
44;24;0
45;24;0
46;24;0
47;24;0
48;24;0
49;24;0
50;24;0
51;24;0
52;24;0
53;24;0
54;24;0
55;24;0
56;24;0
57;24;0
58;24;0
59;24;0
60;24;0
61;24;0
62;24;0
63;24;0
64;24;0
65;24;0
66;24;0
67;24;0
68;24;0
69;24;0
70;24;42
71;24;2
72;24;2
73;24;55
74;24;55
75;24;55
76;24;55
77;24;55
78;24;55
79;24;55
80;24;55
81;24;55
82;24;55
83;24;55
84;24;55
85;24;2
86;24;2
87;24;2
88;24;2
89;24;2
90;24;2
91;24;0
92;24;0
93;24;0
94;24;0
95;24;0
96;24;0
97;24;0
98;24;0
99;24;0
0;25;0
1;25;0
2;25;0
3;25;0
4;25;0
5;25;0
6;25;0
7;25;0
8;25;42
9;25;7
10;25;7
11;25;7
12;25;7
13;25;7
14;25;7
15;25;7
16;25;7
17;25;7
18;25;7
19;25;7
20;25;7
21;25;7
22;25;7
23;25;7
24;25;7
25;25;7
26;25;42
27;25;2
28;25;2
29;25;42
30;25;0
31;25;0
32;25;0
33;25;0
34;25;0
35;25;0
36;25;0
37;25;0
38;25;0
39;25;0
40;25;0
41;25;0
42;25;0
43;25;0
44;25;0
45;25;0
46;25;0
47;25;0
48;25;0
49;25;0
50;25;0
51;25;0
52;25;0
53;25;0
54;25;0
55;25;0
56;25;0
57;25;0
58;25;0
59;25;0
60;25;0
61;25;0
62;25;0
63;25;0
64;25;0
65;25;0
66;25;0
67;25;0
68;25;0
69;25;0
70;25;42
71;25;2
72;25;2
73;25;2
74;25;2
75;25;2
76;25;2
77;25;2
78;25;2
79;25;2
80;25;2
81;25;2
82;25;2
83;25;2
84;25;2
85;25;2
86;25;2
87;25;2
88;25;2
89;25;2
90;25;2
91;25;0
92;25;0
93;25;0
94;25;0
95;25;0
96;25;0
97;25;0
98;25;0
99;25;0
0;26;0
1;26;0
2;26;0
3;26;0
4;26;0
5;26;0
6;26;0
7;26;0
8;26;42
9;26;7
10;26;7
11;26;7
12;26;7
13;26;7
14;26;7
15;26;7
16;26;7
17;26;7
18;26;7
19;26;7
20;26;7
21;26;7
22;26;7
23;26;7
24;26;7
25;26;7
26;26;42
27;26;2
28;26;2
29;26;42
30;26;0
31;26;0
32;26;0
33;26;0
34;26;0
35;26;0
36;26;0
37;26;0
38;26;0
39;26;0
40;26;0
41;26;0
42;26;0
43;26;0
44;26;0
45;26;0
46;26;0
47;26;0
48;26;0
49;26;0
50;26;0
51;26;0
52;26;0
53;26;0
54;26;0
55;26;0
56;26;0
57;26;0
58;26;0
59;26;0
60;26;0
61;26;0
62;26;0
63;26;0
64;26;0
65;26;0
66;26;0
67;26;0
68;26;0
69;26;0
70;26;42
71;26;2
72;26;2
73;26;2
74;26;2
75;26;2
76;26;2
77;26;2
78;26;2
79;26;2
80;26;2
81;26;2
82;26;2
83;26;2
84;26;2
85;26;2
86;26;2
87;26;2
88;26;2
89;26;2
90;26;2
91;26;0
92;26;0
93;26;0
94;26;0
95;26;0
96;26;0
97;26;0
98;26;0
99;26;0
0;27;0
1;27;0
2;27;0
3;27;0
4;27;0
5;27;0
6;27;0
7;27;0
8;27;42
9;27;7
10;27;7
11;27;7
12;27;7
13;27;7
14;27;7
15;27;7
16;27;7
17;27;7
18;27;7
19;27;7
20;27;7
21;27;7
22;27;7
23;27;7
24;27;7
25;27;7
26;27;42
27;27;2
28;27;2
29;27;42
30;27;0
31;27;0
32;27;0
33;27;0
34;27;0
35;27;0
36;27;0
37;27;0
38;27;0
39;27;0
40;27;0
41;27;0
42;27;0
43;27;0
44;27;0
45;27;0
46;27;0
47;27;0
48;27;0
49;27;0
50;27;0
51;27;0
52;27;0
53;27;0
54;27;0
55;27;0
56;27;0
57;27;0
58;27;0
59;27;0
60;27;0
61;27;0
62;27;0
63;27;0
64;27;0
65;27;0
66;27;0
67;27;0
68;27;0
69;27;0
70;27;42
71;27;2
72;27;2
73;27;2
74;27;2
75;27;2
76;27;2
77;27;2
78;27;2
79;27;2
80;27;2
81;27;2
82;27;2
83;27;2
84;27;2
85;27;2
86;27;2
87;27;2
88;27;2
89;27;2
90;27;2
91;27;0
92;27;0
93;27;0
94;27;0
95;27;0
96;27;0
97;27;0
98;27;0
99;27;0
0;28;0
1;28;0
2;28;0
3;28;0
4;28;0
5;28;0
6;28;0
7;28;0
8;28;42
9;28;7
10;28;7
11;28;7
12;28;7
13;28;7
14;28;7
15;28;7
16;28;7
17;28;7
18;28;7
19;28;7
20;28;7
21;28;7
22;28;7
23;28;7
24;28;7
25;28;7
26;28;42
27;28;2
28;28;2
29;28;42
30;28;0
31;28;0
32;28;0
33;28;0
34;28;0
35;28;0
36;28;0
37;28;0
38;28;0
39;28;0
40;28;0
41;28;0
42;28;0
43;28;0
44;28;0
45;28;0
46;28;0
47;28;0
48;28;0
49;28;0
50;28;0
51;28;0
52;28;0
53;28;0
54;28;0
55;28;0
56;28;0
57;28;0
58;28;0
59;28;0
60;28;0
61;28;0
62;28;0
63;28;0
64;28;0
65;28;0
66;28;0
67;28;0
68;28;0
69;28;0
70;28;42
71;28;2
72;28;2
73;28;2
74;28;2
75;28;2
76;28;2
77;28;2
78;28;2
79;28;2
80;28;2
81;28;2
82;28;2
83;28;2
84;28;2
85;28;2
86;28;2
87;28;2
88;28;2
89;28;2
90;28;2
91;28;0
92;28;0
93;28;0
94;28;0
95;28;0
96;28;0
97;28;0
98;28;0
99;28;0
0;29;0
1;29;0
2;29;0
3;29;0
4;29;0
5;29;0
6;29;0
7;29;0
8;29;42
9;29;7
10;29;7
11;29;7
12;29;7
13;29;7
14;29;7
15;29;7
16;29;7
17;29;7
18;29;7
19;29;7
20;29;7
21;29;7
22;29;7
23;29;7
24;29;7
25;29;7
26;29;42
27;29;2
28;29;2
29;29;42
30;29;0
31;29;0
32;29;0
33;29;0
34;29;0
35;29;0
36;29;0
37;29;0
38;29;0
39;29;0
40;29;0
41;29;0
42;29;0
43;29;0
44;29;0
45;29;0
46;29;0
47;29;0
48;29;0
49;29;0
50;29;0
51;29;0
52;29;0
53;29;0
54;29;0
55;29;0
56;29;0
57;29;0
58;29;0
59;29;0
60;29;0
61;29;0
62;29;0
63;29;0
64;29;0
65;29;0
66;29;0
67;29;0
68;29;0
69;29;0
70;29;42
71;29;42
72;29;42
73;29;42
74;29;42
75;29;42
76;29;42
77;29;42
78;29;42
79;29;42
80;29;42
81;29;42
82;29;42
83;29;42
84;29;42
85;29;42
86;29;42
87;29;42
88;29;42
89;29;42
90;29;42
91;29;0
92;29;0
93;29;0
94;29;0
95;29;0
96;29;0
97;29;0
98;29;0
99;29;0
0;30;0
1;30;0
2;30;0
3;30;0
4;30;0
5;30;0
6;30;0
7;30;0
8;30;42
9;30;7
10;30;7
11;30;7
12;30;7
13;30;7
14;30;7
15;30;7
16;30;7
17;30;7
18;30;7
19;30;7
20;30;7
21;30;7
22;30;7
23;30;7
24;30;7
25;30;7
26;30;42
27;30;2
28;30;2
29;30;42
30;30;0
31;30;0
32;30;0
33;30;0
34;30;0
35;30;0
36;30;0
37;30;0
38;30;0
39;30;0
40;30;0
41;30;0
42;30;0
43;30;0
44;30;0
45;30;0
46;30;0
47;30;0
48;30;0
49;30;0
50;30;0
51;30;0
52;30;0
53;30;0
54;30;0
55;30;0
56;30;0
57;30;0
58;30;0
59;30;0
60;30;0
61;30;0
62;30;0
63;30;0
64;30;0
65;30;0
66;30;0
67;30;0
68;30;0
69;30;0
70;30;0
71;30;0
72;30;0
73;30;0
74;30;0
75;30;0
76;30;0
77;30;0
78;30;0
79;30;0
80;30;0
81;30;0
82;30;0
83;30;0
84;30;0
85;30;0
86;30;0
87;30;0
88;30;0
89;30;0
90;30;0
91;30;0
92;30;0
93;30;0
94;30;0
95;30;0
96;30;0
97;30;0
98;30;0
99;30;0
0;31;0
1;31;0
2;31;0
3;31;0
4;31;0
5;31;0
6;31;0
7;31;0
8;31;42
9;31;7
10;31;7
11;31;7
12;31;7
13;31;7
14;31;7
15;31;7
16;31;7
17;31;7
18;31;7
19;31;7
20;31;7
21;31;7
22;31;7
23;31;7
24;31;7
25;31;7
26;31;42
27;31;2
28;31;2
29;31;42
30;31;0
31;31;0
32;31;0
33;31;0
34;31;0
35;31;0
36;31;0
37;31;0
38;31;0
39;31;0
40;31;0
41;31;0
42;31;0
43;31;0
44;31;0
45;31;0
46;31;0
47;31;0
48;31;0
49;31;0
50;31;0
51;31;0
52;31;0
53;31;0
54;31;0
55;31;0
56;31;0
57;31;0
58;31;0
59;31;0
60;31;0
61;31;0
62;31;0
63;31;0
64;31;0
65;31;0
66;31;0
67;31;0
68;31;0
69;31;0
70;31;0
71;31;0
72;31;0
73;31;0
74;31;0
75;31;0
76;31;0
77;31;0
78;31;0
79;31;0
80;31;0
81;31;0
82;31;0
83;31;0
84;31;0
85;31;0
86;31;0
87;31;0
88;31;0
89;31;0
90;31;0
91;31;0
92;31;0
93;31;0
94;31;0
95;31;0
96;31;0
97;31;0
98;31;0
99;31;0
0;32;0
1;32;0
2;32;0
3;32;0
4;32;0
5;32;0
6;32;0
7;32;0
8;32;42
9;32;42
10;32;42
11;32;42
12;32;42
13;32;42
14;32;42
15;32;11335
16;32;11335
17;32;11335
18;32;11335
19;32;42
20;32;42
21;32;42
22;32;42
23;32;42
24;32;42
25;32;42
26;32;42
27;32;2
28;32;2
29;32;42
30;32;0
31;32;0
32;32;0
33;32;0
34;32;0
35;32;0
36;32;0
37;32;0
38;32;0
39;32;0
40;32;0
41;32;0
42;32;0
43;32;0
44;32;0
45;32;0
46;32;0
47;32;0
48;32;0
49;32;0
50;32;0
51;32;0
52;32;0
53;32;0
54;32;0
55;32;0
56;32;0
57;32;0
58;32;0
59;32;0
60;32;0
61;32;0
62;32;0
63;32;0
64;32;0
65;32;0
66;32;0
67;32;0
68;32;0
69;32;0
70;32;0
71;32;0
72;32;0
73;32;0
74;32;0
75;32;0
76;32;0
77;32;0
78;32;0
79;32;0
80;32;0
81;32;0
82;32;0
83;32;0
84;32;0
85;32;0
86;32;0
87;32;0
88;32;0
89;32;0
90;32;0
91;32;0
92;32;0
93;32;0
94;32;0
95;32;0
96;32;0
97;32;0
98;32;0
99;32;0
0;33;0
1;33;0
2;33;0
3;33;0
4;33;0
5;33;0
6;33;0
7;33;0
8;33;42
9;33;2
10;33;2
11;33;2
12;33;2
13;33;2
14;33;2
15;33;2
16;33;2
17;33;2
18;33;2
19;33;2
20;33;2
21;33;2
22;33;2
23;33;2
24;33;2
25;33;2
26;33;2
27;33;2
28;33;2
29;33;42
30;33;0
31;33;0
32;33;0
33;33;0
34;33;0
35;33;0
36;33;0
37;33;0
38;33;0
39;33;0
40;33;0
41;33;0
42;33;0
43;33;0
44;33;0
45;33;0
46;33;0
47;33;0
48;33;0
49;33;0
50;33;0
51;33;0
52;33;0
53;33;0
54;33;0
55;33;0
56;33;0
57;33;0
58;33;0
59;33;0
60;33;0
61;33;0
62;33;0
63;33;0
64;33;0
65;33;0
66;33;0
67;33;0
68;33;0
69;33;0
70;33;0
71;33;0
72;33;0
73;33;0
74;33;0
75;33;0
76;33;0
77;33;0
78;33;0
79;33;0
80;33;0
81;33;0
82;33;0
83;33;0
84;33;0
85;33;0
86;33;0
87;33;0
88;33;0
89;33;0
90;33;0
91;33;0
92;33;0
93;33;0
94;33;0
95;33;0
96;33;0
97;33;0
98;33;0
99;33;0
0;34;0
1;34;0
2;34;0
3;34;0
4;34;0
5;34;0
6;34;0
7;34;0
8;34;42
9;34;2
10;34;2
11;34;2
12;34;2
13;34;2
14;34;2
15;34;2
16;34;2
17;34;2
18;34;2
19;34;2
20;34;2
21;34;2
22;34;2
23;34;2
24;34;2
25;34;2
26;34;2
27;34;2
28;34;2
29;34;42
30;34;0
31;34;0
32;34;0
33;34;0
34;34;0
35;34;0
36;34;0
37;34;0
38;34;0
39;34;0
40;34;0
41;34;0
42;34;0
43;34;0
44;34;0
45;34;0
46;34;0
47;34;0
48;34;0
49;34;0
50;34;0
51;34;0
52;34;0
53;34;0
54;34;0
55;34;0
56;34;0
57;34;0
58;34;0
59;34;0
60;34;0
61;34;0
62;34;0
63;34;0
64;34;0
65;34;0
66;34;0
67;34;0
68;34;0
69;34;0
70;34;0
71;34;0
72;34;0
73;34;0
74;34;0
75;34;0
76;34;0
77;34;0
78;34;0
79;34;0
80;34;0
81;34;0
82;34;0
83;34;0
84;34;0
85;34;0
86;34;0
87;34;0
88;34;0
89;34;0
90;34;0
91;34;0
92;34;0
93;34;0
94;34;0
95;34;0
96;34;0
97;34;0
98;34;0
99;34;0
0;35;0
1;35;0
2;35;0
3;35;0
4;35;0
5;35;0
6;35;0
7;35;0
8;35;42
9;35;2
10;35;2
11;35;2
12;35;2
13;35;2
14;35;2
15;35;2
16;35;2
17;35;2
18;35;2
19;35;2
20;35;2
21;35;2
22;35;2
23;35;2
24;35;2
25;35;2
26;35;2
27;35;2
28;35;2
29;35;42
30;35;0
31;35;0
32;35;0
33;35;0
34;35;0
35;35;0
36;35;0
37;35;0
38;35;0
39;35;0
40;35;0
41;35;0
42;35;0
43;35;0
44;35;0
45;35;0
46;35;0
47;35;0
48;35;0
49;35;0
50;35;0
51;35;0
52;35;0
53;35;0
54;35;0
55;35;0
56;35;0
57;35;0
58;35;0
59;35;0
60;35;0
61;35;0
62;35;0
63;35;0
64;35;0
65;35;0
66;35;0
67;35;0
68;35;0
69;35;0
70;35;0
71;35;0
72;35;0
73;35;0
74;35;0
75;35;0
76;35;0
77;35;0
78;35;0
79;35;0
80;35;0
81;35;0
82;35;0
83;35;0
84;35;0
85;35;0
86;35;0
87;35;0
88;35;0
89;35;0
90;35;0
91;35;0
92;35;0
93;35;0
94;35;0
95;35;0
96;35;0
97;35;0
98;35;0
99;35;0
0;36;0
1;36;0
2;36;0
3;36;0
4;36;0
5;36;0
6;36;0
7;36;0
8;36;42
9;36;2
10;36;2
11;36;2
12;36;2
13;36;2
14;36;2
15;36;2
16;36;2
17;36;2
18;36;2
19;36;2
20;36;2
21;36;2
22;36;2
23;36;2
24;36;2
25;36;2
26;36;2
27;36;2
28;36;2
29;36;42
30;36;0
31;36;0
32;36;0
33;36;0
34;36;0
35;36;0
36;36;0
37;36;0
38;36;0
39;36;0
40;36;0
41;36;0
42;36;0
43;36;0
44;36;0
45;36;0
46;36;0
47;36;0
48;36;0
49;36;0
50;36;0
51;36;0
52;36;0
53;36;0
54;36;0
55;36;0
56;36;0
57;36;0
58;36;0
59;36;0
60;36;0
61;36;0
62;36;0
63;36;0
64;36;0
65;36;0
66;36;0
67;36;0
68;36;0
69;36;0
70;36;0
71;36;0
72;36;0
73;36;0
74;36;0
75;36;0
76;36;0
77;36;0
78;36;0
79;36;0
80;36;0
81;36;0
82;36;0
83;36;0
84;36;0
85;36;0
86;36;0
87;36;0
88;36;0
89;36;0
90;36;0
91;36;0
92;36;0
93;36;0
94;36;0
95;36;0
96;36;0
97;36;0
98;36;0
99;36;0
0;37;0
1;37;0
2;37;0
3;37;0
4;37;0
5;37;0
6;37;0
7;37;0
8;37;42
9;37;2
10;37;2
11;37;2
12;37;2
13;37;2
14;37;2
15;37;2
16;37;2
17;37;2
18;37;2
19;37;2
20;37;2
21;37;2
22;37;2
23;37;2
24;37;2
25;37;2
26;37;2
27;37;2
28;37;2
29;37;42
30;37;0
31;37;0
32;37;0
33;37;0
34;37;0
35;37;0
36;37;0
37;37;0
38;37;0
39;37;0
40;37;0
41;37;0
42;37;0
43;37;0
44;37;0
45;37;0
46;37;0
47;37;0
48;37;0
49;37;0
50;37;0
51;37;0
52;37;0
53;37;0
54;37;0
55;37;0
56;37;0
57;37;0
58;37;0
59;37;0
60;37;0
61;37;0
62;37;0
63;37;0
64;37;0
65;37;0
66;37;0
67;37;0
68;37;0
69;37;0
70;37;0
71;37;0
72;37;0
73;37;0
74;37;0
75;37;0
76;37;0
77;37;0
78;37;0
79;37;0
80;37;0
81;37;0
82;37;0
83;37;0
84;37;0
85;37;0
86;37;0
87;37;0
88;37;0
89;37;0
90;37;0
91;37;0
92;37;0
93;37;0
94;37;0
95;37;0
96;37;0
97;37;0
98;37;0
99;37;0
0;38;0
1;38;0
2;38;0
3;38;0
4;38;0
5;38;0
6;38;0
7;38;0
8;38;42
9;38;42
10;38;42
11;38;2
12;38;2
13;38;2
14;38;2
15;38;2
16;38;2
17;38;2
18;38;2
19;38;2
20;38;2
21;38;2
22;38;2
23;38;2
24;38;2
25;38;2
26;38;2
27;38;2
28;38;2
29;38;42
30;38;0
31;38;0
32;38;0
33;38;0
34;38;0
35;38;0
36;38;0
37;38;0
38;38;0
39;38;0
40;38;0
41;38;0
42;38;0
43;38;0
44;38;0
45;38;0
46;38;0
47;38;0
48;38;0
49;38;0
50;38;0
51;38;0
52;38;0
53;38;0
54;38;0
55;38;0
56;38;0
57;38;0
58;38;0
59;38;0
60;38;0
61;38;0
62;38;0
63;38;0
64;38;0
65;38;0
66;38;0
67;38;0
68;38;0
69;38;0
70;38;0
71;38;0
72;38;0
73;38;0
74;38;0
75;38;0
76;38;0
77;38;0
78;38;0
79;38;0
80;38;0
81;38;0
82;38;0
83;38;0
84;38;0
85;38;0
86;38;0
87;38;0
88;38;0
89;38;0
90;38;0
91;38;0
92;38;0
93;38;0
94;38;0
95;38;0
96;38;0
97;38;0
98;38;0
99;38;0
0;39;0
1;39;0
2;39;0
3;39;0
4;39;0
5;39;0
6;39;0
7;39;0
8;39;0
9;39;0
10;39;42
11;39;2
12;39;2
13;39;2
14;39;2
15;39;2
16;39;2
17;39;2
18;39;2
19;39;2
20;39;2
21;39;2
22;39;2
23;39;2
24;39;2
25;39;2
26;39;2
27;39;2
28;39;2
29;39;42
30;39;0
31;39;0
32;39;0
33;39;0
34;39;0
35;39;0
36;39;0
37;39;0
38;39;0
39;39;0
40;39;0
41;39;0
42;39;0
43;39;0
44;39;0
45;39;0
46;39;0
47;39;0
48;39;0
49;39;0
50;39;0
51;39;0
52;39;0
53;39;0
54;39;0
55;39;0
56;39;0
57;39;0
58;39;0
59;39;0
60;39;0
61;39;0
62;39;0
63;39;0
64;39;0
65;39;0
66;39;0
67;39;0
68;39;0
69;39;0
70;39;0
71;39;0
72;39;0
73;39;0
74;39;0
75;39;0
76;39;0
77;39;0
78;39;0
79;39;0
80;39;0
81;39;0
82;39;0
83;39;0
84;39;0
85;39;0
86;39;0
87;39;0
88;39;0
89;39;0
90;39;0
91;39;0
92;39;0
93;39;0
94;39;0
95;39;0
96;39;0
97;39;0
98;39;0
99;39;0
0;40;0
1;40;0
2;40;0
3;40;0
4;40;0
5;40;0
6;40;0
7;40;0
8;40;0
9;40;0
10;40;42
11;40;2
12;40;2
13;40;2
14;40;2
15;40;2
16;40;2
17;40;2
18;40;2
19;40;2
20;40;2
21;40;2
22;40;2
23;40;2
24;40;2
25;40;2
26;40;2
27;40;2
28;40;2
29;40;42
30;40;0
31;40;0
32;40;0
33;40;0
34;40;0
35;40;0
36;40;0
37;40;0
38;40;0
39;40;0
40;40;0
41;40;0
42;40;0
43;40;0
44;40;0
45;40;0
46;40;0
47;40;0
48;40;0
49;40;0
50;40;0
51;40;0
52;40;0
53;40;0
54;40;0
55;40;0
56;40;0
57;40;0
58;40;0
59;40;0
60;40;0
61;40;0
62;40;0
63;40;0
64;40;0
65;40;0
66;40;0
67;40;0
68;40;0
69;40;0
70;40;0
71;40;0
72;40;0
73;40;0
74;40;0
75;40;0
76;40;0
77;40;0
78;40;0
79;40;0
80;40;0
81;40;0
82;40;0
83;40;0
84;40;0
85;40;0
86;40;0
87;40;0
88;40;0
89;40;0
90;40;0
91;40;0
92;40;0
93;40;0
94;40;0
95;40;0
96;40;0
97;40;0
98;40;0
99;40;0
0;41;0
1;41;0
2;41;0
3;41;0
4;41;0
5;41;0
6;41;0
7;41;0
8;41;0
9;41;0
10;41;42
11;41;42
12;41;42
13;41;42
14;41;42
15;41;2
16;41;2
17;41;2
18;41;2
19;41;2
20;41;2
21;41;2
22;41;2
23;41;2
24;41;2
25;41;2
26;41;2
27;41;2
28;41;2
29;41;42
30;41;0
31;41;0
32;41;0
33;41;0
34;41;0
35;41;0
36;41;0
37;41;0
38;41;0
39;41;0
40;41;0
41;41;0
42;41;0
43;41;0
44;41;0
45;41;0
46;41;0
47;41;0
48;41;0
49;41;0
50;41;0
51;41;0
52;41;0
53;41;0
54;41;0
55;41;0
56;41;0
57;41;0
58;41;0
59;41;0
60;41;0
61;41;0
62;41;0
63;41;0
64;41;0
65;41;0
66;41;0
67;41;0
68;41;0
69;41;0
70;41;0
71;41;0
72;41;0
73;41;0
74;41;0
75;41;0
76;41;0
77;41;0
78;41;0
79;41;0
80;41;0
81;41;0
82;41;0
83;41;0
84;41;0
85;41;0
86;41;0
87;41;0
88;41;0
89;41;0
90;41;0
91;41;0
92;41;0
93;41;0
94;41;0
95;41;0
96;41;0
97;41;0
98;41;0
99;41;0
0;42;0
1;42;0
2;42;0
3;42;0
4;42;0
5;42;0
6;42;0
7;42;0
8;42;0
9;42;0
10;42;0
11;42;0
12;42;0
13;42;0
14;42;42
15;42;2
16;42;2
17;42;2
18;42;2
19;42;2
20;42;2
21;42;2
22;42;2
23;42;2
24;42;2
25;42;2
26;42;42
27;42;42
28;42;42
29;42;42
30;42;0
31;42;0
32;42;0
33;42;0
34;42;0
35;42;0
36;42;0
37;42;0
38;42;0
39;42;0
40;42;0
41;42;0
42;42;0
43;42;0
44;42;0
45;42;0
46;42;0
47;42;0
48;42;0
49;42;0
50;42;0
51;42;0
52;42;0
53;42;0
54;42;0
55;42;0
56;42;0
57;42;0
58;42;0
59;42;0
60;42;0
61;42;0
62;42;0
63;42;0
64;42;0
65;42;0
66;42;0
67;42;0
68;42;0
69;42;0
70;42;0
71;42;0
72;42;0
73;42;0
74;42;0
75;42;0
76;42;0
77;42;0
78;42;0
79;42;0
80;42;0
81;42;0
82;42;0
83;42;0
84;42;0
85;42;0
86;42;0
87;42;0
88;42;0
89;42;0
90;42;0
91;42;0
92;42;0
93;42;0
94;42;0
95;42;0
96;42;0
97;42;0
98;42;0
99;42;0
0;43;0
1;43;0
2;43;0
3;43;0
4;43;0
5;43;0
6;43;0
7;43;0
8;43;0
9;43;0
10;43;0
11;43;0
12;43;0
13;43;0
14;43;42
15;43;42
16;43;2
17;43;2
18;43;2
19;43;42
20;43;42
21;43;42
22;43;42
23;43;42
24;43;42
25;43;42
26;43;42
27;43;0
28;43;0
29;43;0
30;43;0
31;43;0
32;43;0
33;43;0
34;43;0
35;43;0
36;43;0
37;43;0
38;43;0
39;43;0
40;43;0
41;43;0
42;43;0
43;43;0
44;43;0
45;43;0
46;43;0
47;43;0
48;43;0
49;43;0
50;43;0
51;43;0
52;43;0
53;43;0
54;43;0
55;43;0
56;43;0
57;43;0
58;43;0
59;43;0
60;43;0
61;43;0
62;43;0
63;43;0
64;43;0
65;43;0
66;43;0
67;43;0
68;43;0
69;43;0
70;43;0
71;43;0
72;43;0
73;43;0
74;43;0
75;43;0
76;43;0
77;43;0
78;43;0
79;43;0
80;43;0
81;43;0
82;43;0
83;43;0
84;43;0
85;43;0
86;43;0
87;43;0
88;43;0
89;43;0
90;43;0
91;43;0
92;43;0
93;43;0
94;43;0
95;43;0
96;43;0
97;43;0
98;43;0
99;43;0
0;44;0
1;44;0
2;44;0
3;44;0
4;44;0
5;44;0
6;44;0
7;44;0
8;44;0
9;44;0
10;44;0
11;44;0
12;44;0
13;44;0
14;44;0
15;44;42
16;44;2
17;44;2
18;44;2
19;44;42
20;44;0
21;44;0
22;44;0
23;44;0
24;44;0
25;44;0
26;44;0
27;44;0
28;44;0
29;44;0
30;44;0
31;44;0
32;44;0
33;44;0
34;44;0
35;44;0
36;44;0
37;44;0
38;44;0
39;44;0
40;44;0
41;44;0
42;44;0
43;44;0
44;44;0
45;44;0
46;44;0
47;44;0
48;44;0
49;44;0
50;44;0
51;44;0
52;44;0
53;44;0
54;44;0
55;44;0
56;44;0
57;44;0
58;44;0
59;44;0
60;44;0
61;44;0
62;44;0
63;44;0
64;44;0
65;44;0
66;44;0
67;44;0
68;44;0
69;44;0
70;44;0
71;44;0
72;44;0
73;44;0
74;44;0
75;44;0
76;44;0
77;44;0
78;44;0
79;44;0
80;44;0
81;44;0
82;44;0
83;44;0
84;44;0
85;44;0
86;44;0
87;44;0
88;44;0
89;44;0
90;44;0
91;44;0
92;44;0
93;44;0
94;44;0
95;44;0
96;44;0
97;44;0
98;44;0
99;44;0
0;45;0
1;45;0
2;45;0
3;45;0
4;45;0
5;45;0
6;45;0
7;45;0
8;45;0
9;45;0
10;45;0
11;45;0
12;45;0
13;45;0
14;45;0
15;45;42
16;45;42
17;45;42
18;45;42
19;45;42
20;45;0
21;45;0
22;45;0
23;45;0
24;45;0
25;45;0
26;45;0
27;45;0
28;45;0
29;45;0
30;45;0
31;45;0
32;45;0
33;45;0
34;45;0
35;45;0
36;45;0
37;45;0
38;45;0
39;45;0
40;45;0
41;45;0
42;45;0
43;45;0
44;45;0
45;45;0
46;45;0
47;45;0
48;45;0
49;45;0
50;45;0
51;45;0
52;45;0
53;45;0
54;45;0
55;45;0
56;45;0
57;45;0
58;45;0
59;45;0
60;45;0
61;45;0
62;45;0
63;45;0
64;45;0
65;45;0
66;45;0
67;45;0
68;45;0
69;45;0
70;45;0
71;45;0
72;45;0
73;45;0
74;45;0
75;45;0
76;45;0
77;45;0
78;45;0
79;45;0
80;45;0
81;45;0
82;45;0
83;45;0
84;45;0
85;45;0
86;45;0
87;45;0
88;45;0
89;45;0
90;45;0
91;45;0
92;45;0
93;45;0
94;45;0
95;45;0
96;45;0
97;45;0
98;45;0
99;45;0
0;46;0
1;46;0
2;46;0
3;46;0
4;46;0
5;46;0
6;46;0
7;46;0
8;46;0
9;46;0
10;46;0
11;46;0
12;46;0
13;46;0
14;46;0
15;46;0
16;46;0
17;46;0
18;46;0
19;46;0
20;46;0
21;46;0
22;46;0
23;46;0
24;46;0
25;46;0
26;46;0
27;46;0
28;46;0
29;46;0
30;46;0
31;46;0
32;46;0
33;46;0
34;46;0
35;46;0
36;46;0
37;46;0
38;46;0
39;46;0
40;46;0
41;46;0
42;46;0
43;46;0
44;46;0
45;46;0
46;46;0
47;46;0
48;46;0
49;46;0
50;46;0
51;46;0
52;46;0
53;46;0
54;46;0
55;46;0
56;46;0
57;46;0
58;46;0
59;46;0
60;46;0
61;46;0
62;46;0
63;46;0
64;46;0
65;46;0
66;46;0
67;46;0
68;46;0
69;46;0
70;46;0
71;46;0
72;46;0
73;46;0
74;46;0
75;46;0
76;46;0
77;46;0
78;46;0
79;46;0
80;46;0
81;46;0
82;46;0
83;46;0
84;46;0
85;46;0
86;46;0
87;46;0
88;46;0
89;46;0
90;46;0
91;46;0
92;46;0
93;46;0
94;46;0
95;46;0
96;46;0
97;46;0
98;46;0
99;46;0
0;47;0
1;47;0
2;47;0
3;47;0
4;47;0
5;47;0
6;47;0
7;47;0
8;47;0
9;47;0
10;47;0
11;47;0
12;47;0
13;47;0
14;47;0
15;47;0
16;47;0
17;47;0
18;47;0
19;47;0
20;47;0
21;47;0
22;47;0
23;47;0
24;47;0
25;47;0
26;47;0
27;47;0
28;47;0
29;47;0
30;47;0
31;47;0
32;47;0
33;47;0
34;47;0
35;47;0
36;47;0
37;47;0
38;47;0
39;47;0
40;47;0
41;47;0
42;47;0
43;47;0
44;47;0
45;47;0
46;47;0
47;47;0
48;47;0
49;47;0
50;47;0
51;47;0
52;47;0
53;47;0
54;47;0
55;47;0
56;47;0
57;47;0
58;47;0
59;47;0
60;47;0
61;47;0
62;47;0
63;47;0
64;47;0
65;47;0
66;47;0
67;47;0
68;47;0
69;47;0
70;47;0
71;47;0
72;47;0
73;47;0
74;47;0
75;47;0
76;47;0
77;47;0
78;47;0
79;47;0
80;47;0
81;47;0
82;47;0
83;47;0
84;47;0
85;47;0
86;47;0
87;47;0
88;47;0
89;47;0
90;47;0
91;47;0
92;47;0
93;47;0
94;47;0
95;47;0
96;47;0
97;47;0
98;47;0
99;47;0
0;48;0
1;48;0
2;48;0
3;48;0
4;48;0
5;48;0
6;48;0
7;48;0
8;48;0
9;48;0
10;48;0
11;48;0
12;48;0
13;48;0
14;48;0
15;48;0
16;48;0
17;48;0
18;48;0
19;48;0
20;48;0
21;48;0
22;48;0
23;48;0
24;48;0
25;48;0
26;48;0
27;48;0
28;48;0
29;48;0
30;48;0
31;48;0
32;48;0
33;48;0
34;48;0
35;48;0
36;48;0
37;48;0
38;48;0
39;48;0
40;48;0
41;48;0
42;48;0
43;48;0
44;48;0
45;48;0
46;48;0
47;48;0
48;48;0
49;48;0
50;48;0
51;48;0
52;48;0
53;48;0
54;48;0
55;48;0
56;48;0
57;48;0
58;48;0
59;48;0
60;48;0
61;48;0
62;48;0
63;48;0
64;48;0
65;48;0
66;48;0
67;48;0
68;48;0
69;48;0
70;48;42
71;48;42
72;48;42
73;48;42
74;48;42
75;48;42
76;48;42
77;48;42
78;48;42
79;48;42
80;48;42
81;48;42
82;48;42
83;48;0
84;48;0
85;48;0
86;48;0
87;48;0
88;48;0
89;48;0
90;48;0
91;48;0
92;48;0
93;48;0
94;48;0
95;48;0
96;48;0
97;48;0
98;48;0
99;48;0
0;49;0
1;49;0
2;49;0
3;49;0
4;49;0
5;49;0
6;49;0
7;49;0
8;49;0
9;49;0
10;49;0
11;49;0
12;49;0
13;49;0
14;49;0
15;49;0
16;49;0
17;49;0
18;49;0
19;49;0
20;49;0
21;49;0
22;49;0
23;49;0
24;49;0
25;49;0
26;49;0
27;49;0
28;49;0
29;49;0
30;49;0
31;49;0
32;49;0
33;49;0
34;49;0
35;49;0
36;49;0
37;49;0
38;49;0
39;49;0
40;49;0
41;49;0
42;49;0
43;49;0
44;49;0
45;49;0
46;49;0
47;49;0
48;49;0
49;49;0
50;49;0
51;49;0
52;49;0
53;49;0
54;49;0
55;49;0
56;49;0
57;49;0
58;49;0
59;49;0
60;49;0
61;49;0
62;49;0
63;49;0
64;49;0
65;49;0
66;49;0
67;49;0
68;49;0
69;49;0
70;49;42
71;49;2
72;49;2
73;49;2
74;49;2
75;49;2
76;49;2
77;49;2
78;49;2
79;49;2
80;49;2
81;49;2
82;49;42
83;49;42
84;49;0
85;49;0
86;49;0
87;49;0
88;49;0
89;49;0
90;49;0
91;49;0
92;49;0
93;49;0
94;49;0
95;49;0
96;49;0
97;49;0
98;49;0
99;49;0
0;50;42
1;50;42
2;50;42
3;50;42
4;50;42
5;50;42
6;50;42
7;50;42
8;50;42
9;50;42
10;50;42
11;50;42
12;50;42
13;50;42
14;50;42
15;50;42
16;50;42
17;50;42
18;50;42
19;50;42
20;50;42
21;50;42
22;50;42
23;50;42
24;50;42
25;50;42
26;50;42
27;50;42
28;50;42
29;50;42
30;50;42
31;50;42
32;50;42
33;50;42
34;50;42
35;50;42
36;50;42
37;50;42
38;50;42
39;50;42
40;50;42
41;50;42
42;50;42
43;50;42
44;50;42
45;50;42
46;50;42
47;50;42
48;50;42
49;50;42
50;50;42
51;50;42
52;50;0
53;50;0
54;50;0
55;50;0
56;50;0
57;50;0
58;50;0
59;50;0
60;50;0
61;50;0
62;50;0
63;50;0
64;50;0
65;50;0
66;50;0
67;50;0
68;50;42
69;50;42
70;50;42
71;50;2
72;50;2
73;50;2
74;50;2
75;50;2
76;50;2
77;50;2
78;50;2
79;50;2
80;50;2
81;50;2
82;50;2
83;50;42
84;50;0
85;50;0
86;50;0
87;50;0
88;50;0
89;50;0
90;50;0
91;50;0
92;50;0
93;50;0
94;50;0
95;50;0
96;50;0
97;50;0
98;50;0
99;50;0
0;51;42
1;51;15
2;51;15
3;51;23010
4;51;11746
5;51;5602
6;51;2
7;51;2
8;51;2
9;51;2
10;51;2
11;51;2
12;51;6626
13;51;11746
14;51;11746
15;51;11746
16;51;11746
17;51;11746
18;51;11746
19;51;5602
20;51;2
21;51;2
22;51;2
23;51;2
24;51;8674
25;51;15
26;51;15
27;51;15
28;51;15
29;51;4578
30;51;2
31;51;8674
32;51;15
33;51;15
34;51;15
35;51;4578
36;51;2
37;51;8674
38;51;15
39;51;15
40;51;4578
41;51;2
42;51;2
43;51;2
44;51;2
45;51;2
46;51;2
47;51;2
48;51;2
49;51;2
50;51;2
51;51;42
52;51;0
53;51;0
54;51;0
55;51;0
56;51;0
57;51;0
58;51;0
59;51;0
60;51;0
61;51;0
62;51;0
63;51;0
64;51;0
65;51;0
66;51;0
67;51;0
68;51;42
69;51;2
70;51;6626
71;51;11746
72;51;11746
73;51;11746
74;51;11746
75;51;5602
76;51;2
77;51;2
78;51;6626
79;51;5602
80;51;2
81;51;2
82;51;2
83;51;42
84;51;0
85;51;0
86;51;0
87;51;0
88;51;0
89;51;0
90;51;0
91;51;0
92;51;0
93;51;0
94;51;0
95;51;0
96;51;0
97;51;0
98;51;0
99;51;0
0;52;42
1;52;15
2;52;15
3;52;15
4;52;15
5;52;15
6;52;4578
7;52;2
8;52;2
9;52;6626
10;52;11746
11;52;21986
12;52;15
13;52;15
14;52;15
15;52;15
16;52;15
17;52;15
18;52;15
19;52;15
20;52;4578
21;52;2
22;52;2
23;52;2
24;52;7650
25;52;15
26;52;15
27;52;15
28;52;15
29;52;3554
30;52;2
31;52;12770
32;52;15
33;52;15
34;52;15
35;52;10722
36;52;2
37;52;7650
38;52;15
39;52;15
40;52;3554
41;52;2
42;52;2
43;52;2
44;52;2
45;52;2
46;52;2
47;52;2
48;52;2
49;52;2
50;52;2
51;52;42
52;52;0
53;52;0
54;52;0
55;52;0
56;52;0
57;52;0
58;52;0
59;52;0
60;52;0
61;52;0
62;52;0
63;52;0
64;52;0
65;52;0
66;52;0
67;52;0
68;52;42
69;52;8674
70;52;15
71;52;15
72;52;15
73;52;15
74;52;15
75;52;15
76;52;23010
77;52;21986
78;52;15
79;52;15
80;52;4578
81;52;2
82;52;2
83;52;42
84;52;0
85;52;0
86;52;0
87;52;0
88;52;0
89;52;0
90;52;0
91;52;0
92;52;0
93;52;0
94;52;0
95;52;0
96;52;0
97;52;0
98;52;0
99;52;0
0;53;42
1;53;15
2;53;15
3;53;15
4;53;15
5;53;15
6;53;3554
7;53;2
8;53;2
9;53;15
10;53;15
11;53;15
12;53;15
13;53;15
14;53;15
15;53;15
16;53;15
17;53;15
18;53;15
19;53;15
20;53;3554
21;53;2
22;53;2
23;53;2
24;53;2
25;53;2530
26;53;9698
27;53;9698
28;53;1506
29;53;2
30;53;2
31;53;7650
32;53;15
33;53;15
34;53;15
35;53;3554
36;53;2
37;53;2
38;53;2530
39;53;1506
40;53;2
41;53;2
42;53;2
43;53;2
44;53;2
45;53;2
46;53;2
47;53;2
48;53;2
49;53;2
50;53;2
51;53;42
52;53;0
53;53;0
54;53;0
55;53;0
56;53;0
57;53;0
58;53;0
59;53;0
60;53;0
61;53;0
62;53;0
63;53;0
64;53;0
65;53;0
66;53;0
67;53;0
68;53;42
69;53;12770
70;53;15
71;53;15
72;53;15
73;53;15
74;53;15
75;53;15
76;53;15
77;53;15
78;53;15
79;53;15
80;53;10722
81;53;2
82;53;2
83;53;42
84;53;0
85;53;0
86;53;0
87;53;0
88;53;0
89;53;0
90;53;0
91;53;0
92;53;0
93;53;0
94;53;0
95;53;0
96;53;0
97;53;0
98;53;0
99;53;0
0;54;42
1;54;2530
2;54;9698
3;54;9698
4;54;9698
5;54;1506
6;54;2
7;54;2
8;54;2
9;54;2530
10;54;9698
11;54;9698
12;54;9698
13;54;9698
14;54;9698
15;54;9698
16;54;9698
17;54;9698
18;54;9698
19;54;1506
20;54;2
21;54;2
22;54;2
23;54;2
24;54;2
25;54;2
26;54;2
27;54;2
28;54;2
29;54;2
30;54;2
31;54;2
32;54;2530
33;54;2
34;54;2
35;54;2
36;54;2
37;54;2
38;54;2
39;54;2
40;54;2
41;54;2
42;54;2
43;54;2
44;54;2
45;54;2
46;54;2
47;54;2
48;54;2
49;54;2
50;54;2
51;54;42
52;54;0
53;54;0
54;54;0
55;54;0
56;54;0
57;54;0
58;54;0
59;54;0
60;54;0
61;54;0
62;54;0
63;54;0
64;54;0
65;54;0
66;54;0
67;54;0
68;54;42
69;54;7650
70;54;15
71;54;15
72;54;15
73;54;15
74;54;15
75;54;15
76;54;15
77;54;15
78;54;15
79;54;15
80;54;3554
81;54;2
82;54;2
83;54;42
84;54;0
85;54;0
86;54;0
87;54;0
88;54;0
89;54;0
90;54;0
91;54;0
92;54;0
93;54;0
94;54;0
95;54;0
96;54;0
97;54;0
98;54;0
99;54;0
0;55;42
1;55;2
2;55;2
3;55;2
4;55;2
5;55;2
6;55;2
7;55;2
8;55;2
9;55;2
10;55;2
11;55;2
12;55;2
13;55;2
14;55;2
15;55;2
16;55;2
17;55;2
18;55;2
19;55;2
20;55;2
21;55;2
22;55;2
23;55;2
24;55;2
25;55;2
26;55;2
27;55;2
28;55;2
29;55;2
30;55;2
31;55;2
32;55;2
33;55;2
34;55;2
35;55;2
36;55;2
37;55;2
38;55;2
39;55;2
40;55;2
41;55;2
42;55;2
43;55;2
44;55;2
45;55;2
46;55;2
47;55;2
48;55;2
49;55;2
50;55;2
51;55;42
52;55;0
53;55;0
54;55;0
55;55;0
56;55;0
57;55;0
58;55;0
59;55;0
60;55;0
61;55;0
62;55;0
63;55;0
64;55;0
65;55;0
66;55;0
67;55;0
68;55;42
69;55;2
70;55;2530
71;55;9698
72;55;9698
73;55;9698
74;55;18914
75;55;15
76;55;15
77;55;15
78;55;17890
79;55;1506
80;55;2
81;55;2
82;55;2
83;55;42
84;55;0
85;55;0
86;55;0
87;55;0
88;55;0
89;55;0
90;55;0
91;55;0
92;55;0
93;55;0
94;55;0
95;55;0
96;55;0
97;55;0
98;55;0
99;55;0
0;56;42
1;56;2
2;56;2
3;56;2
4;56;2
5;56;2
6;56;2
7;56;2
8;56;2
9;56;2
10;56;2
11;56;2
12;56;2
13;56;2
14;56;2
15;56;2
16;56;2
17;56;2
18;56;15
19;56;2
20;56;2
21;56;2
22;56;2
23;56;2
24;56;2
25;56;2
26;56;2
27;56;2
28;56;2
29;56;2
30;56;2
31;56;2
32;56;2
33;56;2
34;56;2
35;56;2
36;56;2
37;56;2
38;56;2
39;56;2
40;56;2
41;56;2
42;56;2
43;56;2
44;56;2
45;56;2
46;56;2
47;56;2
48;56;2
49;56;2
50;56;2
51;56;42
52;56;0
53;56;0
54;56;0
55;56;0
56;56;0
57;56;0
58;56;0
59;56;0
60;56;0
61;56;0
62;56;0
63;56;0
64;56;0
65;56;0
66;56;0
67;56;0
68;56;42
69;56;42
70;56;2
71;56;2
72;56;2
73;56;2
74;56;2
75;56;2530
76;56;9698
77;56;1506
78;56;2
79;56;2
80;56;2
81;56;42
82;56;42
83;56;42
84;56;0
85;56;0
86;56;0
87;56;0
88;56;0
89;56;0
90;56;0
91;56;0
92;56;0
93;56;0
94;56;0
95;56;0
96;56;0
97;56;0
98;56;0
99;56;0
0;57;42
1;57;2
2;57;2
3;57;2
4;57;2
5;57;2
6;57;2
7;57;2
8;57;2
9;57;2
10;57;2
11;57;2
12;57;2
13;57;2
14;57;2
15;57;2
16;57;2
17;57;2
18;57;2
19;57;3554
20;57;2
21;57;2
22;57;2
23;57;2
24;57;2
25;57;2
26;57;2
27;57;2
28;57;2
29;57;2
30;57;2
31;57;2
32;57;2
33;57;2
34;57;2
35;57;2
36;57;2
37;57;2
38;57;2
39;57;2
40;57;2
41;57;2
42;57;2
43;57;2
44;57;2
45;57;2
46;57;2
47;57;2
48;57;2
49;57;2
50;57;2
51;57;42
52;57;0
53;57;0
54;57;0
55;57;0
56;57;0
57;57;0
58;57;0
59;57;0
60;57;0
61;57;0
62;57;0
63;57;0
64;57;0
65;57;0
66;57;0
67;57;0
68;57;0
69;57;42
70;57;42
71;57;42
72;57;42
73;57;42
74;57;42
75;57;42
76;57;42
77;57;42
78;57;42
79;57;42
80;57;42
81;57;42
82;57;0
83;57;0
84;57;0
85;57;0
86;57;0
87;57;0
88;57;0
89;57;0
90;57;0
91;57;0
92;57;0
93;57;0
94;57;0
95;57;0
96;57;0
97;57;0
98;57;0
99;57;0
0;58;42
1;58;2
2;58;2
3;58;2
4;58;2
5;58;2
6;58;2
7;58;2
8;58;2
9;58;2
10;58;2
11;58;2
12;58;2
13;58;2
14;58;2
15;58;2
16;58;2
17;58;2
18;58;2
19;58;2
20;58;2
21;58;2
22;58;2
23;58;2
24;58;2
25;58;2
26;58;2
27;58;2
28;58;2
29;58;2
30;58;2
31;58;2
32;58;2
33;58;2
34;58;2
35;58;2
36;58;2
37;58;2
38;58;2
39;58;2
40;58;2
41;58;2
42;58;2
43;58;2
44;58;2
45;58;2
46;58;2
47;58;2
48;58;2
49;58;2
50;58;2
51;58;42
52;58;0
53;58;0
54;58;0
55;58;0
56;58;0
57;58;0
58;58;0
59;58;0
60;58;0
61;58;0
62;58;0
63;58;0
64;58;0
65;58;0
66;58;0
67;58;0
68;58;0
69;58;0
70;58;0
71;58;0
72;58;0
73;58;0
74;58;0
75;58;0
76;58;0
77;58;0
78;58;0
79;58;0
80;58;0
81;58;0
82;58;0
83;58;0
84;58;0
85;58;0
86;58;0
87;58;0
88;58;0
89;58;0
90;58;0
91;58;0
92;58;0
93;58;0
94;58;0
95;58;0
96;58;0
97;58;0
98;58;0
99;58;0
0;59;42
1;59;2
2;59;2
3;59;2
4;59;2
5;59;2
6;59;2
7;59;2
8;59;2
9;59;2
10;59;2
11;59;2
12;59;2
13;59;2
14;59;2
15;59;2
16;59;2
17;59;2
18;59;2
19;59;2
20;59;2
21;59;2
22;59;2
23;59;2
24;59;2
25;59;2
26;59;2
27;59;2
28;59;2
29;59;2
30;59;2
31;59;2
32;59;2
33;59;2
34;59;2
35;59;2
36;59;2
37;59;2
38;59;2
39;59;2
40;59;2
41;59;2
42;59;2
43;59;2
44;59;2
45;59;2
46;59;2
47;59;2
48;59;2
49;59;2
50;59;2
51;59;42
52;59;0
53;59;0
54;59;0
55;59;0
56;59;0
57;59;0
58;59;0
59;59;0
60;59;0
61;59;0
62;59;0
63;59;0
64;59;0
65;59;0
66;59;0
67;59;0
68;59;0
69;59;0
70;59;0
71;59;0
72;59;0
73;59;0
74;59;0
75;59;0
76;59;0
77;59;0
78;59;0
79;59;0
80;59;0
81;59;0
82;59;0
83;59;0
84;59;0
85;59;0
86;59;0
87;59;0
88;59;0
89;59;0
90;59;0
91;59;0
92;59;0
93;59;0
94;59;0
95;59;0
96;59;0
97;59;0
98;59;0
99;59;0
0;60;42
1;60;2
2;60;6626
3;60;11746
4;60;11746
5;60;11746
6;60;11746
7;60;11746
8;60;11746
9;60;11746
10;60;11746
11;60;5602
12;60;2
13;60;2
14;60;2
15;60;2
16;60;2
17;60;2
18;60;2
19;60;2
20;60;2
21;60;2
22;60;2
23;60;2
24;60;2
25;60;2
26;60;2
27;60;2
28;60;2
29;60;2
30;60;2
31;60;2
32;60;2
33;60;2
34;60;2
35;60;2
36;60;2
37;60;2
38;60;2
39;60;2
40;60;2
41;60;2
42;60;2
43;60;2
44;60;2
45;60;2
46;60;2
47;60;2
48;60;2
49;60;2
50;60;2
51;60;42
52;60;0
53;60;0
54;60;0
55;60;0
56;60;0
57;60;0
58;60;0
59;60;0
60;60;0
61;60;0
62;60;0
63;60;0
64;60;0
65;60;0
66;60;0
67;60;0
68;60;0
69;60;0
70;60;0
71;60;0
72;60;0
73;60;0
74;60;0
75;60;0
76;60;0
77;60;0
78;60;0
79;60;0
80;60;0
81;60;0
82;60;0
83;60;0
84;60;0
85;60;0
86;60;0
87;60;0
88;60;0
89;60;0
90;60;0
91;60;0
92;60;0
93;60;0
94;60;0
95;60;0
96;60;0
97;60;0
98;60;0
99;60;0
0;61;42
1;61;16866
2;61;15
3;61;15
4;61;15
5;61;15
6;61;15
7;61;15
8;61;15
9;61;15
10;61;15
11;61;15
12;61;4578
13;61;2
14;61;2
15;61;2
16;61;2
17;61;2
18;61;2
19;61;2
20;61;2
21;61;2
22;61;2
23;61;2
24;61;2
25;61;2
26;61;2
27;61;2
28;61;2
29;61;2
30;61;2
31;61;2
32;61;2
33;61;2
34;61;2
35;61;2
36;61;2
37;61;2
38;61;2
39;61;2
40;61;2
41;61;2
42;61;2
43;61;2
44;61;2
45;61;2
46;61;2
47;61;2
48;61;2
49;61;2
50;61;2
51;61;42
52;61;0
53;61;0
54;61;0
55;61;0
56;61;0
57;61;0
58;61;0
59;61;0
60;61;0
61;61;0
62;61;0
63;61;0
64;61;0
65;61;0
66;61;0
67;61;0
68;61;0
69;61;0
70;61;0
71;61;0
72;61;0
73;61;0
74;61;0
75;61;0
76;61;0
77;61;0
78;61;0
79;61;0
80;61;0
81;61;0
82;61;0
83;61;0
84;61;0
85;61;0
86;61;0
87;61;0
88;61;0
89;61;0
90;61;0
91;61;0
92;61;0
93;61;0
94;61;0
95;61;0
96;61;0
97;61;0
98;61;0
99;61;0
0;62;42
1;62;15
2;62;15
3;62;26082
4;62;9698
5;62;9698
6;62;9698
7;62;9698
8;62;9698
9;62;18914
10;62;15
11;62;15
12;62;3554
13;62;2
14;62;2
15;62;2
16;62;2
17;62;2
18;62;2
19;62;2
20;62;2
21;62;2
22;62;2
23;62;2
24;62;2
25;62;2
26;62;2
27;62;2
28;62;2
29;62;2
30;62;2
31;62;2
32;62;2
33;62;2
34;62;2
35;62;2
36;62;2
37;62;2
38;62;2
39;62;2
40;62;2
41;62;2
42;62;2
43;62;2
44;62;2
45;62;2
46;62;2
47;62;2
48;62;2
49;62;2
50;62;2
51;62;42
52;62;0
53;62;0
54;62;0
55;62;0
56;62;0
57;62;0
58;62;0
59;62;0
60;62;0
61;62;0
62;62;0
63;62;0
64;62;0
65;62;0
66;62;0
67;62;0
68;62;0
69;62;0
70;62;0
71;62;0
72;62;0
73;62;0
74;62;0
75;62;0
76;62;0
77;62;0
78;62;0
79;62;0
80;62;0
81;62;0
82;62;0
83;62;0
84;62;0
85;62;0
86;62;0
87;62;0
88;62;0
89;62;0
90;62;0
91;62;0
92;62;0
93;62;0
94;62;0
95;62;0
96;62;0
97;62;0
98;62;0
99;62;0
0;63;42
1;63;15
2;63;15
3;63;3554
4;63;2
5;63;2
6;63;2
7;63;2
8;63;2
9;63;2
10;63;2530
11;63;1506
12;63;2
13;63;2
14;63;2
15;63;2
16;63;2
17;63;2
18;63;2
19;63;2
20;63;2
21;63;2
22;63;2
23;63;2
24;63;2
25;63;2
26;63;2
27;63;2
28;63;2
29;63;2
30;63;2
31;63;2
32;63;2
33;63;2
34;63;2
35;63;2
36;63;2
37;63;2
38;63;2
39;63;2
40;63;2
41;63;2
42;63;2
43;63;2
44;63;2
45;63;2
46;63;2
47;63;2
48;63;2
49;63;2
50;63;2
51;63;42
52;63;0
53;63;0
54;63;0
55;63;0
56;63;0
57;63;0
58;63;0
59;63;0
60;63;0
61;63;0
62;63;0
63;63;0
64;63;0
65;63;0
66;63;0
67;63;0
68;63;0
69;63;0
70;63;0
71;63;0
72;63;0
73;63;0
74;63;0
75;63;0
76;63;0
77;63;0
78;63;0
79;63;0
80;63;0
81;63;0
82;63;0
83;63;0
84;63;0
85;63;0
86;63;0
87;63;0
88;63;0
89;63;0
90;63;0
91;63;0
92;63;0
93;63;0
94;63;0
95;63;0
96;63;0
97;63;0
98;63;0
99;63;0
0;64;42
1;64;2530
2;64;1506
3;64;2
4;64;2
5;64;2
6;64;2
7;64;2
8;64;2
9;64;2
10;64;2
11;64;2
12;64;2
13;64;2
14;64;2
15;64;2
16;64;2
17;64;2
18;64;2
19;64;2
20;64;2
21;64;2
22;64;2
23;64;2
24;64;2
25;64;2
26;64;2
27;64;2
28;64;2
29;64;2
30;64;2
31;64;2
32;64;2
33;64;2
34;64;2
35;64;2
36;64;2
37;64;2
38;64;2
39;64;2
40;64;2
41;64;2
42;64;2
43;64;2
44;64;2
45;64;2
46;64;2
47;64;2
48;64;2
49;64;2
50;64;2
51;64;42
52;64;0
53;64;0
54;64;0
55;64;0
56;64;0
57;64;0
58;64;0
59;64;0
60;64;0
61;64;0
62;64;0
63;64;0
64;64;0
65;64;0
66;64;0
67;64;0
68;64;0
69;64;0
70;64;0
71;64;0
72;64;0
73;64;0
74;64;0
75;64;0
76;64;0
77;64;0
78;64;0
79;64;0
80;64;0
81;64;0
82;64;0
83;64;0
84;64;0
85;64;0
86;64;0
87;64;0
88;64;0
89;64;0
90;64;0
91;64;0
92;64;0
93;64;0
94;64;0
95;64;0
96;64;0
97;64;0
98;64;0
99;64;0
0;65;42
1;65;2
2;65;2
3;65;2
4;65;2
5;65;2
6;65;2
7;65;2
8;65;2
9;65;2
10;65;2
11;65;2
12;65;2
13;65;2
14;65;2
15;65;2
16;65;2
17;65;2
18;65;2
19;65;2
20;65;2
21;65;2
22;65;2
23;65;2
24;65;2
25;65;2
26;65;2
27;65;2
28;65;2
29;65;2
30;65;2
31;65;2
32;65;2
33;65;2
34;65;2
35;65;2
36;65;2
37;65;2
38;65;2
39;65;2
40;65;2
41;65;2
42;65;2
43;65;2
44;65;2
45;65;2
46;65;2
47;65;2
48;65;2
49;65;2
50;65;2
51;65;42
52;65;0
53;65;0
54;65;0
55;65;0
56;65;0
57;65;0
58;65;0
59;65;0
60;65;0
61;65;0
62;65;0
63;65;0
64;65;0
65;65;0
66;65;0
67;65;0
68;65;0
69;65;0
70;65;0
71;65;0
72;65;0
73;65;0
74;65;0
75;65;0
76;65;0
77;65;0
78;65;0
79;65;0
80;65;0
81;65;0
82;65;0
83;65;0
84;65;0
85;65;0
86;65;0
87;65;0
88;65;0
89;65;0
90;65;0
91;65;0
92;65;0
93;65;0
94;65;0
95;65;0
96;65;0
97;65;0
98;65;0
99;65;0
0;66;42
1;66;2
2;66;2
3;66;2
4;66;2
5;66;2
6;66;2
7;66;2
8;66;2
9;66;2
10;66;2
11;66;2
12;66;2
13;66;2
14;66;2
15;66;2
16;66;2
17;66;2
18;66;2
19;66;2
20;66;2
21;66;2
22;66;2
23;66;2
24;66;2
25;66;2
26;66;2
27;66;2
28;66;2
29;66;2
30;66;2
31;66;2
32;66;2
33;66;2
34;66;2
35;66;2
36;66;2
37;66;2
38;66;2
39;66;2
40;66;2
41;66;2
42;66;2
43;66;2
44;66;2
45;66;2
46;66;2
47;66;2
48;66;2
49;66;2
50;66;2
51;66;42
52;66;0
53;66;0
54;66;0
55;66;0
56;66;0
57;66;0
58;66;0
59;66;0
60;66;0
61;66;0
62;66;0
63;66;0
64;66;0
65;66;0
66;66;0
67;66;0
68;66;0
69;66;0
70;66;0
71;66;0
72;66;0
73;66;0
74;66;0
75;66;0
76;66;0
77;66;0
78;66;0
79;66;0
80;66;0
81;66;0
82;66;0
83;66;0
84;66;0
85;66;0
86;66;0
87;66;0
88;66;0
89;66;0
90;66;0
91;66;0
92;66;0
93;66;0
94;66;0
95;66;0
96;66;0
97;66;0
98;66;0
99;66;0
0;67;42
1;67;2
2;67;2
3;67;2
4;67;2
5;67;2
6;67;2
7;67;2
8;67;2
9;67;2
10;67;2
11;67;2
12;67;6626
13;67;5602
14;67;2
15;67;2
16;67;2
17;67;2
18;67;2
19;67;2
20;67;2
21;67;2
22;67;2
23;67;2
24;67;2
25;67;2
26;67;2
27;67;2
28;67;2
29;67;2
30;67;2
31;67;2
32;67;2
33;67;2
34;67;2
35;67;2
36;67;2
37;67;2
38;67;2
39;67;2
40;67;2
41;67;2
42;67;2
43;67;2
44;67;2
45;67;2
46;67;2
47;67;2
48;67;2
49;67;2
50;67;2
51;67;42
52;67;0
53;67;0
54;67;0
55;67;0
56;67;0
57;67;0
58;67;0
59;67;0
60;67;0
61;67;0
62;67;0
63;67;0
64;67;0
65;67;0
66;67;0
67;67;0
68;67;0
69;67;0
70;67;0
71;67;0
72;67;0
73;67;0
74;67;0
75;67;0
76;67;0
77;67;0
78;67;0
79;67;0
80;67;0
81;67;0
82;67;0
83;67;0
84;67;0
85;67;0
86;67;0
87;67;0
88;67;0
89;67;0
90;67;0
91;67;0
92;67;0
93;67;0
94;67;0
95;67;0
96;67;0
97;67;0
98;67;0
99;67;0
0;68;42
1;68;2
2;68;2
3;68;2
4;68;2
5;68;2
6;68;2
7;68;2
8;68;2
9;68;2
10;68;2
11;68;8674
12;68;15
13;68;15
14;68;15842
15;68;2
16;68;2
17;68;2
18;68;2
19;68;2
20;68;2
21;68;2
22;68;2
23;68;2
24;68;2
25;68;2
26;68;2
27;68;2
28;68;2
29;68;2
30;68;2
31;68;2
32;68;2
33;68;2
34;68;2
35;68;2
36;68;2
37;68;2
38;68;2
39;68;2
40;68;2
41;68;2
42;68;2
43;68;2
44;68;2
45;68;2
46;68;2
47;68;2
48;68;2
49;68;2
50;68;2
51;68;42
52;68;0
53;68;0
54;68;0
55;68;0
56;68;0
57;68;0
58;68;0
59;68;0
60;68;0
61;68;0
62;68;0
63;68;0
64;68;0
65;68;0
66;68;0
67;68;0
68;68;0
69;68;0
70;68;0
71;68;0
72;68;0
73;68;0
74;68;0
75;68;0
76;68;0
77;68;0
78;68;0
79;68;0
80;68;0
81;68;0
82;68;0
83;68;0
84;68;0
85;68;0
86;68;0
87;68;0
88;68;0
89;68;0
90;68;0
91;68;0
92;68;0
93;68;0
94;68;0
95;68;0
96;68;0
97;68;0
98;68;0
99;68;0
0;69;42
1;69;2
2;69;2
3;69;6626
4;69;5602
5;69;2
6;69;2
7;69;2
8;69;2
9;69;2
10;69;2
11;69;12770
12;69;15
13;69;15
14;69;15
15;69;15842
16;69;2
17;69;2
18;69;2
19;69;2
20;69;2
21;69;2
22;69;2
23;69;2
24;69;2
25;69;2
26;69;2
27;69;2
28;69;2
29;69;2
30;69;2
31;69;2
32;69;2
33;69;2
34;69;2
35;69;2
36;69;2
37;69;2
38;69;2
39;69;2
40;69;2
41;69;2
42;69;2
43;69;2
44;69;2
45;69;2
46;69;2
47;69;2
48;69;2
49;69;2
50;69;2
51;69;42
52;69;0
53;69;0
54;69;0
55;69;0
56;69;0
57;69;0
58;69;0
59;69;0
60;69;0
61;69;0
62;69;0
63;69;0
64;69;0
65;69;0
66;69;0
67;69;0
68;69;0
69;69;0
70;69;0
71;69;0
72;69;0
73;69;0
74;69;0
75;69;0
76;69;0
77;69;0
78;69;0
79;69;0
80;69;0
81;69;0
82;69;0
83;69;0
84;69;0
85;69;0
86;69;0
87;69;0
88;69;0
89;69;0
90;69;0
91;69;0
92;69;0
93;69;0
94;69;0
95;69;0
96;69;0
97;69;0
98;69;0
99;69;0
0;70;42
1;70;2
2;70;8674
3;70;15
4;70;15
5;70;4578
6;70;2
7;70;2
8;70;2
9;70;2
10;70;2
11;70;12770
12;70;15
13;70;15
14;70;15
15;70;15
16;70;2
17;70;2
18;70;2
19;70;2
20;70;2
21;70;2
22;70;2
23;70;2
24;70;2
25;70;2
26;70;2
27;70;2
28;70;2
29;70;2
30;70;2
31;70;2
32;70;2
33;70;2
34;70;2
35;70;2
36;70;2
37;70;2
38;70;2
39;70;2
40;70;2
41;70;2
42;70;2
43;70;2
44;70;2
45;70;2
46;70;2
47;70;2
48;70;2
49;70;2
50;70;2
51;70;42
52;70;0
53;70;0
54;70;0
55;70;0
56;70;0
57;70;0
58;70;0
59;70;0
60;70;0
61;70;0
62;70;0
63;70;0
64;70;0
65;70;0
66;70;0
67;70;0
68;70;0
69;70;0
70;70;0
71;70;0
72;70;0
73;70;0
74;70;0
75;70;0
76;70;0
77;70;0
78;70;0
79;70;0
80;70;0
81;70;0
82;70;0
83;70;0
84;70;0
85;70;0
86;70;0
87;70;0
88;70;0
89;70;0
90;70;0
91;70;0
92;70;0
93;70;0
94;70;0
95;70;0
96;70;0
97;70;0
98;70;0
99;70;0
0;71;42
1;71;2
2;71;7650
3;71;15
4;71;15
5;71;10722
6;71;2
7;71;2
8;71;2
9;71;2
10;71;2
11;71;7650
12;71;15
13;71;15
14;71;15
15;71;19938
16;71;2
17;71;2
18;71;2
19;71;2
20;71;2
21;71;2
22;71;2
23;71;2
24;71;2
25;71;2
26;71;2
27;71;2
28;71;2
29;71;6626
30;71;11746
31;71;11746
32;71;11746
33;71;5602
34;71;2
35;71;2
36;71;6626
37;71;11746
38;71;11746
39;71;5602
40;71;2
41;71;2
42;71;2
43;71;2
44;71;2
45;71;2
46;71;2
47;71;2
48;71;2
49;71;2
50;71;2
51;71;42
52;71;0
53;71;0
54;71;0
55;71;0
56;71;0
57;71;0
58;71;0
59;71;0
60;71;0
61;71;0
62;71;0
63;71;0
64;71;0
65;71;0
66;71;0
67;71;0
68;71;0
69;71;0
70;71;0
71;71;0
72;71;0
73;71;0
74;71;0
75;71;0
76;71;0
77;71;0
78;71;0
79;71;0
80;71;0
81;71;0
82;71;0
83;71;0
84;71;0
85;71;0
86;71;0
87;71;0
88;71;0
89;71;0
90;71;0
91;71;0
92;71;0
93;71;0
94;71;0
95;71;0
96;71;0
97;71;0
98;71;0
99;71;0
0;72;42
1;72;2
2;72;2
3;72;14818
4;72;15
5;72;3554
6;72;2
7;72;2
8;72;2
9;72;2
10;72;2
11;72;2
12;72;14818
13;72;15
14;72;15
15;72;20962
16;72;2
17;72;2
18;72;2
19;72;2
20;72;2
21;72;2
22;72;2
23;72;2
24;72;2
25;72;2
26;72;2
27;72;2
28;72;8674
29;72;15
30;72;15
31;72;15
32;72;15
33;72;15
34;72;4578
35;72;8674
36;72;15
37;72;15
38;72;15
39;72;15
40;72;2
41;72;2
42;72;2
43;72;2
44;72;2
45;72;2
46;72;2
47;72;2
48;72;2
49;72;2
50;72;2
51;72;42
52;72;0
53;72;0
54;72;0
55;72;0
56;72;0
57;72;0
58;72;0
59;72;0
60;72;0
61;72;0
62;72;0
63;72;0
64;72;0
65;72;0
66;72;0
67;72;0
68;72;0
69;72;0
70;72;0
71;72;0
72;72;0
73;72;0
74;72;0
75;72;0
76;72;0
77;72;0
78;72;0
79;72;0
80;72;0
81;72;0
82;72;0
83;72;0
84;72;0
85;72;0
86;72;0
87;72;0
88;72;0
89;72;0
90;72;0
91;72;0
92;72;0
93;72;0
94;72;0
95;72;0
96;72;0
97;72;0
98;72;0
99;72;0
0;73;42
1;73;2
2;73;2
3;73;2
4;73;2
5;73;2
6;73;2
7;73;2
8;73;2
9;73;2
10;73;2
11;73;2
12;73;2
13;73;14818
14;73;15
15;73;15
16;73;2
17;73;2
18;73;2
19;73;2
20;73;2
21;73;2
22;73;2
23;73;2
24;73;2
25;73;2
26;73;2
27;73;2
28;73;7650
29;73;15
30;73;15
31;73;15
32;73;15
33;73;15
34;73;3554
35;73;7650
36;73;15
37;73;15
38;73;15
39;73;2
40;73;2
41;73;2
42;73;2
43;73;2
44;73;2
45;73;2
46;73;2
47;73;2
48;73;2
49;73;2
50;73;2
51;73;42
52;73;0
53;73;0
54;73;0
55;73;0
56;73;0
57;73;0
58;73;0
59;73;0
60;73;0
61;73;0
62;73;0
63;73;0
64;73;0
65;73;0
66;73;0
67;73;0
68;73;0
69;73;0
70;73;0
71;73;0
72;73;0
73;73;0
74;73;0
75;73;0
76;73;0
77;73;0
78;73;0
79;73;0
80;73;0
81;73;0
82;73;0
83;73;0
84;73;0
85;73;0
86;73;0
87;73;0
88;73;0
89;73;0
90;73;0
91;73;0
92;73;0
93;73;0
94;73;0
95;73;0
96;73;0
97;73;0
98;73;0
99;73;0
0;74;42
1;74;2
2;74;2
3;74;6626
4;74;5602
5;74;2
6;74;2
7;74;2
8;74;2
9;74;2
10;74;2
11;74;2
12;74;2
13;74;2
14;74;2530
15;74;1506
16;74;2
17;74;2
18;74;2
19;74;2
20;74;2
21;74;2
22;74;2
23;74;2
24;74;2
25;74;2
26;74;2
27;74;2
28;74;2
29;74;2530
30;74;9698
31;74;9698
32;74;9698
33;74;1506
34;74;2
35;74;2
36;74;2530
37;74;9698
38;74;1506
39;74;2
40;74;2
41;74;2
42;74;2
43;74;2
44;74;2
45;74;2
46;74;2
47;74;2
48;74;2
49;74;2
50;74;2
51;74;42
52;74;0
53;74;0
54;74;0
55;74;0
56;74;0
57;74;0
58;74;0
59;74;0
60;74;0
61;74;0
62;74;0
63;74;0
64;74;0
65;74;0
66;74;0
67;74;0
68;74;0
69;74;0
70;74;0
71;74;0
72;74;0
73;74;0
74;74;0
75;74;0
76;74;0
77;74;0
78;74;0
79;74;0
80;74;0
81;74;0
82;74;0
83;74;0
84;74;0
85;74;0
86;74;0
87;74;0
88;74;0
89;74;0
90;74;0
91;74;0
92;74;0
93;74;0
94;74;0
95;74;0
96;74;0
97;74;0
98;74;0
99;74;0
0;75;42
1;75;6626
2;75;21986
3;75;15
4;75;15
5;75;4578
6;75;2
7;75;2
8;75;2
9;75;2
10;75;2
11;75;2
12;75;2
13;75;2
14;75;2
15;75;2
16;75;2
17;75;2
18;75;2
19;75;2
20;75;2
21;75;2
22;75;2
23;75;2
24;75;2
25;75;2
26;75;2
27;75;2
28;75;2
29;75;2
30;75;2
31;75;6626
32;75;5602
33;75;2
34;75;2
35;75;2
36;75;2
37;75;2
38;75;2
39;75;2
40;75;2
41;75;2
42;75;2
43;75;2
44;75;2
45;75;2
46;75;2
47;75;2
48;75;2
49;75;2
50;75;2
51;75;42
52;75;0
53;75;0
54;75;0
55;75;0
56;75;0
57;75;0
58;75;0
59;75;0
60;75;0
61;75;0
62;75;0
63;75;0
64;75;0
65;75;0
66;75;0
67;75;0
68;75;0
69;75;0
70;75;0
71;75;0
72;75;0
73;75;0
74;75;0
75;75;0
76;75;0
77;75;0
78;75;0
79;75;0
80;75;0
81;75;0
82;75;0
83;75;0
84;75;0
85;75;0
86;75;0
87;75;0
88;75;0
89;75;0
90;75;0
91;75;0
92;75;0
93;75;0
94;75;0
95;75;0
96;75;0
97;75;0
98;75;0
99;75;0
0;76;42
1;76;15
2;76;15
3;76;15
4;76;15
5;76;10722
6;76;2
7;76;2
8;76;2
9;76;2
10;76;2
11;76;2
12;76;2
13;76;2
14;76;2
15;76;2
16;76;2
17;76;2
18;76;2
19;76;2
20;76;2
21;76;2
22;76;2
23;76;2
24;76;2
25;76;2
26;76;2
27;76;2
28;76;2
29;76;2
30;76;8674
31;76;15
32;76;15
33;76;4578
34;76;2
35;76;2
36;76;2
37;76;2
38;76;2
39;76;2
40;76;2
41;76;2
42;76;2
43;76;2
44;76;2
45;76;2
46;76;2
47;76;2
48;76;2
49;76;2
50;76;2
51;76;42
52;76;0
53;76;0
54;76;0
55;76;0
56;76;0
57;76;0
58;76;0
59;76;0
60;76;0
61;76;0
62;76;0
63;76;0
64;76;0
65;76;0
66;76;0
67;76;0
68;76;0
69;76;0
70;76;0
71;76;0
72;76;0
73;76;0
74;76;0
75;76;0
76;76;0
77;76;0
78;76;0
79;76;0
80;76;0
81;76;0
82;76;0
83;76;0
84;76;0
85;76;0
86;76;0
87;76;0
88;76;0
89;76;0
90;76;0
91;76;0
92;76;0
93;76;0
94;76;0
95;76;0
96;76;0
97;76;0
98;76;0
99;76;0
0;77;42
1;77;15
2;77;15
3;77;15
4;77;15
5;77;3554
6;77;2
7;77;2
8;77;2
9;77;2
10;77;2
11;77;2
12;77;2
13;77;2
14;77;2
15;77;2
16;77;2
17;77;2
18;77;2
19;77;2
20;77;2
21;77;2
22;77;2
23;77;2
24;77;2
25;77;2
26;77;2
27;77;2
28;77;2
29;77;2
30;77;7650
31;77;15
32;77;15
33;77;3554
34;77;2
35;77;2
36;77;2
37;77;2
38;77;2
39;77;2
40;77;2
41;77;2
42;77;2
43;77;2
44;77;2
45;77;2
46;77;2
47;77;2
48;77;2
49;77;2
50;77;2
51;77;42
52;77;0
53;77;0
54;77;0
55;77;0
56;77;0
57;77;0
58;77;0
59;77;0
60;77;0
61;77;0
62;77;0
63;77;0
64;77;0
65;77;0
66;77;0
67;77;0
68;77;0
69;77;0
70;77;0
71;77;0
72;77;0
73;77;0
74;77;0
75;77;0
76;77;0
77;77;0
78;77;0
79;77;0
80;77;0
81;77;0
82;77;0
83;77;0
84;77;0
85;77;0
86;77;0
87;77;0
88;77;0
89;77;0
90;77;0
91;77;0
92;77;0
93;77;0
94;77;0
95;77;0
96;77;0
97;77;0
98;77;0
99;77;0
0;78;42
1;78;42
2;78;42
3;78;42
4;78;42
5;78;42
6;78;42
7;78;42
8;78;42
9;78;42
10;78;42
11;78;42
12;78;42
13;78;42
14;78;42
15;78;42
16;78;42
17;78;42
18;78;42
19;78;42
20;78;42
21;78;42
22;78;42
23;78;42
24;78;42
25;78;42
26;78;42
27;78;42
28;78;42
29;78;42
30;78;42
31;78;42
32;78;42
33;78;42
34;78;42
35;78;42
36;78;42
37;78;42
38;78;2
39;78;2
40;78;42
41;78;42
42;78;42
43;78;42
44;78;42
45;78;2
46;78;2
47;78;42
48;78;42
49;78;42
50;78;42
51;78;42
52;78;0
53;78;0
54;78;0
55;78;0
56;78;0
57;78;0
58;78;0
59;78;0
60;78;0
61;78;0
62;78;0
63;78;0
64;78;0
65;78;0
66;78;0
67;78;0
68;78;0
69;78;0
70;78;0
71;78;0
72;78;0
73;78;0
74;78;0
75;78;0
76;78;0
77;78;0
78;78;0
79;78;0
80;78;0
81;78;0
82;78;0
83;78;0
84;78;0
85;78;0
86;78;0
87;78;0
88;78;0
89;78;0
90;78;0
91;78;0
92;78;0
93;78;0
94;78;0
95;78;0
96;78;0
97;78;0
98;78;0
99;78;0
0;79;0
1;79;0
2;79;0
3;79;0
4;79;0
5;79;0
6;79;0
7;79;0
8;79;0
9;79;0
10;79;0
11;79;0
12;79;0
13;79;0
14;79;0
15;79;0
16;79;0
17;79;0
18;79;0
19;79;0
20;79;0
21;79;0
22;79;0
23;79;0
24;79;0
25;79;0
26;79;0
27;79;0
28;79;0
29;79;0
30;79;0
31;79;0
32;79;0
33;79;0
34;79;0
35;79;0
36;79;0
37;79;0
38;79;0
39;79;0
40;79;0
41;79;0
42;79;0
43;79;0
44;79;0
45;79;0
46;79;0
47;79;0
48;79;0
49;79;0
50;79;0
51;79;0
52;79;0
53;79;0
54;79;0
55;79;0
56;79;0
57;79;0
58;79;0
59;79;0
60;79;0
61;79;0
62;79;0
63;79;0
64;79;0
65;79;0
66;79;0
67;79;0
68;79;0
69;79;0
70;79;0
71;79;0
72;79;0
73;79;0
74;79;0
75;79;0
76;79;0
77;79;0
78;79;0
79;79;0
80;79;0
81;79;0
82;79;0
83;79;0
84;79;0
85;79;0
86;79;0
87;79;0
88;79;0
89;79;0
90;79;0
91;79;0
92;79;0
93;79;0
94;79;0
95;79;0
96;79;0
97;79;0
98;79;0
99;79;0
0;80;0
1;80;0
2;80;0
3;80;0
4;80;0
5;80;0
6;80;0
7;80;0
8;80;0
9;80;0
10;80;0
11;80;0
12;80;0
13;80;0
14;80;0
15;80;0
16;80;0
17;80;0
18;80;0
19;80;0
20;80;0
21;80;0
22;80;0
23;80;0
24;80;0
25;80;0
26;80;0
27;80;0
28;80;0
29;80;0
30;80;0
31;80;0
32;80;0
33;80;0
34;80;0
35;80;0
36;80;0
37;80;0
38;80;0
39;80;0
40;80;0
41;80;0
42;80;0
43;80;0
44;80;0
45;80;0
46;80;0
47;80;0
48;80;0
49;80;0
50;80;0
51;80;0
52;80;0
53;80;0
54;80;0
55;80;0
56;80;0
57;80;0
58;80;0
59;80;0
60;80;0
61;80;0
62;80;0
63;80;0
64;80;0
65;80;0
66;80;0
67;80;0
68;80;0
69;80;0
70;80;0
71;80;0
72;80;0
73;80;0
74;80;0
75;80;0
76;80;0
77;80;0
78;80;0
79;80;0
80;80;0
81;80;0
82;80;0
83;80;0
84;80;0
85;80;0
86;80;0
87;80;0
88;80;0
89;80;0
90;80;0
91;80;0
92;80;0
93;80;0
94;80;0
95;80;0
96;80;0
97;80;0
98;80;0
99;80;0
0;81;0
1;81;0
2;81;0
3;81;0
4;81;0
5;81;0
6;81;0
7;81;0
8;81;0
9;81;0
10;81;0
11;81;0
12;81;0
13;81;0
14;81;0
15;81;0
16;81;0
17;81;0
18;81;0
19;81;0
20;81;0
21;81;0
22;81;0
23;81;0
24;81;0
25;81;0
26;81;0
27;81;0
28;81;0
29;81;0
30;81;0
31;81;0
32;81;0
33;81;0
34;81;0
35;81;0
36;81;0
37;81;0
38;81;0
39;81;0
40;81;0
41;81;0
42;81;0
43;81;0
44;81;0
45;81;0
46;81;0
47;81;0
48;81;0
49;81;0
50;81;0
51;81;0
52;81;0
53;81;0
54;81;0
55;81;0
56;81;0
57;81;0
58;81;0
59;81;0
60;81;0
61;81;0
62;81;0
63;81;0
64;81;0
65;81;0
66;81;0
67;81;0
68;81;0
69;81;0
70;81;0
71;81;0
72;81;0
73;81;0
74;81;0
75;81;0
76;81;0
77;81;0
78;81;0
79;81;0
80;81;0
81;81;0
82;81;0
83;81;0
84;81;0
85;81;0
86;81;0
87;81;0
88;81;0
89;81;0
90;81;0
91;81;0
92;81;0
93;81;0
94;81;0
95;81;0
96;81;0
97;81;0
98;81;0
99;81;0
0;82;0
1;82;0
2;82;0
3;82;0
4;82;0
5;82;0
6;82;0
7;82;0
8;82;0
9;82;0
10;82;0
11;82;0
12;82;0
13;82;0
14;82;0
15;82;0
16;82;0
17;82;0
18;82;0
19;82;0
20;82;0
21;82;0
22;82;0
23;82;0
24;82;0
25;82;0
26;82;0
27;82;0
28;82;0
29;82;0
30;82;0
31;82;0
32;82;0
33;82;0
34;82;0
35;82;0
36;82;0
37;82;0
38;82;0
39;82;0
40;82;0
41;82;0
42;82;0
43;82;0
44;82;0
45;82;0
46;82;0
47;82;0
48;82;0
49;82;0
50;82;0
51;82;0
52;82;0
53;82;0
54;82;0
55;82;0
56;82;0
57;82;0
58;82;0
59;82;0
60;82;0
61;82;0
62;82;0
63;82;0
64;82;0
65;82;0
66;82;0
67;82;0
68;82;0
69;82;0
70;82;0
71;82;0
72;82;0
73;82;0
74;82;0
75;82;0
76;82;0
77;82;0
78;82;0
79;82;0
80;82;0
81;82;0
82;82;0
83;82;0
84;82;0
85;82;0
86;82;0
87;82;0
88;82;0
89;82;0
90;82;0
91;82;0
92;82;0
93;82;0
94;82;0
95;82;0
96;82;0
97;82;0
98;82;0
99;82;0
0;83;0
1;83;0
2;83;0
3;83;0
4;83;0
5;83;0
6;83;0
7;83;0
8;83;0
9;83;0
10;83;0
11;83;0
12;83;0
13;83;0
14;83;0
15;83;0
16;83;0
17;83;0
18;83;0
19;83;0
20;83;0
21;83;0
22;83;0
23;83;0
24;83;0
25;83;0
26;83;0
27;83;0
28;83;0
29;83;0
30;83;0
31;83;0
32;83;0
33;83;0
34;83;0
35;83;0
36;83;0
37;83;0
38;83;0
39;83;0
40;83;0
41;83;0
42;83;0
43;83;0
44;83;0
45;83;0
46;83;0
47;83;0
48;83;0
49;83;0
50;83;0
51;83;0
52;83;0
53;83;0
54;83;0
55;83;0
56;83;0
57;83;0
58;83;0
59;83;0
60;83;0
61;83;0
62;83;0
63;83;0
64;83;0
65;83;0
66;83;0
67;83;0
68;83;0
69;83;0
70;83;0
71;83;0
72;83;0
73;83;0
74;83;0
75;83;0
76;83;0
77;83;0
78;83;0
79;83;0
80;83;0
81;83;0
82;83;0
83;83;0
84;83;0
85;83;0
86;83;0
87;83;0
88;83;0
89;83;0
90;83;0
91;83;0
92;83;0
93;83;0
94;83;0
95;83;0
96;83;0
97;83;0
98;83;0
99;83;0
0;84;0
1;84;0
2;84;0
3;84;0
4;84;0
5;84;0
6;84;0
7;84;0
8;84;0
9;84;0
10;84;0
11;84;0
12;84;0
13;84;0
14;84;0
15;84;0
16;84;0
17;84;0
18;84;0
19;84;0
20;84;0
21;84;0
22;84;0
23;84;0
24;84;0
25;84;0
26;84;0
27;84;0
28;84;0
29;84;0
30;84;0
31;84;0
32;84;0
33;84;0
34;84;0
35;84;0
36;84;0
37;84;0
38;84;0
39;84;0
40;84;0
41;84;0
42;84;0
43;84;0
44;84;0
45;84;0
46;84;0
47;84;0
48;84;0
49;84;0
50;84;0
51;84;0
52;84;0
53;84;0
54;84;0
55;84;0
56;84;0
57;84;0
58;84;0
59;84;0
60;84;0
61;84;0
62;84;0
63;84;0
64;84;0
65;84;0
66;84;0
67;84;0
68;84;0
69;84;0
70;84;0
71;84;0
72;84;0
73;84;0
74;84;0
75;84;0
76;84;0
77;84;0
78;84;0
79;84;0
80;84;0
81;84;0
82;84;0
83;84;0
84;84;0
85;84;0
86;84;0
87;84;0
88;84;0
89;84;0
90;84;0
91;84;0
92;84;0
93;84;0
94;84;0
95;84;0
96;84;0
97;84;0
98;84;0
99;84;0
0;85;0
1;85;0
2;85;0
3;85;0
4;85;0
5;85;0
6;85;0
7;85;0
8;85;0
9;85;0
10;85;0
11;85;0
12;85;0
13;85;0
14;85;0
15;85;0
16;85;0
17;85;0
18;85;0
19;85;0
20;85;0
21;85;0
22;85;0
23;85;0
24;85;0
25;85;0
26;85;0
27;85;0
28;85;0
29;85;0
30;85;0
31;85;0
32;85;0
33;85;0
34;85;0
35;85;0
36;85;0
37;85;0
38;85;0
39;85;0
40;85;0
41;85;0
42;85;0
43;85;0
44;85;0
45;85;0
46;85;0
47;85;0
48;85;0
49;85;0
50;85;0
51;85;0
52;85;0
53;85;0
54;85;0
55;85;0
56;85;0
57;85;0
58;85;0
59;85;0
60;85;0
61;85;0
62;85;0
63;85;0
64;85;0
65;85;0
66;85;0
67;85;0
68;85;0
69;85;0
70;85;0
71;85;0
72;85;0
73;85;0
74;85;0
75;85;0
76;85;0
77;85;0
78;85;0
79;85;0
80;85;0
81;85;0
82;85;0
83;85;0
84;85;0
85;85;0
86;85;0
87;85;0
88;85;0
89;85;0
90;85;0
91;85;0
92;85;0
93;85;0
94;85;0
95;85;0
96;85;0
97;85;0
98;85;0
99;85;0
0;86;0
1;86;0
2;86;0
3;86;0
4;86;0
5;86;0
6;86;0
7;86;0
8;86;0
9;86;0
10;86;0
11;86;0
12;86;0
13;86;0
14;86;0
15;86;0
16;86;0
17;86;0
18;86;0
19;86;0
20;86;0
21;86;0
22;86;0
23;86;0
24;86;0
25;86;0
26;86;0
27;86;0
28;86;0
29;86;0
30;86;0
31;86;0
32;86;0
33;86;0
34;86;0
35;86;0
36;86;0
37;86;0
38;86;0
39;86;0
40;86;0
41;86;0
42;86;0
43;86;0
44;86;0
45;86;0
46;86;0
47;86;0
48;86;0
49;86;0
50;86;0
51;86;0
52;86;0
53;86;0
54;86;0
55;86;0
56;86;0
57;86;0
58;86;0
59;86;0
60;86;0
61;86;0
62;86;0
63;86;0
64;86;0
65;86;0
66;86;0
67;86;0
68;86;0
69;86;0
70;86;0
71;86;0
72;86;0
73;86;0
74;86;0
75;86;0
76;86;0
77;86;0
78;86;0
79;86;0
80;86;0
81;86;0
82;86;0
83;86;0
84;86;0
85;86;0
86;86;0
87;86;0
88;86;0
89;86;0
90;86;0
91;86;0
92;86;0
93;86;0
94;86;0
95;86;0
96;86;0
97;86;0
98;86;0
99;86;0
0;87;0
1;87;0
2;87;0
3;87;0
4;87;0
5;87;0
6;87;0
7;87;0
8;87;0
9;87;0
10;87;0
11;87;0
12;87;0
13;87;0
14;87;0
15;87;0
16;87;0
17;87;0
18;87;0
19;87;0
20;87;0
21;87;0
22;87;0
23;87;0
24;87;0
25;87;0
26;87;0
27;87;0
28;87;0
29;87;0
30;87;0
31;87;0
32;87;0
33;87;0
34;87;0
35;87;0
36;87;0
37;87;0
38;87;0
39;87;0
40;87;0
41;87;0
42;87;0
43;87;0
44;87;0
45;87;0
46;87;0
47;87;0
48;87;0
49;87;0
50;87;0
51;87;0
52;87;0
53;87;0
54;87;0
55;87;0
56;87;0
57;87;0
58;87;0
59;87;0
60;87;0
61;87;0
62;87;0
63;87;0
64;87;0
65;87;0
66;87;0
67;87;0
68;87;0
69;87;0
70;87;0
71;87;0
72;87;0
73;87;0
74;87;0
75;87;0
76;87;0
77;87;0
78;87;0
79;87;0
80;87;0
81;87;0
82;87;0
83;87;0
84;87;0
85;87;0
86;87;0
87;87;0
88;87;0
89;87;0
90;87;0
91;87;0
92;87;0
93;87;0
94;87;0
95;87;0
96;87;0
97;87;0
98;87;0
99;87;0
0;88;0
1;88;0
2;88;0
3;88;0
4;88;0
5;88;0
6;88;0
7;88;0
8;88;0
9;88;0
10;88;0
11;88;0
12;88;0
13;88;0
14;88;0
15;88;0
16;88;0
17;88;0
18;88;0
19;88;0
20;88;0
21;88;0
22;88;0
23;88;0
24;88;0
25;88;0
26;88;0
27;88;0
28;88;0
29;88;0
30;88;0
31;88;0
32;88;0
33;88;0
34;88;0
35;88;0
36;88;0
37;88;0
38;88;0
39;88;0
40;88;0
41;88;0
42;88;0
43;88;0
44;88;0
45;88;0
46;88;0
47;88;0
48;88;0
49;88;0
50;88;0
51;88;0
52;88;0
53;88;0
54;88;0
55;88;0
56;88;0
57;88;0
58;88;0
59;88;0
60;88;0
61;88;0
62;88;0
63;88;0
64;88;0
65;88;0
66;88;0
67;88;0
68;88;0
69;88;0
70;88;0
71;88;0
72;88;0
73;88;0
74;88;0
75;88;0
76;88;0
77;88;0
78;88;0
79;88;0
80;88;0
81;88;0
82;88;0
83;88;0
84;88;0
85;88;0
86;88;0
87;88;0
88;88;0
89;88;0
90;88;0
91;88;0
92;88;0
93;88;0
94;88;0
95;88;0
96;88;0
97;88;0
98;88;0
99;88;0
0;89;0
1;89;0
2;89;0
3;89;0
4;89;0
5;89;0
6;89;0
7;89;0
8;89;0
9;89;0
10;89;0
11;89;0
12;89;0
13;89;0
14;89;0
15;89;0
16;89;0
17;89;0
18;89;0
19;89;0
20;89;0
21;89;0
22;89;0
23;89;0
24;89;0
25;89;0
26;89;0
27;89;0
28;89;0
29;89;0
30;89;0
31;89;0
32;89;0
33;89;0
34;89;0
35;89;0
36;89;0
37;89;0
38;89;0
39;89;0
40;89;0
41;89;0
42;89;0
43;89;0
44;89;0
45;89;0
46;89;0
47;89;0
48;89;0
49;89;0
50;89;0
51;89;0
52;89;0
53;89;0
54;89;0
55;89;0
56;89;0
57;89;0
58;89;0
59;89;0
60;89;0
61;89;0
62;89;0
63;89;0
64;89;0
65;89;0
66;89;0
67;89;0
68;89;0
69;89;0
70;89;0
71;89;0
72;89;0
73;89;0
74;89;0
75;89;0
76;89;0
77;89;0
78;89;0
79;89;0
80;89;0
81;89;0
82;89;0
83;89;0
84;89;0
85;89;0
86;89;0
87;89;0
88;89;0
89;89;0
90;89;0
91;89;0
92;89;0
93;89;0
94;89;0
95;89;0
96;89;0
97;89;0
98;89;0
99;89;0
0;90;0
1;90;0
2;90;0
3;90;0
4;90;0
5;90;0
6;90;0
7;90;0
8;90;0
9;90;0
10;90;0
11;90;0
12;90;0
13;90;0
14;90;0
15;90;0
16;90;0
17;90;0
18;90;0
19;90;0
20;90;0
21;90;0
22;90;0
23;90;0
24;90;0
25;90;0
26;90;0
27;90;0
28;90;0
29;90;0
30;90;0
31;90;0
32;90;0
33;90;0
34;90;0
35;90;0
36;90;0
37;90;0
38;90;0
39;90;0
40;90;0
41;90;0
42;90;0
43;90;0
44;90;0
45;90;0
46;90;0
47;90;0
48;90;0
49;90;0
50;90;0
51;90;0
52;90;0
53;90;0
54;90;0
55;90;0
56;90;0
57;90;0
58;90;0
59;90;0
60;90;0
61;90;0
62;90;0
63;90;0
64;90;0
65;90;0
66;90;0
67;90;0
68;90;0
69;90;0
70;90;0
71;90;0
72;90;0
73;90;0
74;90;0
75;90;0
76;90;0
77;90;0
78;90;0
79;90;0
80;90;0
81;90;0
82;90;0
83;90;0
84;90;0
85;90;0
86;90;0
87;90;0
88;90;0
89;90;0
90;90;0
91;90;0
92;90;0
93;90;0
94;90;0
95;90;0
96;90;0
97;90;0
98;90;0
99;90;0
0;91;0
1;91;0
2;91;0
3;91;0
4;91;0
5;91;0
6;91;0
7;91;0
8;91;0
9;91;0
10;91;0
11;91;0
12;91;0
13;91;0
14;91;0
15;91;0
16;91;0
17;91;0
18;91;0
19;91;0
20;91;0
21;91;0
22;91;0
23;91;0
24;91;0
25;91;0
26;91;0
27;91;0
28;91;0
29;91;0
30;91;0
31;91;0
32;91;0
33;91;0
34;91;0
35;91;0
36;91;0
37;91;0
38;91;0
39;91;0
40;91;0
41;91;0
42;91;0
43;91;0
44;91;0
45;91;0
46;91;0
47;91;0
48;91;0
49;91;0
50;91;0
51;91;0
52;91;0
53;91;0
54;91;0
55;91;0
56;91;0
57;91;0
58;91;0
59;91;0
60;91;0
61;91;0
62;91;0
63;91;0
64;91;0
65;91;0
66;91;0
67;91;0
68;91;0
69;91;0
70;91;0
71;91;0
72;91;0
73;91;0
74;91;0
75;91;0
76;91;0
77;91;0
78;91;0
79;91;0
80;91;0
81;91;0
82;91;0
83;91;0
84;91;0
85;91;0
86;91;0
87;91;0
88;91;0
89;91;0
90;91;0
91;91;0
92;91;0
93;91;0
94;91;0
95;91;0
96;91;0
97;91;0
98;91;0
99;91;0
0;92;0
1;92;0
2;92;0
3;92;0
4;92;0
5;92;0
6;92;0
7;92;0
8;92;0
9;92;0
10;92;0
11;92;0
12;92;0
13;92;0
14;92;0
15;92;0
16;92;0
17;92;0
18;92;0
19;92;0
20;92;0
21;92;0
22;92;0
23;92;0
24;92;0
25;92;0
26;92;0
27;92;0
28;92;0
29;92;0
30;92;0
31;92;0
32;92;0
33;92;0
34;92;0
35;92;0
36;92;0
37;92;0
38;92;0
39;92;0
40;92;0
41;92;0
42;92;0
43;92;0
44;92;0
45;92;0
46;92;0
47;92;0
48;92;0
49;92;0
50;92;0
51;92;0
52;92;0
53;92;0
54;92;0
55;92;0
56;92;0
57;92;0
58;92;0
59;92;0
60;92;0
61;92;0
62;92;0
63;92;0
64;92;0
65;92;0
66;92;0
67;92;0
68;92;0
69;92;0
70;92;0
71;92;0
72;92;0
73;92;0
74;92;0
75;92;0
76;92;0
77;92;0
78;92;0
79;92;0
80;92;0
81;92;0
82;92;0
83;92;0
84;92;0
85;92;0
86;92;0
87;92;0
88;92;0
89;92;0
90;92;0
91;92;0
92;92;0
93;92;0
94;92;0
95;92;0
96;92;0
97;92;0
98;92;0
99;92;0
0;93;0
1;93;0
2;93;0
3;93;0
4;93;0
5;93;0
6;93;0
7;93;0
8;93;0
9;93;0
10;93;0
11;93;0
12;93;0
13;93;0
14;93;0
15;93;0
16;93;0
17;93;0
18;93;0
19;93;0
20;93;0
21;93;0
22;93;0
23;93;0
24;93;0
25;93;0
26;93;0
27;93;0
28;93;0
29;93;0
30;93;0
31;93;0
32;93;0
33;93;0
34;93;0
35;93;0
36;93;0
37;93;0
38;93;0
39;93;0
40;93;0
41;93;0
42;93;0
43;93;0
44;93;0
45;93;0
46;93;0
47;93;0
48;93;0
49;93;0
50;93;0
51;93;0
52;93;0
53;93;0
54;93;0
55;93;0
56;93;0
57;93;0
58;93;0
59;93;0
60;93;0
61;93;0
62;93;0
63;93;0
64;93;0
65;93;0
66;93;0
67;93;0
68;93;0
69;93;0
70;93;0
71;93;0
72;93;0
73;93;0
74;93;0
75;93;0
76;93;0
77;93;0
78;93;0
79;93;0
80;93;0
81;93;0
82;93;0
83;93;0
84;93;0
85;93;0
86;93;0
87;93;0
88;93;0
89;93;0
90;93;0
91;93;0
92;93;0
93;93;0
94;93;0
95;93;0
96;93;0
97;93;0
98;93;0
99;93;0
0;94;0
1;94;0
2;94;0
3;94;0
4;94;0
5;94;0
6;94;0
7;94;0
8;94;0
9;94;0
10;94;0
11;94;0
12;94;0
13;94;0
14;94;0
15;94;0
16;94;0
17;94;0
18;94;0
19;94;0
20;94;0
21;94;0
22;94;0
23;94;0
24;94;0
25;94;0
26;94;0
27;94;0
28;94;0
29;94;0
30;94;0
31;94;0
32;94;0
33;94;0
34;94;0
35;94;0
36;94;0
37;94;0
38;94;0
39;94;0
40;94;0
41;94;0
42;94;0
43;94;0
44;94;0
45;94;0
46;94;0
47;94;0
48;94;0
49;94;0
50;94;0
51;94;0
52;94;0
53;94;0
54;94;0
55;94;0
56;94;0
57;94;0
58;94;0
59;94;0
60;94;0
61;94;0
62;94;0
63;94;0
64;94;0
65;94;0
66;94;0
67;94;0
68;94;0
69;94;0
70;94;0
71;94;0
72;94;0
73;94;0
74;94;0
75;94;0
76;94;0
77;94;0
78;94;0
79;94;0
80;94;0
81;94;0
82;94;0
83;94;0
84;94;0
85;94;0
86;94;0
87;94;0
88;94;0
89;94;0
90;94;0
91;94;0
92;94;0
93;94;0
94;94;0
95;94;0
96;94;0
97;94;0
98;94;0
99;94;0
0;95;0
1;95;0
2;95;0
3;95;0
4;95;0
5;95;0
6;95;0
7;95;0
8;95;0
9;95;0
10;95;0
11;95;0
12;95;0
13;95;0
14;95;0
15;95;0
16;95;0
17;95;0
18;95;0
19;95;0
20;95;0
21;95;0
22;95;0
23;95;0
24;95;0
25;95;0
26;95;0
27;95;0
28;95;0
29;95;0
30;95;0
31;95;0
32;95;0
33;95;0
34;95;0
35;95;0
36;95;0
37;95;0
38;95;0
39;95;0
40;95;0
41;95;0
42;95;0
43;95;0
44;95;0
45;95;0
46;95;0
47;95;0
48;95;0
49;95;0
50;95;0
51;95;0
52;95;0
53;95;0
54;95;0
55;95;0
56;95;0
57;95;0
58;95;0
59;95;0
60;95;0
61;95;0
62;95;0
63;95;0
64;95;0
65;95;0
66;95;0
67;95;0
68;95;0
69;95;0
70;95;0
71;95;0
72;95;0
73;95;0
74;95;0
75;95;0
76;95;0
77;95;0
78;95;0
79;95;0
80;95;0
81;95;0
82;95;0
83;95;0
84;95;0
85;95;0
86;95;0
87;95;0
88;95;0
89;95;0
90;95;0
91;95;0
92;95;0
93;95;0
94;95;0
95;95;0
96;95;0
97;95;0
98;95;0
99;95;0
0;96;0
1;96;0
2;96;0
3;96;0
4;96;0
5;96;0
6;96;0
7;96;0
8;96;0
9;96;0
10;96;0
11;96;0
12;96;0
13;96;0
14;96;0
15;96;0
16;96;0
17;96;0
18;96;0
19;96;0
20;96;0
21;96;0
22;96;0
23;96;0
24;96;0
25;96;0
26;96;0
27;96;0
28;96;0
29;96;0
30;96;0
31;96;0
32;96;0
33;96;0
34;96;0
35;96;0
36;96;0
37;96;0
38;96;0
39;96;0
40;96;0
41;96;0
42;96;0
43;96;0
44;96;0
45;96;0
46;96;0
47;96;0
48;96;0
49;96;0
50;96;0
51;96;0
52;96;0
53;96;0
54;96;0
55;96;0
56;96;0
57;96;0
58;96;0
59;96;0
60;96;0
61;96;0
62;96;0
63;96;0
64;96;0
65;96;0
66;96;0
67;96;0
68;96;0
69;96;0
70;96;0
71;96;0
72;96;0
73;96;0
74;96;0
75;96;0
76;96;0
77;96;0
78;96;0
79;96;0
80;96;0
81;96;0
82;96;0
83;96;0
84;96;0
85;96;0
86;96;0
87;96;0
88;96;0
89;96;0
90;96;0
91;96;0
92;96;0
93;96;0
94;96;0
95;96;0
96;96;0
97;96;0
98;96;0
99;96;0
0;97;0
1;97;0
2;97;0
3;97;0
4;97;0
5;97;0
6;97;0
7;97;0
8;97;0
9;97;0
10;97;0
11;97;0
12;97;0
13;97;0
14;97;0
15;97;0
16;97;0
17;97;0
18;97;0
19;97;0
20;97;0
21;97;0
22;97;0
23;97;0
24;97;0
25;97;0
26;97;0
27;97;0
28;97;0
29;97;0
30;97;0
31;97;0
32;97;0
33;97;0
34;97;0
35;97;0
36;97;0
37;97;0
38;97;0
39;97;0
40;97;0
41;97;0
42;97;0
43;97;0
44;97;0
45;97;0
46;97;0
47;97;0
48;97;0
49;97;0
50;97;0
51;97;0
52;97;0
53;97;0
54;97;0
55;97;0
56;97;0
57;97;0
58;97;0
59;97;0
60;97;0
61;97;0
62;97;0
63;97;0
64;97;0
65;97;0
66;97;0
67;97;0
68;97;0
69;97;0
70;97;0
71;97;0
72;97;0
73;97;0
74;97;0
75;97;0
76;97;0
77;97;0
78;97;0
79;97;0
80;97;0
81;97;0
82;97;0
83;97;0
84;97;0
85;97;0
86;97;0
87;97;0
88;97;0
89;97;0
90;97;0
91;97;0
92;97;0
93;97;0
94;97;0
95;97;0
96;97;0
97;97;0
98;97;0
99;97;0
0;98;0
1;98;0
2;98;0
3;98;0
4;98;0
5;98;0
6;98;0
7;98;0
8;98;0
9;98;0
10;98;0
11;98;0
12;98;0
13;98;0
14;98;0
15;98;0
16;98;0
17;98;0
18;98;0
19;98;0
20;98;0
21;98;0
22;98;0
23;98;0
24;98;0
25;98;0
26;98;0
27;98;0
28;98;0
29;98;0
30;98;0
31;98;0
32;98;0
33;98;0
34;98;0
35;98;0
36;98;0
37;98;0
38;98;0
39;98;0
40;98;0
41;98;0
42;98;0
43;98;0
44;98;0
45;98;0
46;98;0
47;98;0
48;98;0
49;98;0
50;98;0
51;98;0
52;98;0
53;98;0
54;98;0
55;98;0
56;98;0
57;98;0
58;98;0
59;98;0
60;98;0
61;98;0
62;98;0
63;98;0
64;98;0
65;98;0
66;98;0
67;98;0
68;98;0
69;98;0
70;98;0
71;98;0
72;98;0
73;98;0
74;98;0
75;98;0
76;98;0
77;98;0
78;98;0
79;98;0
80;98;0
81;98;0
82;98;0
83;98;0
84;98;0
85;98;0
86;98;0
87;98;0
88;98;0
89;98;0
90;98;0
91;98;0
92;98;0
93;98;0
94;98;0
95;98;0
96;98;0
97;98;0
98;98;0
99;98;0
0;99;0
1;99;0
2;99;0
3;99;0
4;99;0
5;99;0
6;99;0
7;99;0
8;99;0
9;99;0
10;99;0
11;99;0
12;99;0
13;99;0
14;99;0
15;99;0
16;99;0
17;99;0
18;99;0
19;99;0
20;99;0
21;99;0
22;99;0
23;99;0
24;99;0
25;99;0
26;99;0
27;99;0
28;99;0
29;99;0
30;99;0
31;99;0
32;99;0
33;99;0
34;99;0
35;99;0
36;99;0
37;99;0
38;99;0
39;99;0
40;99;0
41;99;0
42;99;0
43;99;0
44;99;0
45;99;0
46;99;0
47;99;0
48;99;0
49;99;0
50;99;0
51;99;0
52;99;0
53;99;0
54;99;0
55;99;0
56;99;0
57;99;0
58;99;0
59;99;0
60;99;0
61;99;0
62;99;0
63;99;0
64;99;0
65;99;0
66;99;0
67;99;0
68;99;0
69;99;0
70;99;0
71;99;0
72;99;0
73;99;0
74;99;0
75;99;0
76;99;0
77;99;0
78;99;0
79;99;0
80;99;0
81;99;0
82;99;0
83;99;0
84;99;0
85;99;0
86;99;0
87;99;0
88;99;0
89;99;0
90;99;0
91;99;0
92;99;0
93;99;0
94;99;0
95;99;0
96;99;0
97;99;0
98;99;0
99;99;0
