17;0;0;287;0
18;0;0;287;0
19;0;0;287;0
20;0;0;287;0
21;0;0;287;0
22;0;0;287;0
23;0;0;287;0
24;0;0;287;0
25;0;0;287;0
26;0;0;287;0
27;0;0;287;0
28;0;0;287;0
29;0;0;287;0
30;0;0;287;0
31;0;0;287;0
32;0;0;287;0
33;0;0;287;0
34;0;0;287;0
35;0;0;287;0
36;0;0;287;0
37;0;0;287;0
38;0;0;287;0
39;0;0;287;0
40;0;0;287;0
41;0;0;287;0
42;0;0;287;0
43;0;0;287;0
44;0;0;287;0
45;0;0;287;0
46;0;0;287;0
47;0;0;287;0
48;0;0;287;0
17;1;0;287;0
18;1;0;287;0
19;1;0;287;0
20;1;0;287;0
21;1;0;287;0
22;1;0;287;0
23;1;0;287;0
24;1;0;287;0
25;1;0;287;0
26;1;0;287;0
27;1;0;287;0
27;1;1;287;0
28;1;0;287;0
29;1;0;287;0
30;1;0;287;0
31;1;0;287;0
32;1;0;287;0
33;1;0;287;0
34;1;0;287;0
35;1;0;287;0
36;1;0;287;0
37;1;0;287;0
38;1;0;287;0
39;1;0;287;0
40;1;0;287;0
41;1;0;287;0
42;1;0;287;0
43;1;0;287;0
44;1;0;287;0
45;1;0;287;0
46;1;0;287;0
47;1;0;287;0
48;1;0;287;0
17;2;0;287;0
18;2;0;287;0
19;2;0;287;0
20;2;0;287;0
21;2;0;287;0
22;2;0;287;0
23;2;0;287;0
24;2;0;287;0
25;2;0;287;0
26;2;0;287;0
27;2;0;287;0
28;2;0;287;0
29;2;0;287;0
30;2;0;287;0
31;2;0;287;0
32;2;0;287;0
33;2;0;287;0
34;2;0;287;0
35;2;0;287;0
36;2;0;287;0
37;2;0;287;0
38;2;0;287;0
38;2;1;287;0
39;2;0;287;0
40;2;0;287;0
41;2;0;287;0
42;2;0;287;0
43;2;0;287;0
44;2;0;287;0
45;2;0;287;0
46;2;0;287;0
47;2;0;287;0
48;2;0;287;0
17;3;0;287;0
18;3;0;287;0
19;3;0;287;0
20;3;0;287;0
21;3;0;287;0
22;3;0;287;0
23;3;0;287;0
24;3;0;287;0
25;3;0;287;0
26;3;0;287;0
27;3;0;287;0
28;3;0;287;0
29;3;0;287;0
30;3;0;287;0
30;3;1;287;0
31;3;0;287;0
32;3;0;287;0
33;3;0;287;0
34;3;0;287;0
35;3;0;287;0
36;3;0;287;0
37;3;0;287;0
38;3;0;287;0
39;3;0;287;0
40;3;0;287;0
41;3;0;287;0
42;3;0;287;0
43;3;0;287;0
44;3;0;287;0
45;3;0;287;0
46;3;0;287;0
47;3;0;287;0
48;3;0;287;0
17;4;0;287;0
18;4;0;287;0
19;4;0;287;0
20;4;0;287;0
21;4;0;287;0
22;4;0;287;0
23;4;0;287;0
24;4;0;287;0
25;4;0;622;0
26;4;0;622;0
27;4;0;622;0
28;4;0;630;0
29;4;0;287;0
30;4;0;287;0
31;4;0;597;0
32;4;0;622;0
33;4;0;597;0
34;4;0;622;0
35;4;0;597;0
35;4;1;422;0
36;4;0;622;0
37;4;0;597;0
38;4;0;630;0
39;4;0;287;0
40;4;0;287;0
41;4;0;287;0
42;4;0;287;0
43;4;0;287;0
44;4;0;287;0
45;4;0;287;0
46;4;0;287;0
47;4;0;287;0
48;4;0;287;0
17;5;0;287;0
17;5;1;287;0
18;5;0;287;0
18;5;1;287;0
19;5;0;287;0
19;5;1;287;0
20;5;0;287;0
20;5;1;287;0
21;5;0;287;0
21;5;1;287;0
22;5;0;287;0
22;5;1;287;0
23;5;0;287;0
23;5;1;287;0
24;5;0;287;0
26;5;0;319;0
28;5;0;623;0
29;5;0;287;0
30;5;0;287;0
31;5;0;339;0
34;5;0;171;0
36;5;0;402;0
37;5;0;2850;0
38;5;0;169;0
39;5;0;597;0
40;5;0;622;0
41;5;0;630;0
42;5;0;287;0
43;5;0;287;0
43;5;1;287;0
44;5;0;287;0
45;5;0;287;0
46;5;0;287;0
47;5;0;287;0
48;5;0;287;0
17;6;0;287;0
18;6;0;287;0
19;6;0;287;0
20;6;0;287;0
21;6;0;287;0
22;6;0;287;0
23;6;0;287;0
24;6;0;622;0
27;6;0;415;0
28;6;0;623;0
29;6;0;287;0
30;6;0;287;0
31;6;0;599;0
34;6;0;2850;0
40;6;0;415;0
41;6;0;345;0
41;6;1;342;0
42;6;0;287;0
43;6;0;287;0
43;6;1;287;0
44;6;0;287;0
45;6;0;287;0
46;6;0;287;0
47;6;0;287;0
48;6;0;287;0
17;7;0;287;0
18;7;0;287;0
19;7;0;287;0
20;7;0;287;0
21;7;0;287;0
22;7;0;287;0
23;7;0;287;0
28;7;0;629;0
29;7;0;622;0
30;7;0;622;0
31;7;0;102;0
40;7;0;304;0
41;7;0;921;0
41;7;1;342;0
42;7;0;287;0
43;7;0;287;0
43;7;1;287;0
44;7;0;287;0
45;7;0;287;0
46;7;0;287;0
47;7;0;287;0
48;7;0;287;0
17;8;0;287;0
18;8;0;287;0
19;8;0;287;0
20;8;0;287;0
21;8;0;287;0
22;8;0;287;0
23;8;0;287;0
29;8;0;418;0
30;8;0;220;0
31;8;0;339;0
34;8;0;2850;0
35;8;0;2850;0
36;8;0;2850;0
40;8;0;304;0
41;8;0;921;0
41;8;1;347;0
42;8;0;287;0
43;8;0;287;0
43;8;1;287;0
44;8;0;287;0
45;8;0;287;0
46;8;0;287;0
47;8;0;287;0
48;8;0;287;0
17;9;0;287;0
18;9;0;287;0
19;9;0;287;0
20;9;0;287;0
21;9;0;287;0
22;9;0;287;0
23;9;0;287;0
33;9;0;2850;0
34;9;0;320;0
35;9;0;320;0
36;9;0;320;0
37;9;0;2850;0
40;9;0;403;0
41;9;0;623;0
42;9;0;287;0
43;9;0;287;0
43;9;1;287;0
44;9;0;287;0
44;9;1;287;0
44;9;2;287;0
45;9;0;287;0
45;9;1;287;0
46;9;0;287;0
47;9;0;287;0
48;9;0;287;0
17;10;0;287;0
18;10;0;287;0
19;10;0;287;0
20;10;0;287;0
21;10;0;287;0
22;10;0;287;0
23;10;0;287;0
24;10;0;914;0
34;10;0;2850;0
35;10;0;2850;0
36;10;0;2850;0
40;10;0;339;0
41;10;0;287;0
42;10;0;287;0
43;10;0;287;0
43;10;1;287;0
43;10;2;287;0
44;10;0;287;0
45;10;0;287;0
46;10;0;287;0
47;10;0;287;0
48;10;0;287;0
17;11;0;287;0
18;11;0;287;0
19;11;0;287;0
20;11;0;287;0
21;11;0;287;0
22;11;0;287;0
23;11;0;287;0
40;11;0;339;0
41;11;0;287;0
42;11;0;287;0
42;11;1;287;0
42;11;2;287;0
43;11;0;287;0
43;11;1;287;0
43;11;2;287;0
43;11;3;287;0
43;11;4;287;0
44;11;0;287;0
45;11;0;287;0
46;11;0;287;0
47;11;0;287;0
48;11;0;287;0
17;12;0;287;0
18;12;0;287;0
19;12;0;287;0
20;12;0;287;0
21;12;0;287;0
22;12;0;287;0
23;12;0;287;0
24;12;0;287;0
40;12;0;339;0
41;12;0;287;0
42;12;0;287;0
43;12;0;287;0
44;12;0;287;0
45;12;0;287;0
46;12;0;287;0
47;12;0;287;0
48;12;0;287;0
49;12;0;287;0
17;13;0;287;0
18;13;0;287;0
19;13;0;287;0
20;13;0;287;0
21;13;0;287;0
22;13;0;287;0
23;13;0;287;0
24;13;0;287;0
26;13;0;914;0
40;13;0;596;0
40;13;1;415;0
41;13;0;287;0
42;13;0;287;0
43;13;0;287;0
44;13;0;287;0
45;13;0;287;0
46;13;0;287;0
47;13;0;287;0
48;13;0;287;0
49;13;0;287;0
17;14;0;287;0
18;14;0;287;0
19;14;0;287;0
20;14;0;287;0
21;14;0;287;0
22;14;0;287;0
23;14;0;287;0
24;14;0;287;0
34;14;0;2488;0
38;14;0;404;0
38;14;1;51;0
39;14;0;629;0
40;14;0;630;0
41;14;0;287;0
42;14;0;287;0
43;14;0;287;0
43;14;1;287;0
44;14;0;287;0
45;14;0;287;0
46;14;0;287;0
47;14;0;287;0
48;14;0;287;0
49;14;0;287;0
9;15;0;361;0
17;15;0;287;0
18;15;0;287;0
19;15;0;287;0
20;15;0;287;0
21;15;0;287;0
22;15;0;287;0
23;15;0;287;0
24;15;0;287;0
24;15;1;287;0
29;15;0;422;0
34;15;0;2850;0
37;15;0;321;35
40;15;0;629;0
41;15;0;287;0
42;15;0;287;0
43;15;0;287;0
43;15;1;287;0
44;15;0;287;0
45;15;0;287;0
46;15;0;287;0
47;15;0;287;0
48;15;0;287;0
49;15;0;287;0
17;16;0;287;0
18;16;0;287;0
19;16;0;287;0
20;16;0;287;0
21;16;0;287;0
22;16;0;287;0
23;16;0;287;0
24;16;0;287;0
24;16;1;287;0
25;16;0;287;0
26;16;0;287;0
37;16;0;321;39
40;16;0;221;0
41;16;0;287;0
42;16;0;287;0
43;16;0;287;0
43;16;1;287;0
44;16;0;287;0
45;16;0;287;0
46;16;0;287;0
47;16;0;287;0
48;16;0;287;0
49;16;0;287;0
17;17;0;287;0
18;17;0;287;0
19;17;0;287;0
20;17;0;287;0
21;17;0;287;0
22;17;0;287;0
23;17;0;287;0
23;17;1;287;0
24;17;0;287;0
24;17;1;287;0
25;17;0;287;0
25;17;1;287;0
25;17;2;287;0
26;17;0;287;0
27;17;0;287;0
27;17;1;287;0
40;17;0;415;0
41;17;0;287;0
42;17;0;287;0
43;17;0;287;0
43;17;1;287;0
44;17;0;287;0
45;17;0;287;0
46;17;0;287;0
47;17;0;287;0
48;17;0;287;0
49;17;0;287;0
50;17;0;287;0
51;17;0;287;0
52;17;0;287;0
53;17;0;287;0
17;18;0;287;0
18;18;0;287;0
19;18;0;287;0
20;18;0;287;0
21;18;0;287;0
22;18;0;287;0
23;18;0;287;0
23;18;1;287;0
24;18;0;287;0
25;18;0;287;0
25;18;1;287;0
26;18;0;287;0
26;18;1;287;0
26;18;2;287;0
27;18;0;287;0
27;18;1;287;0
39;18;0;1246;0
40;18;0;627;0
41;18;0;287;0
42;18;0;287;0
43;18;0;287;0
43;18;1;287;0
44;18;0;287;0
45;18;0;287;0
46;18;0;287;0
47;18;0;287;0
48;18;0;287;0
49;18;0;287;0
50;18;0;287;0
51;18;0;287;0
52;18;0;287;0
53;18;0;287;0
17;19;0;287;0
18;19;0;287;0
19;19;0;287;0
20;19;0;287;0
21;19;0;287;0
22;19;0;287;0
23;19;0;287;0
23;19;1;287;0
23;19;2;287;0
24;19;0;287;0
24;19;1;287;0
24;19;2;287;0
25;19;0;287;0
25;19;1;287;0
25;19;2;287;0
26;19;0;287;0
26;19;1;287;0
26;19;2;287;0
27;19;0;287;0
27;19;1;287;0
28;19;0;287;0
28;19;1;287;0
29;19;0;287;0
39;19;0;515;0
40;19;0;629;0
41;19;0;345;0
41;19;1;342;0
42;19;0;287;0
43;19;0;287;0
43;19;1;287;0
44;19;0;287;0
45;19;0;287;0
46;19;0;287;0
47;19;0;287;0
48;19;0;287;0
49;19;0;287;0
50;19;0;287;0
51;19;0;287;0
52;19;0;287;0
53;19;0;287;0
17;20;0;287;0
17;20;1;287;0
18;20;0;287;0
18;20;1;287;0
19;20;0;287;0
19;20;1;287;0
20;20;0;287;0
20;20;1;287;0
20;20;2;287;0
21;20;0;287;0
21;20;1;287;0
22;20;0;287;0
22;20;1;287;0
22;20;2;287;0
23;20;0;287;0
23;20;1;287;0
23;20;2;287;0
23;20;3;287;0
23;20;4;287;0
24;20;0;287;0
24;20;1;287;0
24;20;2;287;0
24;20;3;287;0
25;20;0;287;0
25;20;1;287;0
25;20;2;287;0
25;20;3;287;0
26;20;0;287;0
26;20;1;287;0
26;20;2;287;0
26;20;3;287;0
27;20;0;287;0
27;20;1;287;0
27;20;2;287;0
28;20;0;287;0
28;20;1;287;0
28;20;2;287;0
28;20;3;287;0
29;20;0;287;0
30;20;0;287;0
35;20;0;250;0
39;20;0;2850;0
40;20;0;119;0
41;20;0;921;0
41;20;1;342;0
42;20;0;287;0
43;20;0;287;0
43;20;1;287;0
44;20;0;287;0
45;20;0;287;0
46;20;0;287;0
47;20;0;287;0
48;20;0;287;0
49;20;0;287;0
50;20;0;287;0
51;20;0;287;0
52;20;0;287;0
53;20;0;287;0
54;20;0;287;0
17;21;0;287;0
18;21;0;287;0
19;21;0;287;0
20;21;0;287;0
20;21;1;287;0
21;21;0;287;0
22;21;0;287;0
22;21;1;287;0
23;21;0;287;0
23;21;1;287;0
23;21;2;287;0
24;21;0;287;0
24;21;1;287;0
24;21;2;287;0
24;21;3;287;0
25;21;0;287;0
25;21;1;287;0
25;21;2;287;0
26;21;0;287;0
26;21;1;287;0
26;21;2;287;0
27;21;0;287;0
27;21;1;287;0
27;21;2;287;0
28;21;0;287;0
28;21;1;287;0
28;21;2;287;0
29;21;0;287;0
30;21;0;287;0
40;21;0;404;0
40;21;1;51;0
41;21;0;346;0
41;21;1;342;0
42;21;0;287;0
43;21;0;287;0
43;21;1;287;0
44;21;0;287;0
45;21;0;287;0
46;21;0;287;0
47;21;0;287;0
48;21;0;287;0
49;21;0;287;0
50;21;0;287;0
51;21;0;287;0
52;21;0;287;0
53;21;0;287;0
54;21;0;287;0
17;22;0;287;0
18;22;0;287;0
19;22;0;287;0
20;22;0;287;0
21;22;0;287;0
22;22;0;287;0
23;22;0;287;0
24;22;0;287;0
25;22;0;287;0
26;22;0;287;0
27;22;0;287;0
28;22;0;287;0
29;22;0;287;0
30;22;0;287;0
30;22;1;287;0
40;22;0;339;0
41;22;0;629;0
42;22;0;622;0
43;22;0;622;0
44;22;0;630;0
45;22;0;287;0
46;22;0;287;0
47;22;0;287;0
48;22;0;287;0
49;22;0;287;0
50;22;0;287;0
51;22;0;287;0
52;22;0;287;0
53;22;0;287;0
54;22;0;287;0
17;23;0;287;0
18;23;0;287;0
19;23;0;287;0
20;23;0;287;0
21;23;0;287;0
22;23;0;287;0
23;23;0;287;0
24;23;0;287;0
25;23;0;287;0
26;23;0;287;0
27;23;0;287;0
28;23;0;287;0
29;23;0;287;0
30;23;0;287;0
40;23;0;513;0
41;23;0;513;0
42;23;0;1360;0
43;23;0;1367;0
44;23;0;629;0
45;23;0;622;0
46;23;0;622;0
47;23;0;630;0
48;23;0;287;0
49;23;0;287;0
50;23;0;287;0
51;23;0;287;0
52;23;0;287;0
53;23;0;287;0
54;23;0;287;0
17;24;0;287;0
18;24;0;287;0
19;24;0;287;0
20;24;0;287;0
21;24;0;287;0
22;24;0;287;0
23;24;0;287;0
24;24;0;287;0
25;24;0;287;0
26;24;0;287;0
26;24;1;287;0
27;24;0;287;0
27;24;1;287;0
28;24;0;287;0
28;24;1;287;0
29;24;0;287;0
29;24;1;287;0
30;24;0;287;0
30;24;1;287;0
31;24;0;287;0
32;24;0;287;0
41;24;0;1360;0
47;24;0;629;0
48;24;0;630;0
49;24;0;287;0
50;24;0;287;0
51;24;0;287;0
52;24;0;287;0
53;24;0;287;0
54;24;0;287;0
26;25;0;287;0
26;25;1;287;0
27;25;0;287;0
28;25;0;287;0
29;25;0;287;0
30;25;0;287;0
30;25;1;287;0
31;25;0;287;0
32;25;0;287;0
32;25;1;287;0
47;25;0;422;0
48;25;0;629;0
49;25;0;622;0
50;25;0;597;0
51;25;0;630;0
52;25;0;287;0
53;25;0;287;0
54;25;0;287;0
26;26;0;287;0
26;26;1;287;0
27;26;0;287;0
28;26;0;287;0
28;26;1;287;0
29;26;0;287;0
29;26;1;287;0
30;26;0;287;0
30;26;1;287;0
31;26;0;287;0
32;26;0;287;0
32;26;1;287;0
48;26;0;1245;0
51;26;0;623;0
52;26;0;287;0
53;26;0;287;0
54;26;0;287;0
26;27;0;287;0
27;27;0;287;0
28;27;0;287;0
29;27;0;287;0
30;27;0;287;0
30;27;1;287;0
31;27;0;287;0
32;27;0;287;0
32;27;1;287;0
33;27;0;287;0
48;27;0;1245;0
51;27;0;596;0
52;27;0;287;0
53;27;0;287;0
54;27;0;287;0
29;28;0;287;0
30;28;0;287;0
30;28;1;287;0
31;28;0;287;0
31;28;1;287;0
32;28;0;287;0
33;28;0;287;0
34;28;0;287;0
35;28;0;287;0
48;28;0;627;0
49;28;0;626;0
51;28;0;623;0
52;28;0;287;0
53;28;0;287;0
54;28;0;287;0
29;29;0;287;0
30;29;0;287;0
30;29;1;287;0
31;29;0;287;0
31;29;1;287;0
32;29;0;287;0
33;29;0;287;0
34;29;0;287;0
35;29;0;287;0
36;29;0;287;0
37;29;0;287;0
38;29;0;287;0
39;29;0;287;0
40;29;0;287;0
41;29;0;287;0
48;29;0;629;0
49;29;0;628;0
51;29;0;596;0
52;29;0;287;0
53;29;0;287;0
54;29;0;287;0
29;30;0;287;0
30;30;0;287;0
31;30;0;287;0
31;30;1;287;0
32;30;0;287;0
33;30;0;287;0
34;30;0;287;0
35;30;0;287;0
36;30;0;287;0
37;30;0;287;0
38;30;0;287;0
39;30;0;287;0
40;30;0;287;0
41;30;0;287;0
42;30;0;287;0
43;30;0;287;0
49;30;0;596;0
50;30;0;287;0
51;30;0;287;0
52;30;0;287;0
53;30;0;287;0
54;30;0;287;0
43;31;0;287;0
49;31;0;596;0
50;31;0;287;0
51;31;0;287;0
51;31;1;287;0
52;31;0;287;0
53;31;0;287;0
54;31;0;287;0
43;32;0;287;0
50;32;0;630;0
51;32;0;287;0
51;32;1;287;0
52;32;0;287;0
53;32;0;287;0
54;32;0;287;0
43;33;0;287;0
50;33;0;629;0
51;33;0;630;0
52;33;0;287;0
53;33;0;287;0
54;33;0;287;0
43;34;0;287;0
46;34;0;1254;0
49;34;0;422;0
52;34;0;596;0
52;34;1;596;0
53;34;0;287;0
54;34;0;287;0
43;35;0;287;0
43;35;1;287;0
44;35;0;287;0
45;35;0;1245;0
47;35;0;915;0
52;35;0;596;0
52;35;1;596;0
53;35;0;287;0
54;35;0;287;0
43;36;0;287;0
44;36;0;1245;0
47;36;0;914;0
51;36;0;1273;0
52;36;0;596;0
53;36;0;287;0
54;36;0;597;0
43;37;0;287;0
51;37;0;1273;0
52;37;0;1246;0
52;37;1;596;0
53;37;0;287;0
54;37;0;287;0
43;38;0;287;0
50;38;0;623;0
51;38;0;287;0
52;38;0;1245;0
52;38;1;287;0
53;38;0;287;0
54;38;0;287;0
42;39;0;287;0
43;39;0;287;0
43;39;1;287;0
43;39;2;287;0
43;39;3;287;0
44;39;0;287;0
44;39;1;287;0
45;39;0;287;0
50;39;0;623;0
51;39;0;287;0
52;39;0;287;0
53;39;0;287;0
54;39;0;287;0
42;40;0;287;0
43;40;0;613;0
44;40;0;613;0
45;40;0;613;0
45;40;1;613;0
46;40;0;613;0
47;40;0;613;0
48;40;0;653;3001
49;40;0;657;3001
50;40;0;613;0
51;40;0;613;0
52;40;0;287;0
53;40;0;287;0
54;40;0;287;0
6;41;0;287;0
7;41;0;287;0
8;41;0;287;0
9;41;0;287;0
10;41;0;287;0
11;41;0;287;0
12;41;0;287;0
13;41;0;287;0
14;41;0;287;0
15;41;0;287;0
16;41;0;287;0
17;41;0;287;0
18;41;0;287;0
19;41;0;287;0
20;41;0;287;0
21;41;0;287;0
22;41;0;287;0
23;41;0;287;0
23;41;1;287;0
42;41;0;287;0
43;41;0;613;0
47;41;0;402;0
47;41;1;735;0
50;41;0;513;0
51;41;0;613;0
52;41;0;287;0
53;41;0;287;0
54;41;0;287;0
6;42;0;287;0
7;42;0;287;0
8;42;0;287;0
8;42;1;287;0
9;42;0;287;0
10;42;0;287;0
11;42;0;287;0
12;42;0;287;0
13;42;0;287;0
14;42;0;287;0
15;42;0;629;0
16;42;0;630;0
17;42;0;622;0
18;42;0;622;0
19;42;0;1266;0
20;42;0;627;0
21;42;0;287;0
22;42;0;287;0
23;42;0;287;0
23;42;1;287;0
42;42;0;287;0
43;42;0;613;0
51;42;0;613;0
52;42;0;287;0
53;42;0;287;0
54;42;0;287;0
6;43;0;287;0
7;43;0;287;0
8;43;0;287;0
9;43;0;287;0
10;43;0;287;0
11;43;0;622;0
12;43;0;622;0
12;43;1;622;0
12;43;2;622;0
13;43;0;622;0
14;43;0;622;0
15;43;0;1266;0
15;43;1;421;0
16;43;0;1245;0
17;43;0;1245;0
18;43;0;1245;0
19;43;0;1273;0
20;43;0;630;0
21;43;0;287;0
22;43;0;287;0
23;43;0;287;0
23;43;1;287;0
42;43;0;287;0
43;43;0;613;0
50;43;0;727;0
51;43;0;613;0
6;44;0;287;0
7;44;0;287;0
8;44;0;287;0
9;44;0;287;0
10;44;0;3093;0
10;44;1;287;0
11;44;0;629;0
12;44;0;1266;0
13;44;0;1273;0
14;44;0;1273;0
15;44;0;1265;0
16;44;0;1266;0
17;44;0;1266;0
18;44;0;1272;0
19;44;0;1272;0
20;44;0;1266;0
21;44;0;287;0
22;44;0;287;0
23;44;0;287;0
23;44;1;287;0
42;44;0;287;0
43;44;0;613;0
51;44;0;613;0
6;45;0;287;0
7;45;0;287;0
8;45;0;622;0
9;45;0;622;0
10;45;0;622;0
11;45;0;629;0
12;45;0;1245;0;5
13;45;0;1266;0
14;45;0;1266;0
15;45;0;1266;0
16;45;0;1266;0
17;45;0;628;0
18;45;0;1266;0
19;45;0;629;0
20;45;0;1266;0
21;45;0;287;0
22;45;0;287;0
23;45;0;287;0
42;45;0;287;0
43;45;0;613;0
46;45;0;627;0
47;45;0;626;0
50;45;0;321;35
51;45;0;613;0
6;46;0;622;0
7;46;0;622;0
8;46;0;628;0
9;46;0;1245;0
10;46;0;1245;0;165
11;46;0;1246;0
12;46;0;915;0
13;46;0;1266;0
14;46;0;1266;0
15;46;0;3093;0
16;46;0;628;0
17;46;0;1245;0
18;46;0;628;0
19;46;0;629;0
20;46;0;1266;0
21;46;0;287;0
22;46;0;287;0
23;46;0;287;0
24;46;0;287;0
25;46;0;287;0
25;46;1;287;0
26;46;0;287;0
27;46;0;287;0
28;46;0;287;0
29;46;0;287;0
30;46;0;287;0
31;46;0;287;0
32;46;0;287;0
33;46;0;287;0
34;46;0;287;0
35;46;0;287;0
36;46;0;287;0
37;46;0;287;0
38;46;0;287;0
39;46;0;287;0
39;46;1;287;0
39;46;2;287;0
40;46;0;287;0
41;46;0;287;0
42;46;0;287;0
43;46;0;613;0
46;46;0;629;0
47;46;0;628;0
50;46;0;321;60
51;46;0;613;0
52;46;0;287;0
53;46;0;287;0
54;46;0;287;0
55;46;0;287;0
56;46;0;287;0
57;46;0;287;0
58;46;0;287;0
59;46;0;287;0
60;46;0;287;0
61;46;0;287;0
62;46;0;287;0
63;46;0;287;0
64;46;0;287;0
65;46;0;287;0
66;46;0;287;0
67;46;0;287;0
68;46;0;287;0
69;46;0;287;0
70;46;0;287;0
71;46;0;287;0
72;46;0;287;0
6;47;0;628;0
7;47;0;1273;0
8;47;0;1246;0
9;47;0;1266;0
10;47;0;1266;0
11;47;0;1272;0
12;47;0;1266;0
13;47;0;1272;0
14;47;0;1246;0;285
15;47;0;629;0
16;47;0;915;0
16;47;1;1245;0;6
17;47;0;1272;0
18;47;0;1246;0
19;47;0;1266;0
20;47;0;1266;0
21;47;0;287;0
22;47;0;287;0
23;47;0;287;0
24;47;0;287;0
24;47;1;287;0
25;47;0;287;0
25;47;1;287;0
26;47;0;287;0
27;47;0;287;0
28;47;0;287;0
29;47;0;287;0
30;47;0;287;0
31;47;0;287;0
32;47;0;287;0
33;47;0;287;0
34;47;0;287;0
35;47;0;287;0
36;47;0;287;0
37;47;0;287;0
38;47;0;287;0
39;47;0;287;0
40;47;0;287;0
41;47;0;287;0
42;47;0;287;0
43;47;0;613;0
50;47;0;404;0
50;47;1;517;0
51;47;0;613;0
52;47;0;287;0
53;47;0;287;0
54;47;0;287;0
55;47;0;287;0
56;47;0;287;0
57;47;0;287;0
58;47;0;287;0
59;47;0;287;0
60;47;0;287;0
61;47;0;287;0
62;47;0;287;0
63;47;0;287;0
64;47;0;287;0
65;47;0;287;0
66;47;0;287;0
67;47;0;287;0
68;47;0;287;0
69;47;0;287;0
70;47;0;287;0
71;47;0;287;0
72;47;0;287;0
79;47;0;287;0
80;47;0;287;0
80;47;1;287;0
81;47;0;287;0
81;47;1;287;0
82;47;0;287;0
82;47;1;287;0
83;47;0;287;0
84;47;0;287;0
6;48;0;1266;0
7;48;0;1246;0
8;48;0;1266;0
9;48;0;1266;0
10;48;0;1266;0
11;48;0;1272;0
12;48;0;1272;0
13;48;0;1272;0
14;48;0;1266;0
15;48;0;1273;0
16;48;0;1272;0
17;48;0;1266;0
18;48;0;1273;0;298
19;48;0;627;0
20;48;0;627;0
21;48;0;287;0
22;48;0;287;0
23;48;0;287;0
24;48;0;287;0
25;48;0;287;0
26;48;0;287;0
27;48;0;287;0
28;48;0;287;0
29;48;0;287;0
30;48;0;287;0
31;48;0;287;0
32;48;0;287;0
33;48;0;287;0
34;48;0;287;0
35;48;0;287;0
36;48;0;287;0
37;48;0;287;0
38;48;0;287;0
39;48;0;287;0
40;48;0;287;0
41;48;0;287;0
42;48;0;287;0
43;48;0;613;0
51;48;0;613;0
52;48;0;287;0
53;48;0;287;0
54;48;0;287;0
55;48;0;287;0
56;48;0;287;0
57;48;0;287;0
58;48;0;287;0
59;48;0;287;0
60;48;0;287;0
61;48;0;287;0
62;48;0;287;0
63;48;0;287;0
64;48;0;287;0
65;48;0;287;0
66;48;0;287;0
67;48;0;287;0
68;48;0;287;0
69;48;0;287;0
70;48;0;287;0
71;48;0;287;0
72;48;0;287;0
78;48;0;287;0
79;48;0;287;0
80;48;0;287;0
81;48;0;287;0
82;48;0;287;0
83;48;0;287;0
84;48;0;287;0
6;49;0;1266;0
7;49;0;627;0
8;49;0;626;0
9;49;0;626;0
10;49;0;1266;0
11;49;0;1266;0
12;49;0;1272;0
13;49;0;1266;0
14;49;0;1272;0
15;49;0;1265;0
16;49;0;1266;0
17;49;0;1265;0
18;49;0;1266;0
19;49;0;1266;0
20;49;0;597;0
21;49;0;597;0
22;49;0;597;0
23;49;0;597;0
24;49;0;628;0
25;49;0;1266;0
26;49;0;628;0
27;49;0;628;0
28;49;0;628;0
29;49;0;1266;0
30;49;0;597;0
31;49;0;622;0
32;49;0;597;0
33;49;0;629;0
34;49;0;629;0
35;49;0;628;0
36;49;0;597;0
37;49;0;622;0
38;49;0;597;0
39;49;0;628;0
40;49;0;628;0
41;49;0;287;0
42;49;0;287;0
43;49;0;613;0
51;49;0;613;0
52;49;0;287;0
53;49;0;287;0
54;49;0;287;0
55;49;0;287;0
56;49;0;287;0
57;49;0;287;0
58;49;0;287;0
59;49;0;287;0
60;49;0;287;0
61;49;0;287;0
62;49;0;287;0
63;49;0;287;0
64;49;0;287;0
65;49;0;287;0
66;49;0;287;0
67;49;0;287;0
68;49;0;287;0
69;49;0;287;0
70;49;0;287;0
71;49;0;287;0
72;49;0;287;0
77;49;0;287;0
78;49;0;287;0
79;49;0;597;0
80;49;0;597;0
81;49;0;597;0
82;49;0;630;0
83;49;0;287;0
84;49;0;287;0
85;49;0;287;0
2;50;0;627;0
3;50;0;626;0
6;50;0;1266;0
7;50;0;626;0
8;50;0;3094;0
8;50;1;1246;0
9;50;0;1246;0
10;50;0;1266;0
11;50;0;1266;0
12;50;0;1272;0
13;50;0;1272;0
14;50;0;1273;0
15;50;0;1266;0
16;50;0;1266;0
17;50;0;1266;0
18;50;0;1266;0
19;50;0;1266;0
20;50;0;1266;0
21;50;0;1266;0
22;50;0;1266;0
23;50;0;1266;0
24;50;0;1266;0
25;50;0;1266;0
26;50;0;1266;0
27;50;0;1246;0
28;50;0;1245;0
29;50;0;3096;0
30;50;0;1266;0
31;50;0;1266;0
32;50;0;1266;0
33;50;0;3093;0
34;50;0;1265;0
35;50;0;1266;0
36;50;0;1266;0
37;50;0;1272;0
38;50;0;1266;0
39;50;0;628;0
40;50;0;628;0
41;50;0;287;0
42;50;0;287;0
43;50;0;613;0
44;50;0;1266;0
51;50;0;613;0
52;50;0;287;0
53;50;0;287;0
54;50;0;287;0
55;50;0;287;0
56;50;0;287;0
57;50;0;287;0
58;50;0;287;0
59;50;0;287;0
60;50;0;287;0
61;50;0;287;0
62;50;0;287;0
63;50;0;287;0
64;50;0;287;0
65;50;0;287;0
66;50;0;287;0
67;50;0;287;0
68;50;0;287;0
69;50;0;628;0
70;50;0;627;0
71;50;0;629;0
72;50;0;287;0
77;50;0;287;0
82;50;0;596;0
83;50;0;287;0
84;50;0;287;0
85;50;0;287;0
2;51;0;629;0
3;51;0;628;0
4;51;0;1266;0
5;51;0;1266;0
6;51;0;1266;0
7;51;0;915;0
8;51;0;1266;0
9;51;0;1266;0
10;51;0;1266;0
11;51;0;1266;0
12;51;0;1272;0
13;51;0;1266;0
14;51;0;1266;0
15;51;0;627;0
16;51;0;1266;0
17;51;0;1266;0
18;51;0;1266;0
19;51;0;1266;0
20;51;0;1266;0
21;51;0;1266;0
22;51;0;1266;0
23;51;0;1266;0
24;51;0;1266;0
25;51;0;1266;0
26;51;0;1266;0
27;51;0;1266;0
28;51;0;1266;0
29;51;0;629;0
30;51;0;629;0
31;51;0;628;0
32;51;0;1266;0
33;51;0;1266;0
34;51;0;1266;0
35;51;0;1266;0
36;51;0;1266;0
37;51;0;1266;0
38;51;0;1266;0
39;51;0;1266;0
40;51;0;3095;0
41;51;0;287;0
42;51;0;287;0
43;51;0;613;0
44;51;0;613;0
45;51;0;613;0
46;51;0;613;0
47;51;0;652;3001
48;51;0;656;3001
49;51;0;613;0
50;51;0;613;0
51;51;0;613;0
52;51;0;287;0
53;51;0;287;0
54;51;0;287;0
55;51;0;287;0
56;51;0;1272;0
57;51;0;626;0
58;51;0;626;0
59;51;0;626;0
60;51;0;287;0
61;51;0;287;0
62;51;0;287;0
63;51;0;287;0
64;51;0;287;0
65;51;0;287;0
66;51;0;1272;0
67;51;0;626;0
68;51;0;626;0
69;51;0;1272;0
70;51;0;1272;0
71;51;0;623;0
72;51;0;287;0
77;51;0;287;0
81;51;0;1254;0
82;51;0;623;0
83;51;0;287;0
84;51;0;287;0
85;51;0;287;0
3;52;0;1266;0
4;52;0;1266;0
5;52;0;1266;0
6;52;0;1265;0
7;52;0;1265;0
8;52;0;1266;0
9;52;0;1272;0
10;52;0;1265;0
11;52;0;1266;0
12;52;0;1266;0
13;52;0;1272;0
14;52;0;627;0
15;52;0;1266;0
16;52;0;1266;0
17;52;0;1272;0
18;52;0;1246;0
19;52;0;1246;0
20;52;0;598;0
21;52;0;1266;0
22;52;0;598;0
22;52;1;598;0
23;52;0;598;0
24;52;0;1266;0
25;52;0;1266;0
26;52;0;1272;0
27;52;0;1265;0
28;52;0;1266;0
29;52;0;1266;0
30;52;0;1266;0
31;52;0;1266;0
32;52;0;1266;0
33;52;0;1266;0
34;52;0;1266;0
35;52;0;1272;0
36;52;0;1266;0
37;52;0;1266;0
38;52;0;1266;0
39;52;0;1266;0
41;52;0;287;0
42;52;0;287;0
43;52;0;629;0
44;52;0;628;0
45;52;0;628;0
46;52;0;628;0
49;52;0;627;0
51;52;0;628;0
52;52;0;287;0
53;52;0;287;0
54;52;0;287;0
55;52;0;287;0
56;52;0;628;0
57;52;0;1266;0
58;52;0;1266;0
59;52;0;626;0
60;52;0;287;0
61;52;0;287;0
62;52;0;287;0
63;52;0;287;0
64;52;0;287;0
65;52;0;287;0
66;52;0;626;0
67;52;0;1272;0
68;52;0;1272;0
69;52;0;1272;0
70;52;0;1272;0
71;52;0;623;0
72;52;0;287;0
77;52;0;287;0
80;52;0;28;0
82;52;0;596;0
82;52;1;415;0
83;52;0;287;0
84;52;0;287;0
85;52;0;287;0
3;53;0;1266;0
4;53;0;1266;0
5;53;0;1266;0
6;53;0;1266;0
7;53;0;1266;0
8;53;0;1273;0;95
9;53;0;1266;0
10;53;0;1266;0
11;53;0;1273;0
12;53;0;627;0
13;53;0;629;0
14;53;0;629;0
15;53;0;1266;0
16;53;0;1272;0
17;53;0;1265;0
18;53;0;1273;0
19;53;0;629;0
20;53;0;627;0
21;53;0;628;0
22;53;0;629;0
23;53;0;626;0
24;53;0;1273;0
25;53;0;1266;0
26;53;0;1266;0
27;53;0;1266;0
28;53;0;1272;0
29;53;0;1265;0
30;53;0;1266;0
31;53;0;1266;0
32;53;0;1266;0
33;53;0;1273;0
34;53;0;627;0
35;53;0;626;0
36;53;0;1272;0
37;53;0;1272;0
38;53;0;1266;0
39;53;0;1266;0
41;53;0;3093;0
41;53;1;418;0
42;53;0;628;0
43;53;0;628;0
46;53;0;1266;0
49;53;0;629;0
50;53;0;287;0
51;53;0;287;0
52;53;0;287;0
53;53;0;626;0
54;53;0;627;0
55;53;0;287;0
56;53;0;628;0
57;53;0;1265;0
58;53;0;1272;0
59;53;0;629;0
60;53;0;626;0
61;53;0;630;0
62;53;0;287;0
63;53;0;287;0
64;53;0;287;0
65;53;0;626;0
66;53;0;1272;0
67;53;0;1272;0
68;53;0;1272;0
69;53;0;1272;0
70;53;0;1272;0
71;53;0;630;0
72;53;0;287;0
75;53;0;287;0
76;53;0;287;0
77;53;0;287;0
79;53;0;914;0
82;53;0;623;0
83;53;0;287;0
84;53;0;287;0
85;53;0;287;0
3;54;0;1266;0
4;54;0;1266;0
5;54;0;1266;0
6;54;0;1266;0
7;54;0;1246;0
8;54;0;627;0
9;54;0;629;0
10;54;0;1266;0
11;54;0;1273;0
12;54;0;629;0
13;54;0;3096;0
13;54;1;1273;0
14;54;0;1273;0
15;54;0;1272;0
16;54;0;1266;0
17;54;0;1266;0
18;54;0;1266;0
19;54;0;1266;0
20;54;0;1266;0
21;54;0;1265;0
22;54;0;1266;0
23;54;0;1266;0
24;54;0;1266;0
25;54;0;1272;0
26;54;0;1272;0
27;54;0;1266;0
28;54;0;1266;0
29;54;0;1266;0
30;54;0;1266;0
31;54;0;1266;0
32;54;0;1266;0
33;54;0;1266;0
34;54;0;629;0
35;54;0;628;0
36;54;0;629;0
37;54;0;1272;0
38;54;0;1266;0
39;54;0;1266;0
40;54;0;1265;0
42;54;0;1265;0
43;54;0;1266;0
48;54;0;1265;0
49;54;0;3093;0
49;54;1;422;0
50;54;0;627;0
51;54;0;626;0
52;54;0;626;0
53;54;0;3093;0
54;54;0;626;0
55;54;0;628;0
56;54;0;628;0
57;54;0;1266;0
58;54;0;1272;0
59;54;0;1272;0
60;54;0;3093;0
61;54;0;629;0
62;54;0;628;0
63;54;0;627;0
64;54;0;627;0
65;54;0;1272;0
66;54;0;1272;0
67;54;0;1272;0
68;54;0;627;0
69;54;0;626;0
70;54;0;3093;0
71;54;0;627;0
72;54;0;287;0
73;54;0;287;0
74;54;0;287;0
75;54;0;287;0
79;54;0;914;0
82;54;0;596;0
83;54;0;287;0
84;54;0;287;0
85;54;0;287;0
86;54;0;287;0
87;54;0;287;0
88;54;0;287;0
89;54;0;287;0
90;54;0;287;0
91;54;0;287;0
92;54;0;287;0
93;54;0;287;0
94;54;0;287;0
3;55;0;1265;0
4;55;0;35;0
5;55;0;1266;0
6;55;0;1265;0
7;55;0;1273;0
8;55;0;627;0
9;55;0;3094;0
10;55;0;1266;0
11;55;0;1272;0
12;55;0;1266;0
13;55;0;1266;0
14;55;0;1266;0
15;55;0;1266;0
16;55;0;1266;0
17;55;0;1266;0
18;55;0;1265;0
19;55;0;1266;0
20;55;0;1266;0
21;55;0;1266;0
22;55;0;1265;0
23;55;0;1266;0
24;55;0;627;0
25;55;0;627;0
26;55;0;627;0
27;55;0;627;0
28;55;0;1266;0
29;55;0;1266;0
30;55;0;1266;0
31;55;0;1265;0
32;55;0;1266;0
33;55;0;1266;0
34;55;0;3093;0
35;55;0;629;0
36;55;0;629;0
37;55;0;1266;0
38;55;0;1266;0
39;55;0;1266;0
52;55;0;1272;0
53;55;0;1272;0
54;55;0;1272;0
55;55;0;1272;0
56;55;0;1272;0
57;55;0;1265;0
58;55;0;1272;0
59;55;0;1272;0
60;55;0;1272;0
61;55;0;1272;0
62;55;0;1272;0
63;55;0;1272;0
64;55;0;1272;0
65;55;0;1272;0
66;55;0;1272;0
67;55;0;1272;0
68;55;0;629;0
69;55;0;628;0
70;55;0;1272;0
71;55;0;626;0
72;55;0;597;0
72;55;1;626;0
73;55;0;629;0
74;55;0;597;0
75;55;0;287;0
83;55;0;622;0
84;55;0;597;0
85;55;0;622;0
86;55;0;597;0
87;55;0;622;0
88;55;0;597;0
89;55;0;622;0
91;55;0;287;0
92;55;0;287;0
93;55;0;287;0
94;55;0;287;0
3;56;0;1265;0
4;56;0;1266;0
5;56;0;1266;0
6;56;0;1266;0
7;56;0;1272;0
8;56;0;1266;0
9;56;0;1265;0
10;56;0;1266;0
11;56;0;1266;0
12;56;0;1266;0
13;56;0;1266;0
14;56;0;1266;0
15;56;0;1266;0
16;56;0;1266;0
17;56;0;1266;0
18;56;0;1272;0
19;56;0;1266;0
20;56;0;1266;0
21;56;0;1272;0
22;56;0;1266;0
23;56;0;1266;0
24;56;0;627;0
24;56;1;627;0
25;56;0;627;0
26;56;0;627;0
27;56;0;627;0
28;56;0;627;0
29;56;0;627;0
30;56;0;1266;0
31;56;0;1266;0
32;56;0;1266;0
33;56;0;1266;0
34;56;0;1266;0
35;56;0;1272;0
36;56;0;1266;0
37;56;0;1266;0
38;56;0;1266;0
39;56;0;1266;0
40;56;0;1265;0
49;56;0;1265;0
52;56;0;1272;0
53;56;0;1272;0
54;56;0;1265;0
55;56;0;1265;0
56;56;0;1265;0
57;56;0;1272;0
58;56;0;1272;0
59;56;0;627;0
60;56;0;626;0
61;56;0;1272;0
62;56;0;1272;0
63;56;0;1272;0
64;56;0;1272;0
65;56;0;1272;0
66;56;0;1272;0
67;56;0;1272;0
68;56;0;1272;0
69;56;0;1265;0
70;56;0;1272;0
71;56;0;1272;0
72;56;0;1272;0
73;56;0;1246;0
74;56;0;629;0
75;56;0;630;0
76;56;0;287;0
83;56;0;613;0
84;56;0;270;0
86;56;0;2836;0
87;56;0;418;0
90;56;0;513;0
91;56;0;596;0
91;56;1;8;0
92;56;0;287;0
93;56;0;287;0
94;56;0;287;0
3;57;0;1266;0
4;57;0;1272;0
5;57;0;1266;0
6;57;0;1266;0
7;57;0;1266;0
8;57;0;1266;0
9;57;0;1266;0
10;57;0;1266;0
11;57;0;627;0
12;57;0;1265;0
13;57;0;1266;0
14;57;0;627;0
15;57;0;627;0
16;57;0;629;0
16;57;1;629;0
17;57;0;629;0
18;57;0;1265;0
19;57;0;629;0
20;57;0;1265;0
21;57;0;629;0
22;57;0;1266;0
23;57;0;287;0
24;57;0;287;0
25;57;0;287;0
26;57;0;287;0
27;57;0;629;0
28;57;0;1266;0
29;57;0;627;0
30;57;0;628;0
31;57;0;628;0
32;57;0;1266;0
33;57;0;1266;0
34;57;0;1266;0
35;57;0;1266;0
36;57;0;1266;0
37;57;0;1266;0
38;57;0;1266;0
39;57;0;1266;0
41;57;0;1265;0
42;57;0;1265;0
47;57;0;1266;0
50;57;0;627;0
51;57;0;626;0
52;57;0;1272;0
53;57;0;1272;0
54;57;0;1265;0
55;57;0;1272;0
56;57;0;1272;0
57;57;0;1265;0
58;57;0;1272;0
59;57;0;629;0
60;57;0;628;0
61;57;0;1272;0
62;57;0;1272;0
63;57;0;1272;0
64;57;0;1272;0
65;57;0;1272;0
66;57;0;1272;0
67;57;0;1272;0
68;57;0;1272;0
69;57;0;1272;0
70;57;0;1272;0
71;57;0;1272;0
72;57;0;1265;0
75;57;0;629;0
76;57;0;630;0
77;57;0;287;0
83;57;0;401;0
91;57;0;513;0
92;57;0;287;0
93;57;0;287;0
94;57;0;287;0
3;58;0;1266;0
4;58;0;1272;0
5;58;0;1266;0
6;58;0;1266;0
7;58;0;1266;0
8;58;0;627;0
9;58;0;1266;0
10;58;0;626;0
11;58;0;1266;0
12;58;0;627;0
13;58;0;627;0
14;58;0;1266;0
15;58;0;1266;0
16;58;0;626;0
16;58;1;626;0
16;58;2;626;0
17;58;0;626;0
17;58;1;629;0
17;58;2;629;0
18;58;0;1266;0
19;58;0;629;0
20;58;0;1266;0
21;58;0;629;0
22;58;0;1266;0
23;58;0;287;0
24;58;0;287;0
25;58;0;287;0
26;58;0;287;0
27;58;0;629;0
28;58;0;627;0
29;58;0;1266;0
30;58;0;628;0
31;58;0;628;0
32;58;0;628;0
33;58;0;628;0
34;58;0;628;0
34;58;1;626;0
35;58;0;626;0
36;58;0;626;0
37;58;0;626;0
37;58;1;626;0
38;58;0;626;0
39;58;0;1266;0
40;58;0;1265;0
42;58;0;629;0
43;58;0;629;0
44;58;0;628;0
44;58;1;629;0
45;58;0;628;0
46;58;0;628;0
47;58;0;1265;0
48;58;0;1266;0
50;58;0;629;0
51;58;0;628;0
52;58;0;1272;0
53;58;0;1272;0
54;58;0;1265;0
55;58;0;1272;0
56;58;0;1272;0
57;58;0;1272;0
58;58;0;1272;0
59;58;0;1265;0
60;58;0;1272;0
61;58;0;1272;0
62;58;0;1272;0
63;58;0;1272;0
64;58;0;1272;0
65;58;0;1272;0
66;58;0;1272;0
67;58;0;1272;0
68;58;0;1272;0
69;58;0;1265;0
70;58;0;1272;0
71;58;0;1272;0
72;58;0;1272;0
73;58;0;1266;0
74;58;0;1266;0
75;58;0;1266;0
76;58;0;629;0
77;58;0;623;0
84;58;0;172;0
86;58;0;172;0
89;58;0;212;0
91;58;0;596;0
92;58;0;287;0
93;58;0;287;0
94;58;0;287;0
3;59;0;1266;0
4;59;0;1266;0
5;59;0;1266;0
6;59;0;1266;0
7;59;0;627;0
8;59;0;629;0
9;59;0;628;0
10;59;0;626;0
11;59;0;626;0
12;59;0;1266;0
13;59;0;287;0
13;59;1;627;0
14;59;0;287;0
15;59;0;287;0
16;59;0;287;0
17;59;0;287;0
17;59;1;287;0
18;59;0;287;0
18;59;1;287;0
18;59;2;287;0
19;59;0;287;0
19;59;1;287;0
19;59;2;287;0
20;59;0;287;0
20;59;1;287;0
21;59;0;287;0
21;59;1;629;0
22;59;0;1265;0
23;59;0;287;0
24;59;0;287;0
25;59;0;287;0
25;59;1;287;0
26;59;0;287;0
26;59;1;287;0
27;59;0;287;0
28;59;0;1266;0
29;59;0;1266;0
30;59;0;1266;0
31;59;0;1266;0
32;59;0;628;0
33;59;0;628;0
34;59;0;628;0
34;59;1;626;0
35;59;0;626;0
36;59;0;1266;0
37;59;0;626;0
38;59;0;626;0
38;59;1;627;0
39;59;0;627;0
40;59;0;627;0
42;59;0;629;0
43;59;0;629;0
44;59;0;628;0
44;59;1;629;0
45;59;0;628;0
46;59;0;628;0
47;59;0;1265;0
48;59;0;1265;0
51;59;0;1272;0
52;59;0;1265;0
53;59;0;1272;0
54;59;0;1265;0
55;59;0;1272;0
56;59;0;1272;0
57;59;0;1272;0
58;59;0;1266;0
59;59;0;1272;0
60;59;0;1272;0
61;59;0;1272;0
62;59;0;1272;0
63;59;0;1272;0
64;59;0;1272;0
65;59;0;1272;0
66;59;0;1272;0
67;59;0;1272;0
68;59;0;1272;0
69;59;0;1272;0
70;59;0;1272;0
71;59;0;1272;0
72;59;0;1272;0
73;59;0;627;0
74;59;0;626;0
75;59;0;1265;0
76;59;0;1266;0
77;59;0;596;0
78;59;0;287;0
80;59;0;422;0
88;59;0;213;0
89;59;0;320;0
90;59;0;215;0
92;59;0;287;0
93;59;0;287;0
94;59;0;287;0
2;60;0;627;0
3;60;0;627;0
4;60;0;627;0
5;60;0;627;0
6;60;0;627;0
7;60;0;629;0
8;60;0;629;0
9;60;0;1266;0
10;60;0;1266;0
11;60;0;1266;0
12;60;0;287;0
12;60;1;287;0
13;60;0;287;0
13;60;1;287;0
13;60;2;287;0
14;60;0;287;0
14;60;1;287;0
14;60;2;287;0
15;60;0;287;0
16;60;0;287;0
17;60;0;287;0
17;60;1;287;0
18;60;0;287;0
18;60;1;287;0
18;60;2;287;0
19;60;0;287;0
19;60;1;287;0
19;60;2;287;0
20;60;0;287;0
20;60;1;287;0
20;60;2;287;0
20;60;3;287;0
21;60;0;287;0
21;60;1;287;0
21;60;2;287;0
22;60;0;287;0
22;60;1;287;0
23;60;0;287;0
23;60;1;287;0
24;60;0;3092;0
24;60;1;287;0
24;60;2;287;0
24;60;3;287;0
25;60;0;3092;0
25;60;1;287;0
25;60;2;287;0
25;60;3;287;0
25;60;4;287;0
26;60;0;3092;0
26;60;1;287;0
26;60;2;287;0
26;60;3;287;0
26;60;4;287;0
27;60;0;3092;0
27;60;1;287;0
28;60;0;3092;0
29;60;0;1266;0
30;60;0;1266;0
31;60;0;1266;0
32;60;0;1266;0
33;60;0;1266;0
34;60;0;1266;0
35;60;0;1266;0
36;60;0;1272;0
37;60;0;629;0
38;60;0;1266;0
39;60;0;627;0
40;60;0;627;0
41;60;0;3092;0
42;60;0;3092;0
43;60;0;3092;0
44;60;0;627;0
44;60;1;628;0
45;60;0;627;0
45;60;1;628;0
46;60;0;627;0
46;60;1;628;0
47;60;0;627;0
49;60;0;629;0
50;60;0;629;0
50;60;1;626;0
51;60;0;629;0
51;60;1;626;0
51;60;2;626;0
52;60;0;626;0
52;60;1;626;0
53;60;0;626;0
54;60;0;1272;0
55;60;0;1272;0
56;60;0;1272;0
57;60;0;1266;0
58;60;0;1272;0
59;60;0;1272;0
60;60;0;628;0
61;60;0;628;0
62;60;0;1272;0
63;60;0;1272;0
64;60;0;1272;0
65;60;0;1272;0
66;60;0;1272;0
67;60;0;1272;0
68;60;0;1272;0
69;60;0;1272;0
70;60;0;1272;0
71;60;0;1272;0
72;60;0;1272;0
73;60;0;629;0
74;60;0;628;0
75;60;0;1266;0
76;60;0;1266;0
77;60;0;1266;0
78;60;0;287;0
79;60;0;287;0
88;60;0;213;0
89;60;0;320;0
90;60;0;215;0
91;60;0;596;0
92;60;0;287;0
93;60;0;287;0
94;60;0;287;0
3;61;0;287;0
4;61;0;287;0
5;61;0;287;0
6;61;0;287;0
7;61;0;287;0
8;61;0;287;0
9;61;0;287;0
10;61;0;287;0
11;61;0;287;0
12;61;0;287;0
12;61;1;287;0
13;61;0;287;0
13;61;1;287;0
13;61;2;287;0
13;61;3;287;0
14;61;0;287;0
14;61;1;287;0
14;61;2;287;0
14;61;3;287;0
15;61;0;287;0
16;61;0;287;0
17;61;0;287;0
18;61;0;287;0
19;61;0;287;0
20;61;0;287;0
20;61;1;287;0
20;61;2;287;0
21;61;0;287;0
21;61;1;287;0
22;61;0;287;0
22;61;1;287;0
23;61;0;287;0
23;61;1;287;0
24;61;0;3092;0
24;61;1;287;0
24;61;2;287;0
24;61;3;287;0
25;61;0;3092;0
25;61;1;287;0
25;61;2;287;0
25;61;3;287;0
25;61;4;287;0
26;61;0;3092;0
26;61;1;287;0
26;61;2;287;0
26;61;3;287;0
26;61;4;287;0
27;61;0;3092;0
27;61;1;287;0
28;61;0;3092;0
29;61;0;1266;0
30;61;0;1266;0
31;61;0;3092;0
32;61;0;3092;0
33;61;0;3092;0
34;61;0;3092;0
35;61;0;1266;0
36;61;0;1272;0
37;61;0;629;0
38;61;0;1266;0
39;61;0;1266;0
41;61;0;3092;0
42;61;0;3092;0
43;61;0;3092;0
44;61;0;627;0
45;61;0;627;0
46;61;0;627;0
47;61;0;627;0
49;61;0;629;0
50;61;0;629;0
51;61;0;629;0
51;61;1;629;0
51;61;2;626;0
52;61;0;629;0
52;61;1;626;0
53;61;0;629;0
53;61;1;626;0
54;61;0;1272;0
55;61;0;1272;0
56;61;0;628;0
57;61;0;628;0
58;61;0;628;0
59;61;0;1266;0
60;61;0;628;0
61;61;0;628;0
62;61;0;1265;0
63;61;0;628;0
64;61;0;628;0
65;61;0;628;0
66;61;0;1272;0
67;61;0;1272;0
68;61;0;1272;0
69;61;0;1272;0
70;61;0;1265;0
71;61;0;1272;0
72;61;0;1272;0
73;61;0;1266;0
74;61;0;1266;0
75;61;0;1266;0
76;61;0;1266;0
77;61;0;1266;0
78;61;0;623;0
79;61;0;287;0
89;61;0;214;0
92;61;0;287;0
93;61;0;287;0
94;61;0;287;0
3;62;0;287;0
4;62;0;287;0
5;62;0;287;0
6;62;0;287;0
7;62;0;287;0
8;62;0;287;0
8;62;1;287;0
9;62;0;287;0
9;62;1;287;0
10;62;0;287;0
10;62;1;287;0
11;62;0;287;0
12;62;0;287;0
13;62;0;287;0
13;62;1;287;0
13;62;2;287;0
13;62;3;287;0
14;62;0;287;0
14;62;1;287;0
14;62;2;287;0
14;62;3;287;0
15;62;0;287;0
16;62;0;287;0
17;62;0;3092;0
18;62;0;3092;0
19;62;0;3092;0
20;62;0;3092;0
20;62;1;287;0
21;62;0;3092;0
21;62;1;287;0
22;62;0;3092;0
22;62;1;287;0
22;62;2;287;0
23;62;0;287;0
23;62;1;287;0
24;62;0;3092;0
24;62;1;287;0
24;62;2;287;0
25;62;0;3092;0
25;62;1;287;0
25;62;2;287;0
26;62;0;3092;0
26;62;1;287;0
26;62;2;287;0
27;62;0;3092;0
28;62;0;3092;0
31;62;0;3092;0
32;62;0;3092;0
33;62;0;3092;0
34;62;0;3092;0
40;62;0;1265;0
41;62;0;3092;0
42;62;0;3092;0
43;62;0;3092;0
46;62;0;1265;0
48;62;0;1265;0
50;62;0;1265;0
51;62;0;629;0
51;62;1;626;0
52;62;0;629;0
52;62;1;626;0
53;62;0;629;0
53;62;1;626;0
53;62;2;626;0
54;62;0;626;0
55;62;0;626;0
56;62;0;628;0
57;62;0;628;0
58;62;0;626;0
58;62;1;628;0
59;62;0;626;0
60;62;0;626;0
61;62;0;626;0
62;62;0;626;0
63;62;0;626;0
63;62;1;628;0
64;62;0;628;0
65;62;0;628;0
66;62;0;628;0
67;62;0;628;0
68;62;0;628;0
69;62;0;628;0
70;62;0;628;0
71;62;0;1272;0
72;62;0;1265;0
73;62;0;1266;0
74;62;0;1266;0
75;62;0;1266;0
76;62;0;1266;0
77;62;0;1266;0
78;62;0;596;0
79;62;0;287;0
83;62;0;613;0
88;62;0;321;27
89;62;0;613;0
91;62;0;287;0
92;62;0;287;0
93;62;0;287;0
94;62;0;287;0
3;63;0;287;0
4;63;0;287;0
5;63;0;287;0
6;63;0;287;0
7;63;0;287;0
7;63;1;287;0
8;63;0;287;0
8;63;1;287;0
9;63;0;287;0
9;63;1;287;0
10;63;0;287;0
10;63;1;287;0
11;63;0;287;0
12;63;0;287;0
13;63;0;287;0
13;63;1;287;0
14;63;0;3092;0
14;63;1;287;0
15;63;0;3092;0
16;63;0;3092;0
17;63;0;3092;0
18;63;0;3092;0
19;63;0;3092;0
20;63;0;3092;0
21;63;0;3092;0
22;63;0;3092;0
22;63;1;287;0
23;63;0;3092;0
23;63;1;287;0
24;63;0;3092;0
25;63;0;3092;0
26;63;0;3092;0
27;63;0;3092;0
28;63;0;3092;0
29;63;0;3092;0
30;63;0;3092;0
31;63;0;3092;0
31;63;1;3092;0
32;63;0;3092;0
32;63;1;3092;0
33;63;0;3092;0
33;63;1;3092;0
34;63;0;3092;0
34;63;1;3092;0
35;63;0;3092;0
36;63;0;3092;0
37;63;0;3092;0
38;63;0;3092;0
39;63;0;3092;0
40;63;0;3092;0
41;63;0;3092;0
42;63;0;3092;0
43;63;0;3092;0
44;63;0;3092;0
45;63;0;3092;0
46;63;0;3092;0
47;63;0;3092;0
48;63;0;3092;0
49;63;0;3092;0
50;63;0;3092;0
51;63;0;1266;0
52;63;0;1272;0
53;63;0;626;0
54;63;0;626;0
55;63;0;626;0
56;63;0;628;0
57;63;0;628;0
58;63;0;626;0
58;63;1;628;0
59;63;0;626;0
60;63;0;626;0
61;63;0;626;0
62;63;0;626;0
63;63;0;626;0
64;63;0;1272;0
65;63;0;1272;0
66;63;0;628;0
67;63;0;628;0
68;63;0;628;0
69;63;0;628;0
69;63;1;627;0
70;63;0;628;0
70;63;1;627;0
71;63;0;627;0
72;63;0;627;0
73;63;0;1266;0
74;63;0;1266;0
75;63;0;1266;0
76;63;0;1266;0
77;63;0;1266;0
78;63;0;623;0
79;63;0;287;0
82;63;0;421;0
83;63;0;401;0
90;63;0;409;0
91;63;0;287;0
92;63;0;287;0
93;63;0;287;0
94;63;0;287;0
3;64;0;287;0
4;64;0;287;0
5;64;0;287;0
6;64;0;287;0
7;64;0;287;0
8;64;0;287;0
9;64;0;287;0
10;64;0;287;0
11;64;0;3092;0
12;64;0;3092;0
13;64;0;3092;0
14;64;0;3092;0
15;64;0;3092;0
16;64;0;3092;0
17;64;0;3092;0
18;64;0;3092;0
19;64;0;3092;0
20;64;0;3092;0
21;64;0;3092;0
22;64;0;3092;0
23;64;0;3092;0
24;64;0;3092;0
25;64;0;3092;0
26;64;0;3092;0
27;64;0;3092;0
28;64;0;3092;0
29;64;0;3092;0
30;64;0;3092;0
31;64;0;3092;0
32;64;0;3092;0
33;64;0;3092;0
34;64;0;3092;0
35;64;0;3092;0
36;64;0;3092;0
37;64;0;3092;0
38;64;0;3092;0
39;64;0;3092;0
39;64;1;3092;0
40;64;0;3092;0
41;64;0;3092;0
42;64;0;3092;0
43;64;0;3092;0
44;64;0;3092;0
45;64;0;3092;0
45;64;1;3092;0
46;64;0;3092;0
46;64;1;3092;0
47;64;0;3092;0
47;64;1;3092;0
48;64;0;3092;0
48;64;1;3092;0
49;64;0;3092;0
50;64;0;3092;0
51;64;0;3092;0
52;64;0;1265;0
53;64;0;1265;0
54;64;0;1265;0
55;64;0;1272;0
56;64;0;1272;0
57;64;0;1266;0
58;64;0;1265;0
59;64;0;1272;0
60;64;0;1266;0
61;64;0;1265;0
62;64;0;1272;0
63;64;0;1272;0
64;64;0;1272;0
65;64;0;1272;0
66;64;0;1265;0
67;64;0;1272;0
68;64;0;1272;0
69;64;0;627;0
70;64;0;627;0
71;64;0;627;0
72;64;0;627;0
73;64;0;1266;0
74;64;0;1266;0
75;64;0;1266;0
76;64;0;1266;0
77;64;0;1266;0
78;64;0;596;0
79;64;0;287;0
91;64;0;596;0
92;64;0;287;0
93;64;0;287;0
94;64;0;287;0
6;65;0;3092;0
7;65;0;3092;0
8;65;0;3092;0
9;65;0;3092;0
10;65;0;3092;0
11;65;0;3092;0
12;65;0;3092;0
13;65;0;3092;0
14;65;0;3092;0
15;65;0;3092;0
16;65;0;3092;0
17;65;0;3092;0
18;65;0;3092;0
19;65;0;3092;0
20;65;0;3092;0
20;65;1;3092;0
21;65;0;3092;0
21;65;1;3092;0
22;65;0;3092;0
22;65;1;3092;0
23;65;0;3092;0
24;65;0;3092;0
25;65;0;3092;0
26;65;0;3092;0
27;65;0;3092;0
31;65;0;3092;0
32;65;0;3092;0
33;65;0;3092;0
34;65;0;3092;0
35;65;0;629;0
36;65;0;629;0
37;65;0;629;0
37;65;1;627;0
38;65;0;629;0
39;65;0;3092;0
40;65;0;3092;0
41;65;0;3092;0
42;65;0;3092;0
43;65;0;3092;0
44;65;0;3092;0
45;65;0;3092;0
46;65;0;3092;0
47;65;0;3092;0
48;65;0;3092;0
49;65;0;3090;0
49;65;1;3092;0
50;65;0;3092;0
51;65;0;3092;0
52;65;0;3092;0
53;65;0;3092;0
54;65;0;3092;0
55;65;0;3092;0
56;65;0;3092;0
57;65;0;3092;0
58;65;0;3092;0
59;65;0;3092;0
60;65;0;3092;0
61;65;0;3092;0
62;65;0;3092;0
63;65;0;3092;0
64;65;0;3092;0
65;65;0;3092;0
66;65;0;3092;0
67;65;0;3092;0
68;65;0;1272;0
69;65;0;627;0
70;65;0;627;0
71;65;0;627;0
72;65;0;626;0
73;65;0;626;0
74;65;0;1266;0
75;65;0;1266;0
76;65;0;1266;0
77;65;0;1266;0
78;65;0;623;0
79;65;0;287;0
91;65;0;596;0
92;65;0;287;0
93;65;0;287;0
94;65;0;287;0
6;66;0;3092;0
7;66;0;3092;0
8;66;0;3092;0
9;66;0;3092;0
10;66;0;3092;0
11;66;0;3092;0
12;66;0;3092;0
13;66;0;3092;0
14;66;0;3092;0
15;66;0;3092;0
15;66;1;3092;0
16;66;0;3092;0
16;66;1;3092;0
17;66;0;3092;0
18;66;0;3092;0
19;66;0;3092;0
20;66;0;3092;0
21;66;0;3092;0
22;66;0;3092;0
23;66;0;3092;0
24;66;0;3092;0
25;66;0;3092;0
26;66;0;3092;0
27;66;0;3092;0
31;66;0;3095;0
32;66;0;3092;0
33;66;0;3092;0
34;66;0;3092;0
36;66;0;627;0
38;66;0;627;0
39;66;0;3092;0
40;66;0;3092;0
41;66;0;3092;0
42;66;0;3092;0
43;66;0;3092;0
44;66;0;3092;0
45;66;0;3092;0
46;66;0;3092;0
47;66;0;3092;0
48;66;0;3092;0
49;66;0;3092;0
50;66;0;3092;0
50;66;1;3092;0
51;66;0;3092;0
52;66;0;3092;0
53;66;0;3092;0
54;66;0;3092;0
55;66;0;3092;0
56;66;0;3092;0
57;66;0;3092;0
58;66;0;3092;0
59;66;0;3092;0
60;66;0;3092;0
61;66;0;3092;0
62;66;0;3092;0
63;66;0;3092;0
64;66;0;3092;0
65;66;0;3092;0
66;66;0;3092;0
67;66;0;3092;0
68;66;0;1272;0
69;66;0;627;0
70;66;0;627;0
71;66;0;627;0
72;66;0;626;0
73;66;0;1266;0
74;66;0;1265;0
75;66;0;1266;0
76;66;0;1265;0
77;66;0;1266;0
79;66;0;654;3050
91;66;0;596;0
92;66;0;287;0
93;66;0;287;0
94;66;0;287;0
6;67;0;3092;0
7;67;0;3092;0
8;67;0;3092;0
9;67;0;3092;0
10;67;0;3092;0
11;67;0;3092;0
12;67;0;3092;0
13;67;0;3092;0
14;67;0;3092;0
15;67;0;3092;0
15;67;1;3092;0
16;67;0;3092;0
16;67;1;3092;0
17;67;0;3092;0
18;67;0;3092;0
19;67;0;3092;0
20;67;0;3092;0
21;67;0;3092;0
22;67;0;3092;0
32;67;0;3092;0
33;67;0;3092;0
34;67;0;3092;0
36;67;0;627;0
37;67;0;627;0
39;67;0;3092;0
41;67;0;629;0
42;67;0;3092;0
43;67;0;3092;0
44;67;0;3092;0
45;67;0;1266;0
46;67;0;232;0;161
47;67;0;232;0
48;67;0;915;0
49;67;0;627;0
50;67;0;3092;0
50;67;1;3092;0
51;67;0;3092;0
52;67;0;3092;0
53;67;0;3092;0
54;67;0;3092;0
55;67;0;3092;0
56;67;0;3092;0
57;67;0;3092;0
58;67;0;3092;0
59;67;0;3092;0
60;67;0;3092;0
61;67;0;3092;0
62;67;0;3092;0
63;67;0;3092;0
64;67;0;3092;0
65;67;0;3092;0
66;67;0;3092;0
67;67;0;3092;0
68;67;0;1272;0
69;67;0;626;0
70;67;0;626;0
70;67;1;626;0
71;67;0;1272;0
72;67;0;1272;0
73;67;0;1266;0
74;67;0;627;0
75;67;0;626;0
76;67;0;1266;0
77;67;0;1266;0
79;67;0;658;3050
85;67;0;2850;0
86;67;0;2850;0
91;67;0;596;0
92;67;0;287;0
93;67;0;287;0
94;67;0;287;0
6;68;0;3092;0
7;68;0;3092;0
8;68;0;3092;0
9;68;0;3092;0
10;68;0;3092;0
11;68;0;3092;0
12;68;0;3092;0
13;68;0;3092;0
14;68;0;3092;0
15;68;0;3092;0
16;68;0;3092;0
17;68;0;3092;0
18;68;0;3092;0
31;68;0;3097;0
32;68;0;3092;0
33;68;0;3092;0
34;68;0;3092;0
38;68;0;628;0
39;68;0;915;0
40;68;0;915;0
41;68;0;629;0
42;68;0;629;0
43;68;0;629;0
44;68;0;629;0
45;68;0;1266;0
46;68;0;1265;0
47;68;0;1266;0
48;68;0;3093;0
48;68;1;232;0
49;68;0;629;0
50;68;0;3092;0
51;68;0;3092;0
52;68;0;3092;0
53;68;0;3092;0
54;68;0;3092;0
55;68;0;3092;0
56;68;0;3092;0
57;68;0;3092;0
58;68;0;3092;0
59;68;0;3092;0
60;68;0;3092;0
61;68;0;3092;0
62;68;0;3092;0
63;68;0;3092;0
64;68;0;3092;0
65;68;0;3092;0
66;68;0;3092;0
67;68;0;3092;0
68;68;0;1272;0
69;68;0;626;0
70;68;0;626;0
71;68;0;1265;0
72;68;0;1265;0
73;68;0;627;0
74;68;0;629;0
75;68;0;628;0
76;68;0;626;0
77;68;0;1266;0
79;68;0;287;0
83;68;0;613;0
84;68;0;524;0
85;68;0;524;0
89;68;0;613;0
90;68;0;421;0
91;68;0;623;0
92;68;0;287;0
93;68;0;287;0
94;68;0;287;0
6;69;0;3092;0
7;69;0;3092;0
8;69;0;3092;0
9;69;0;3092;0
10;69;0;3092;0
11;69;0;3092;0
12;69;0;3092;0
13;69;0;3092;0
14;69;0;3092;0
15;69;0;3092;0
16;69;0;3092;0
17;69;0;3092;0
18;69;0;3092;0
28;69;0;3098;0
31;69;0;3100;0
32;69;0;3092;0
33;69;0;3092;0
34;69;0;3092;0
35;69;0;3097;0
36;69;0;3100;0
37;69;0;915;0
38;69;0;3095;0
40;69;0;1265;0
41;69;0;915;0
42;69;0;3095;0
43;69;0;232;0
44;69;0;232;0
45;69;0;1266;0
46;69;0;1266;0
47;69;0;1266;0
48;69;0;1266;0
49;69;0;915;0
50;69;0;3092;0
50;69;1;3092;0
51;69;0;3092;0
51;69;1;3092;0
51;69;2;3092;0
52;69;0;3092;0
52;69;1;3092;0
52;69;2;3092;0
53;69;0;3092;0
53;69;1;3092;0
53;69;2;3092;0
53;69;3;3092;0
54;69;0;3092;0
54;69;1;3092;0
54;69;2;3092;0
55;69;0;3090;0
56;69;0;3092;0
57;69;0;3092;0
58;69;0;3092;0
59;69;0;3092;0
60;69;0;3092;0
61;69;0;3092;0
62;69;0;3092;0
63;69;0;3092;0
64;69;0;3092;0
65;69;0;3092;0
66;69;0;3092;0
67;69;0;3092;0
68;69;0;1265;0
69;69;0;626;0
70;69;0;1266;0
71;69;0;1266;0
72;69;0;914;0
73;69;0;629;0
74;69;0;628;0
75;69;0;629;0
76;69;0;628;0
77;69;0;1266;0
78;69;0;623;0
79;69;0;287;0
81;69;0;421;0
83;69;0;401;0
84;69;0;2850;0
85;69;0;2850;0
89;69;0;218;0
91;69;0;623;0
92;69;0;287;0
93;69;0;287;0
94;69;0;287;0
6;70;0;3092;0
7;70;0;3092;0
8;70;0;3092;0
9;70;0;3092;0
10;70;0;3092;0
11;70;0;3092;0
12;70;0;3092;0
13;70;0;3092;0
14;70;0;3092;0
15;70;0;3092;0
16;70;0;3092;0
17;70;0;3092;0
18;70;0;3092;0
26;70;0;3100;0
27;70;0;3098;0
30;70;0;3099;0
32;70;0;3092;0
33;70;0;3092;0
34;70;0;3095;0
37;70;0;3097;0
39;70;0;1265;0
41;70;0;1266;0
42;70;0;1266;0
43;70;0;1266;0
44;70;0;1265;0
45;70;0;1266;0
46;70;0;1266;0
47;70;0;1266;0
48;70;0;232;0
49;70;0;1266;0
50;70;0;3092;0
51;70;0;3092;0
52;70;0;3092;0
53;70;0;3092;0
53;70;1;3092;0
54;70;0;3092;0
54;70;1;3092;0
55;70;0;3088;0
56;70;0;3092;0
57;70;0;3092;0
58;70;0;3092;0
59;70;0;3092;0
60;70;0;3092;0
61;70;0;3092;0
62;70;0;3092;0
63;70;0;3092;0
64;70;0;3092;0
65;70;0;3092;0
66;70;0;3092;0
67;70;0;3092;0
69;70;0;626;0
70;70;0;1266;0
71;70;0;1266;0
72;70;0;1266;0
73;70;0;1266;0
74;70;0;1266;0
75;70;0;1266;0
76;70;0;1265;0
77;70;0;1266;0
78;70;0;596;0
79;70;0;287;0
91;70;0;596;0
92;70;0;287;0
93;70;0;287;0
94;70;0;287;0
6;71;0;3092;0
7;71;0;3092;0
8;71;0;3092;0
9;71;0;3092;0
10;71;0;3092;0
11;71;0;3092;0
12;71;0;3092;0
13;71;0;3092;0
14;71;0;3092;0
15;71;0;3092;0
16;71;0;3092;0
17;71;0;3092;0
18;71;0;3092;0
24;71;0;3097;0
26;71;0;915;0
27;71;0;3097;0
39;71;0;3098;0
41;71;0;1265;0
42;71;0;1265;0
43;71;0;1266;0
44;71;0;1266;0
45;71;0;1266;0
46;71;0;1266;0
47;71;0;232;0
48;71;0;3090;0
49;71;0;1266;0
50;71;0;3092;0
51;71;0;3092;0
52;71;0;3088;0
53;71;0;3092;0
53;71;1;3092;0
54;71;0;3092;0
54;71;1;3092;0
55;71;0;3092;0
56;71;0;3092;0
57;71;0;3092;0
58;71;0;3092;0
59;71;0;3092;0
60;71;0;3092;0
61;71;0;3092;0
62;71;0;3092;0
63;71;0;3092;0
64;71;0;3092;0
65;71;0;3092;0
66;71;0;3092;0
67;71;0;3092;0
67;71;1;626;0
68;71;0;626;0
69;71;0;626;0
70;71;0;1266;0
71;71;0;1266;0
72;71;0;914;0
73;71;0;627;0
74;71;0;1266;0
75;71;0;1266;0
76;71;0;1265;0
77;71;0;1266;0
78;71;0;623;0
79;71;0;287;0
90;71;0;1911;0
91;71;0;623;0
92;71;0;287;0
93;71;0;287;0
94;71;0;287;0
6;72;0;3092;0
7;72;0;3092;0
8;72;0;3092;0
9;72;0;3092;0
10;72;0;3092;0
11;72;0;3092;0
12;72;0;3092;0
13;72;0;3092;0
14;72;0;3092;0
15;72;0;3092;0
16;72;0;3092;0
22;72;0;3100;0
23;72;0;3099;0
26;72;0;3095;0
38;72;0;3100;0
39;72;0;915;0
41;72;0;1266;0
42;72;0;1266;0
43;72;0;1265;0
44;72;0;1265;0
45;72;0;1266;0
46;72;0;1266;0
47;72;0;627;0
48;72;0;3092;0
49;72;0;3092;0
50;72;0;3092;0
51;72;0;3092;0
52;72;0;3092;0
53;72;0;3092;0
53;72;1;3092;0
54;72;0;3092;0
55;72;0;3092;0
56;72;0;3085;0
57;72;0;3092;0
58;72;0;3085;0
59;72;0;3092;0
60;72;0;3092;0
61;72;0;3085;0
62;72;0;3085;0
63;72;0;3092;0
64;72;0;3085;0
65;72;0;3092;0
66;72;0;3085;0
67;72;0;3085;0
67;72;1;626;0
68;72;0;626;0
69;72;0;626;0
70;72;0;1266;0
71;72;0;1265;0
72;72;0;626;0
73;72;0;629;0
74;72;0;1266;0
75;72;0;1266;0
76;72;0;1265;0
77;72;0;1266;0
78;72;0;596;0
79;72;0;287;0
80;72;0;287;0
91;72;0;596;0
92;72;0;287;0
93;72;0;287;0
94;72;0;287;0
6;73;0;3092;0
7;73;0;3092;0
8;73;0;3092;0
9;73;0;3092;0
10;73;0;3092;0
11;73;0;3092;0
12;73;0;3092;0
13;73;0;3092;0
14;73;0;3092;0
15;73;0;3092;0
16;73;0;3092;0
38;73;0;3099;0
41;73;0;1266;0
42;73;0;1265;0
43;73;0;1266;0
44;73;0;1266;0
45;73;0;915;0
46;73;0;627;0
47;73;0;3088;0
47;73;1;3088;0
47;73;2;627;0
48;73;0;3092;0
48;73;1;3088;0
48;73;2;3088;0
49;73;0;3092;0
49;73;1;3088;0
50;73;0;3092;0
50;73;1;3088;0
51;73;0;3092;0
52;73;0;3092;0
53;73;0;3092;0
54;73;0;3092;0
55;73;0;3092;0
56;73;0;3091;0
57;73;0;3095;0
57;73;1;422;0
59;73;0;915;0
60;73;0;3098;0
63;73;0;1265;0
64;73;0;1265;0
69;73;0;1266;0
70;73;0;1266;0
71;73;0;1266;0
72;73;0;1266;0
73;73;0;1266;0
74;73;0;1266;0
75;73;0;1265;0
76;73;0;1266;0
77;73;0;1266;0
79;73;0;630;0
80;73;0;287;0
81;73;0;287;0
82;73;0;287;0
82;73;1;287;0
83;73;0;287;0
83;73;1;287;0
84;73;0;287;0
84;73;1;287;0
85;73;0;287;0
91;73;0;623;0
92;73;0;287;0
93;73;0;287;0
94;73;0;287;0
6;74;0;3092;0
7;74;0;3092;0
8;74;0;3092;0
9;74;0;3092;0
10;74;0;3092;0
11;74;0;3092;0
12;74;0;3092;0
13;74;0;3092;0
14;74;0;3092;0
15;74;0;3092;0
16;74;0;3092;0
39;74;0;1266;0
41;74;0;1266;0
42;74;0;1266;0
43;74;0;1266;0
44;74;0;232;0
45;74;0;1266;0
46;74;0;1266;0
47;74;0;3088;0
47;74;1;3088;0
48;74;0;3092;0
48;74;1;3088;0
48;74;2;3088;0
49;74;0;3092;0
49;74;1;3088;0
50;74;0;3092;0
50;74;1;3088;0
51;74;0;3092;0
52;74;0;3092;0
53;74;0;3092;0
54;74;0;3092;0
55;74;0;3091;0
56;74;0;1266;0
57;74;0;1266;0
58;74;0;1266;0
59;74;0;1266;0
69;74;0;1266;0
70;74;0;1265;0
71;74;0;1265;0
72;74;0;1266;0
73;74;0;1266;0
74;74;0;1266;0
75;74;0;1266;0
76;74;0;914;0
77;74;0;627;0
78;74;0;628;0
79;74;0;627;0
80;74;0;287;0
81;74;0;287;0
82;74;0;287;0
82;74;1;287;0
83;74;0;287;0
83;74;1;287;0
84;74;0;287;0
84;74;1;287;0
84;74;2;287;0
85;74;0;287;0
85;74;1;287;0
86;74;0;287;0
87;74;0;287;0
88;74;0;287;0
89;74;0;287;0
90;74;0;287;0
91;74;0;287;0
92;74;0;287;0
93;74;0;287;0
94;74;0;287;0
6;75;0;3092;0
7;75;0;3092;0
8;75;0;3092;0
9;75;0;3092;0
10;75;0;3092;0
11;75;0;3092;0
12;75;0;3092;0
13;75;0;3092;0
14;75;0;3092;0
15;75;0;3092;0
16;75;0;3092;0
23;75;0;3097;0
40;75;0;1266;0
41;75;0;1266;0
42;75;0;1265;0
43;75;0;1266;0
44;75;0;627;0
45;75;0;3090;0
46;75;0;3088;0
47;75;0;3088;0
47;75;1;3088;0
48;75;0;3092;0
48;75;1;3088;0
49;75;0;3092;0
49;75;1;3088;0
50;75;0;3092;0
50;75;1;3088;0
51;75;0;3092;0
52;75;0;3092;0
53;75;0;3091;0
54;75;0;3091;0
54;75;1;3091;0
55;75;0;1266;0
56;75;0;1266;0
57;75;0;1266;0
58;75;0;1266;0
59;75;0;1266;0
64;75;0;3098;0
69;75;0;1266;0
70;75;0;1265;0
71;75;0;1266;0
72;75;0;1266;0
73;75;0;1266;0
74;75;0;1266;0
75;75;0;1266;0
76;75;0;1265;0
77;75;0;627;0
78;75;0;628;0
79;75;0;287;0
80;75;0;287;0
80;75;1;287;0
81;75;0;287;0
81;75;1;287;0
82;75;0;287;0
82;75;1;287;0
82;75;2;287;0
83;75;0;287;0
83;75;1;287;0
83;75;2;287;0
84;75;0;287;0
84;75;1;287;0
84;75;2;287;0
84;75;3;287;0
85;75;0;287;0
85;75;1;287;0
86;75;0;287;0
87;75;0;287;0
88;75;0;287;0
89;75;0;287;0
90;75;0;287;0
91;75;0;287;0
92;75;0;287;0
93;75;0;287;0
94;75;0;287;0
6;76;0;3092;0
7;76;0;3092;0
8;76;0;3092;0
9;76;0;3092;0
10;76;0;3092;0
11;76;0;3092;0
12;76;0;3092;0
13;76;0;3092;0
14;76;0;3092;0
22;76;0;3097;0
38;76;0;3098;0
40;76;0;1266;0
41;76;0;1266;0
42;76;0;1266;0
43;76;0;1266;0
44;76;0;915;0
45;76;0;3092;0
45;76;1;3088;0
46;76;0;3092;0
47;76;0;3092;0
47;76;1;3088;0
48;76;0;3092;0
48;76;1;3088;0
49;76;0;3092;0
49;76;1;3088;0
50;76;0;3092;0
50;76;1;3088;0
51;76;0;3092;0
52;76;0;3092;0
53;76;0;1266;0
54;76;0;1266;0
55;76;0;1266;0
56;76;0;1266;0
57;76;0;1266;0
58;76;0;1266;0
59;76;0;1266;0
65;76;0;1266;0
66;76;0;1266;0
67;76;0;1266;0
68;76;0;1265;0
69;76;0;1266;0
70;76;0;1266;0
71;76;0;1266;0
72;76;0;1266;0
73;76;0;1265;0
74;76;0;1266;0
75;76;0;627;0
76;76;0;627;0
77;76;0;627;0
78;76;0;629;0
78;76;1;627;0
78;76;2;628;0
78;76;3;628;0
79;76;0;287;0
80;76;0;287;0
80;76;1;287;0
81;76;0;287;0
81;76;1;287;0
82;76;0;287;0
82;76;1;287;0
82;76;2;287;0
83;76;0;287;0
83;76;1;287;0
83;76;2;287;0
84;76;0;287;0
84;76;1;287;0
84;76;2;287;0
84;76;3;287;0
84;76;4;287;0
85;76;0;287;0
85;76;1;287;0
85;76;2;287;0
86;76;0;287;0
87;76;0;287;0
88;76;0;287;0
89;76;0;287;0
90;76;0;287;0
91;76;0;287;0
92;76;0;287;0
93;76;0;287;0
94;76;0;287;0
6;77;0;3092;0
7;77;0;3092;0
8;77;0;3092;0
9;77;0;3092;0
10;77;0;3092;0
11;77;0;3092;0
12;77;0;3092;0
13;77;0;3092;0
14;77;0;3092;0
36;77;0;3098;0
37;77;0;3098;0
37;77;1;3097;0
38;77;0;3098;0
39;77;0;915;0
40;77;0;1265;0
41;77;0;1266;0
42;77;0;1266;0
43;77;0;1266;0
44;77;0;627;0
45;77;0;3092;0
45;77;1;3088;0
46;77;0;3092;0
47;77;0;3092;0
48;77;0;3092;0
49;77;0;3092;0
50;77;0;3092;0
51;77;0;3092;0
52;77;0;1266;0
53;77;0;1266;0
54;77;0;1266;0
55;77;0;1266;0
56;77;0;1266;0
57;77;0;1266;0
58;77;0;1266;0
59;77;0;1266;0
61;77;0;606;0
62;77;0;602;0
63;77;0;601;0
65;77;0;1266;0
66;77;0;1266;0
67;77;0;1266;0
68;77;0;1266;0
69;77;0;1266;0
70;77;0;1266;0
71;77;0;1266;0
72;77;0;627;0
73;77;0;627;0
74;77;0;1266;0
75;77;0;627;0
76;77;0;627;0
77;77;0;627;0
78;77;0;627;0
78;77;1;628;0
79;77;0;287;0
80;77;0;287;0
81;77;0;287;0
82;77;0;287;0
82;77;1;287;0
83;77;0;287;0
83;77;1;287;0
84;77;0;287;0
84;77;1;287;0
84;77;2;287;0
84;77;3;287;0
85;77;0;287;0
85;77;1;287;0
85;77;2;287;0
86;77;0;287;0
87;77;0;287;0
88;77;0;287;0
89;77;0;287;0
90;77;0;287;0
91;77;0;287;0
92;77;0;287;0
93;77;0;287;0
94;77;0;287;0
6;78;0;3092;0
7;78;0;3092;0
8;78;0;3092;0
9;78;0;3092;0
10;78;0;3092;0
11;78;0;3092;0
12;78;0;3092;0
13;78;0;3092;0
14;78;0;3092;0
22;78;0;3098;0
23;78;0;915;0
36;78;0;3095;0
37;78;0;915;0
38;78;0;3100;0
39;78;0;1265;0
40;78;0;1266;0
41;78;0;1266;0
42;78;0;1266;0
43;78;0;627;0
44;78;0;3090;0
45;78;0;3092;0
46;78;0;3092;0
47;78;0;3092;0
48;78;0;3092;0
49;78;0;3092;0
50;78;0;3092;0
51;78;0;3092;0
52;78;0;1266;0
53;78;0;915;0
54;78;0;1266;0
55;78;0;1266;0
56;78;0;1266;0
57;78;0;1266;0
58;78;0;1266;0
59;78;0;1266;0
65;78;0;1266;0
66;78;0;1266;0
67;78;0;1266;0
68;78;0;1266;0
69;78;0;1266;0
70;78;0;627;0
71;78;0;1266;0
72;78;0;1266;0
73;78;0;1266;0
74;78;0;1266;0
75;78;0;1266;0
76;78;0;1266;0
77;78;0;1266;0
79;78;0;287;0
80;78;0;287;0
80;78;1;287;0
81;78;0;287;0
82;78;0;287;0
83;78;0;287;0
84;78;0;287;0
84;78;1;287;0
84;78;2;287;0
85;78;0;287;0
85;78;1;287;0
86;78;0;287;0
87;78;0;287;0
88;78;0;287;0
89;78;0;287;0
90;78;0;287;0
91;78;0;287;0
92;78;0;287;0
93;78;0;287;0
94;78;0;287;0
6;79;0;3092;0
7;79;0;3092;0
8;79;0;3092;0
9;79;0;3092;0
10;79;0;3092;0
11;79;0;3092;0
12;79;0;3092;0
23;79;0;3097;0
24;79;0;3100;0
38;79;0;1266;0
39;79;0;1266;0
40;79;0;1266;0
41;79;0;1266;0
42;79;0;1266;0
43;79;0;3095;0
43;79;1;422;0
44;79;0;3088;0
45;79;0;3092;0
46;79;0;3092;0
47;79;0;3092;0
48;79;0;3089;0
49;79;0;3091;0
50;79;0;3091;0
50;79;1;3085;0
51;79;0;3091;0
52;79;0;915;0
53;79;0;1266;0
54;79;0;1266;0
55;79;0;627;0
56;79;0;3092;0
57;79;0;3092;0
69;79;0;1266;0
70;79;0;629;0
71;79;0;287;0
72;79;0;287;0
73;79;0;287;0
74;79;0;287;0
75;79;0;287;0
76;79;0;287;0
77;79;0;287;0
78;79;0;287;0
79;79;0;287;0
79;79;1;287;0
80;79;0;287;0
80;79;1;287;0
81;79;0;287;0
81;79;1;287;0
82;79;0;287;0
82;79;1;287;0
83;79;0;287;0
83;79;1;287;0
84;79;0;287;0
84;79;1;287;0
84;79;2;287;0
84;79;3;287;0
85;79;0;287;0
85;79;1;287;0
85;79;2;287;0
86;79;0;287;0
86;79;1;287;0
87;79;0;287;0
87;79;1;287;0
88;79;0;287;0
88;79;1;287;0
89;79;0;287;0
89;79;1;287;0
90;79;0;287;0
90;79;1;287;0
91;79;0;287;0
91;79;1;287;0
92;79;0;287;0
93;79;0;287;0
94;79;0;287;0
6;80;0;3092;0
7;80;0;3092;0
8;80;0;3092;0
9;80;0;3092;0
10;80;0;3092;0
11;80;0;3092;0
12;80;0;3092;0
36;80;0;3099;0
38;80;0;1266;0
39;80;0;1265;0
40;80;0;1266;0
41;80;0;1266;0
42;80;0;1266;0
43;80;0;3093;0
44;80;0;3088;0
45;80;0;3092;0
46;80;0;3092;0
47;80;0;3092;0
48;80;0;1266;0
49;80;0;628;0
50;80;0;628;0
51;80;0;1266;0
52;80;0;1266;0
53;80;0;1266;0
54;80;0;1266;0
55;80;0;3092;0
56;80;0;3092;0
57;80;0;3092;0
69;80;0;1266;0
70;80;0;627;0
71;80;0;287;0
72;80;0;287;0
73;80;0;287;0
74;80;0;287;0
75;80;0;287;0
76;80;0;287;0
77;80;0;287;0
78;80;0;287;0
79;80;0;287;0
80;80;0;287;0
81;80;0;287;0
82;80;0;287;0
83;80;0;287;0
84;80;0;287;0
85;80;0;287;0
86;80;0;287;0
87;80;0;287;0
88;80;0;287;0
89;80;0;287;0
90;80;0;287;0
91;80;0;287;0
92;80;0;287;0
93;80;0;287;0
94;80;0;287;0
6;81;0;3092;0
7;81;0;3092;0
8;81;0;3092;0
9;81;0;3092;0
10;81;0;3092;0
11;81;0;3092;0
12;81;0;3092;0
31;81;0;3092;0
32;81;0;3092;0
35;81;0;3097;0
36;81;0;3100;0
38;81;0;1266;0
39;81;0;1266;0
40;81;0;1266;0
41;81;0;1266;0
42;81;0;1266;0
43;81;0;627;0
44;81;0;3092;0
45;81;0;3092;0
46;81;0;3092;0
47;81;0;3092;0
48;81;0;628;0
49;81;0;628;0
50;81;0;3094;0
51;81;0;1266;0
52;81;0;1266;0
53;81;0;1266;0
54;81;0;915;0
55;81;0;3092;0
56;81;0;3092;0
56;81;1;3092;0
57;81;0;3092;0
69;81;0;1266;0
70;81;0;629;0
71;81;0;287;0
72;81;0;287;0
73;81;0;287;0
74;81;0;287;0
75;81;0;287;0
76;81;0;287;0
77;81;0;287;0
78;81;0;287;0
79;81;0;287;0
80;81;0;287;0
81;81;0;287;0
82;81;0;287;0
83;81;0;287;0
84;81;0;287;0
85;81;0;287;0
86;81;0;287;0
87;81;0;287;0
88;81;0;287;0
89;81;0;287;0
90;81;0;287;0
91;81;0;287;0
92;81;0;287;0
93;81;0;287;0
94;81;0;287;0
6;82;0;3092;0
7;82;0;3092;0
8;82;0;3092;0
9;82;0;3092;0
10;82;0;3092;0
11;82;0;3092;0
12;82;0;3092;0
26;82;0;3097;0
29;82;0;915;0
30;82;0;3099;0
31;82;0;3092;0
32;82;0;3092;0
40;82;0;1265;0
41;82;0;1265;0
42;82;0;1266;0
43;82;0;1266;0
44;82;0;915;0
45;82;0;626;0
46;82;0;3085;0
47;82;0;3085;0
48;82;0;915;0
49;82;0;3094;0
50;82;0;1266;0
51;82;0;1266;0
52;82;0;1266;0
53;82;0;1266;0
54;82;0;1266;0
55;82;0;626;0
56;82;0;3092;0
57;82;0;3092;0
63;82;0;3099;0
70;82;0;629;0
71;82;0;3092;0
72;82;0;3092;0
6;83;0;3092;0
7;83;0;3092;0
8;83;0;3092;0
9;83;0;3092;0
10;83;0;3092;0
11;83;0;3092;0
12;83;0;3092;0
26;83;0;3097;0
30;83;0;3092;0
31;83;0;3092;0
40;83;0;1266;0
48;83;0;1266;0
49;83;0;1266;0
50;83;0;1266;0
51;83;0;1266;0
52;83;0;1266;0
53;83;0;1266;0
54;83;0;1266;0
55;83;0;628;0
56;83;0;3092;0
57;83;0;3092;0
58;83;0;626;0
63;83;0;3099;0
64;83;0;3098;0
70;83;0;3093;0
70;83;1;629;0
71;83;0;3092;0
72;83;0;3092;0
6;84;0;3092;0
7;84;0;3092;0
8;84;0;3092;0
9;84;0;3092;0
10;84;0;3092;0
25;84;0;3100;0
26;84;0;3098;0
27;84;0;915;0
28;84;0;3098;0
30;84;0;3092;0
31;84;0;3092;0
32;84;0;3092;0
33;84;0;3092;0
34;84;0;3092;0
38;84;0;915;0
39;84;0;915;0
48;84;0;1266;0
49;84;0;1266;0
50;84;0;1266;0
51;84;0;1266;0
52;84;0;1266;0
53;84;0;1266;0
54;84;0;1266;0
55;84;0;1266;0
56;84;0;3095;0
57;84;0;626;0
58;84;0;3094;0
70;84;0;629;0
71;84;0;3092;0
72;84;0;3092;0
13;85;0;607;0
30;85;0;3092;0
31;85;0;3092;0
32;85;0;3092;0
33;85;0;3092;0
34;85;0;3092;0
38;85;0;3100;0
39;85;0;915;0
43;85;0;915;0
48;85;0;3099;0
49;85;0;915;0
57;85;0;422;0
60;85;0;3097;0
71;85;0;3092;0
72;85;0;3092;0
13;86;0;609;0
30;86;0;915;0
31;86;0;3098;0
34;86;0;3092;0
38;86;0;3095;0
42;86;0;3098;0
43;86;0;3100;0
44;86;0;915;0
48;86;0;3100;0
52;86;0;3098;0
59;86;0;915;0
60;86;0;3097;0
71;86;0;3092;0
72;86;0;3092;0
7;87;0;2805;0
9;87;0;12;0
11;87;0;2805;0
13;87;0;612;0
15;87;0;2805;0
30;87;0;3098;0
31;87;0;3100;0
34;87;0;3092;0
35;87;0;3099;0
52;87;0;3098;0
54;87;0;3100;0
55;87;0;3099;0
59;87;0;3098;0
68;87;0;3093;0
69;87;0;3092;0
70;87;0;3092;0
71;87;0;3092;0
71;87;1;3092;0
72;87;0;3092;0
72;87;1;3092;0
10;88;0;212;0
11;88;0;212;0
12;88;0;212;0
31;88;0;3095;0
69;88;0;3092;0
70;88;0;3092;0
71;88;0;3092;0
71;88;1;3092;0
72;88;0;3092;0
72;88;1;3092;0
7;89;0;12;0
10;89;0;212;0
11;89;0;212;0
12;89;0;212;0
15;89;0;606;0
16;89;0;603;0
17;89;0;601;0
69;89;0;3092;0
70;89;0;3092;0
71;89;0;3092;0
72;89;0;3092;0
33;90;0;3092;0
34;90;0;3092;0
69;90;0;3092;0
70;90;0;3092;0
71;90;0;3092;0
72;90;0;3092;0
7;91;0;2805;0
9;91;0;3108;0
14;91;0;361;0
15;91;0;2805;0
32;91;0;3098;0
33;91;0;3092;0
34;91;0;3092;0
44;91;0;915;0
45;91;0;3100;0
54;91;0;915;0
55;91;0;3097;0
61;91;0;3097;0
65;91;0;3092;0
66;91;0;3092;0
67;91;0;3092;0
69;91;0;3092;0
70;91;0;3092;0
71;91;0;3092;0
72;91;0;3092;0
20;92;0;3092;0
21;92;0;3092;0
22;92;0;3092;0
23;92;0;3092;0
33;92;0;3092;0
34;92;0;3092;0
36;92;0;3100;0
37;92;0;3099;0
38;92;0;915;0
44;92;0;3095;0
45;92;0;3099;0
64;92;0;915;0
65;92;0;3092;0
66;92;0;3092;0
66;92;1;3092;0
67;92;0;3092;0
67;92;1;3092;0
67;92;2;3092;0
68;92;0;3092;0
68;92;1;3092;0
69;92;0;3092;0
69;92;1;3092;0
70;92;0;3092;0
71;92;0;3092;0
72;92;0;3092;0
7;93;0;12;0
10;93;0;214;0
11;93;0;214;0
12;93;0;214;0
15;93;0;12;0
20;93;0;3092;0
21;93;0;3092;0
22;93;0;3092;0
23;93;0;3092;0
25;93;0;915;0
26;93;0;915;0
27;93;0;3092;0
28;93;0;3092;0
33;93;0;3092;0
34;93;0;3092;0
49;93;0;3098;0
64;93;0;3092;0
65;93;0;3092;0
65;93;1;3092;0
66;93;0;3092;0
66;93;1;3092;0
67;93;0;3092;0
67;93;1;3092;0
68;93;0;3092;0
68;93;1;3092;0
69;93;0;3092;0
69;93;1;3092;0
70;93;0;3092;0
71;93;0;3092;0
72;93;0;3092;0
10;94;0;214;0
11;94;0;214;0
12;94;0;214;0
20;94;0;3092;0
21;94;0;3092;0
22;94;0;3092;0
23;94;0;3092;0
25;94;0;3092;0
26;94;0;3092;0
27;94;0;3092;0
27;94;1;3092;0
28;94;0;3092;0
30;94;0;3092;0
33;94;0;3092;0
34;94;0;3092;0
40;94;0;3093;0
41;94;0;3100;0
57;94;0;3093;0
58;94;0;3092;0
63;94;0;915;0
64;94;0;3092;0
65;94;0;3092;0
65;94;1;3092;0
66;94;0;3092;0
66;94;1;3092;0
67;94;0;3092;0
67;94;1;3092;0
68;94;0;3092;0
68;94;1;3092;0
69;94;0;3092;0
69;94;1;3092;0
70;94;0;3092;0
71;94;0;3092;0
72;94;0;3092;0
7;95;0;2805;0
9;95;0;12;0
11;95;0;2805;0
13;95;0;12;0
15;95;0;2805;0
19;95;0;3092;0
20;95;0;3092;0
20;95;1;3092;0
21;95;0;3092;0
21;95;1;3092;0
22;95;0;3092;0
22;95;1;3092;0
23;95;0;3092;0
23;95;1;3092;0
24;95;0;3092;0
25;95;0;3092;0
26;95;0;3092;0
27;95;0;3092;0
27;95;1;3092;0
28;95;0;3092;0
28;95;1;3092;0
29;95;0;3092;0
30;95;0;3092;0
30;95;1;3092;0
31;95;0;3092;0
33;95;0;3092;0
34;95;0;3092;0
35;95;0;628;0
46;95;0;915;0
47;95;0;628;0
48;95;0;3092;0
49;95;0;3092;0
50;95;0;3092;0
57;95;0;3092;0
58;95;0;3092;0
63;95;0;3093;0
64;95;0;3092;0
65;95;0;3092;0
65;95;1;3092;0
66;95;0;3092;0
66;95;1;3092;0
67;95;0;3092;0
68;95;0;3092;0
69;95;0;3092;0
70;95;0;3092;0
71;95;0;3092;0
72;95;0;3092;0
19;96;0;3092;0
19;96;1;3092;0
20;96;0;3092;0
20;96;1;3092;0
21;96;0;3092;0
21;96;1;3092;0
22;96;0;3092;0
22;96;1;3092;0
23;96;0;3092;0
23;96;1;3092;0
24;96;0;3092;0
24;96;1;3092;0
25;96;0;3092;0
26;96;0;3092;0
27;96;0;3092;0
28;96;0;3092;0
29;96;0;3092;0
30;96;0;3092;0
30;96;1;3092;0
31;96;0;3092;0
32;96;0;3092;0
33;96;0;3092;0
33;96;1;3092;0
34;96;0;3092;0
35;96;0;628;0
45;96;0;915;0
46;96;0;628;0
47;96;0;3092;0
48;96;0;3092;0
49;96;0;3092;0
50;96;0;3092;0
51;96;0;628;0
52;96;0;3094;0
57;96;0;915;0
58;96;0;915;0
64;96;0;915;0
65;96;0;3092;0
66;96;0;3092;0
67;96;0;3092;0
68;96;0;3092;0
69;96;0;3092;0
70;96;0;3092;0
71;96;0;3092;0
72;96;0;3092;0
30;97;0;3092;0
31;97;0;3092;0
32;97;0;3092;0
33;97;0;3092;0
34;97;0;3092;0
46;97;0;3092;0
47;97;0;3092;0
48;97;0;3092;0
49;97;0;3092;0
50;97;0;3092;0
65;97;0;3092;0
66;97;0;3092;0
67;97;0;3092;0
68;97;0;3092;0
69;97;0;3092;0
70;97;0;3092;0
71;97;0;3092;0
72;97;0;3092;0
