L: -3
X: 91
Y: -214
W: 100
H: 100
0;0;42
1;0;42
2;0;42
3;0;42
4;0;42
5;0;42
6;0;42
7;0;42
8;0;42
9;0;42
10;0;2
11;0;2
12;0;2
13;0;2
14;0;2
15;0;2
16;0;2
17;0;2
18;0;2
19;0;2
20;0;2
21;0;2
22;0;2
23;0;2
24;0;2
25;0;2
26;0;2
27;0;2
28;0;2
29;0;2
30;0;2
31;0;2
32;0;2
33;0;2
34;0;2
35;0;2
36;0;2
37;0;2
38;0;2
39;0;2
40;0;2
41;0;2
42;0;2
43;0;2
44;0;2
45;0;2
46;0;2
47;0;2
48;0;2
49;0;2
50;0;2
51;0;2
52;0;2
53;0;2
54;0;2
55;0;2
56;0;2
57;0;2
58;0;2
59;0;2
60;0;2
61;0;2
62;0;2
63;0;2
64;0;2
65;0;2
66;0;2
67;0;2
68;0;2
69;0;2
70;0;2
71;0;2
72;0;2
73;0;2
74;0;2
75;0;2
76;0;2
77;0;2
78;0;2
79;0;2
80;0;2
81;0;2
82;0;2
83;0;2
84;0;2
85;0;2
86;0;2
87;0;2
88;0;2
89;0;2
90;0;0
91;0;0
92;0;0
93;0;0
94;0;0
95;0;0
96;0;0
97;0;0
98;0;0
99;0;0
0;1;42
1;1;7
2;1;7
3;1;7
4;1;7
5;1;7
6;1;7
7;1;7
8;1;42
9;1;42
10;1;42
11;1;42
12;1;42
13;1;42
14;1;42
15;1;42
16;1;42
17;1;42
18;1;42
19;1;42
20;1;42
21;1;42
22;1;42
23;1;42
24;1;42
25;1;42
26;1;42
27;1;2
28;1;2
29;1;2
30;1;2
31;1;2
32;1;2
33;1;2
34;1;2
35;1;2
36;1;2
37;1;2
38;1;42
39;1;42
40;1;42
41;1;42
42;1;42
43;1;42
44;1;42
45;1;42
46;1;42
47;1;42
48;1;42
49;1;42
50;1;42
51;1;42
52;1;42
53;1;42
54;1;42
55;1;42
56;1;42
57;1;42
58;1;42
59;1;2
60;1;2
61;1;2
62;1;2
63;1;2
64;1;2
65;1;2
66;1;2
67;1;2
68;1;2
69;1;2
70;1;2
71;1;2
72;1;2
73;1;2
74;1;2
75;1;2
76;1;2
77;1;2
78;1;2
79;1;2
80;1;2
81;1;2
82;1;2
83;1;2
84;1;2
85;1;2
86;1;2
87;1;2
88;1;2
89;1;2
90;1;0
91;1;0
92;1;0
93;1;0
94;1;0
95;1;0
96;1;0
97;1;0
98;1;0
99;1;0
0;2;42
1;2;7
2;2;7
3;2;7
4;2;7
5;2;7
6;2;7
7;2;7
8;2;7
9;2;7
10;2;7
11;2;7
12;2;7
13;2;7
14;2;2
15;2;2
16;2;2
17;2;2
18;2;2
19;2;2
20;2;2
21;2;2
22;2;2
23;2;4167
24;2;7
25;2;7
26;2;12359
27;2;2
28;2;2
29;2;2
30;2;2
31;2;2
32;2;2
33;2;2
34;2;2
35;2;2
36;2;2
37;2;2
38;2;55
39;2;7
40;2;7
41;2;7
42;2;55
43;2;55
44;2;55
45;2;55
46;2;7
47;2;7
48;2;7
49;2;55
50;2;8263
51;2;2
52;2;2
53;2;2
54;2;2
55;2;2
56;2;2
57;2;2
58;2;2
59;2;2
60;2;2
61;2;2
62;2;2
63;2;2
64;2;2
65;2;2
66;2;2
67;2;2
68;2;2
69;2;2
70;2;2
71;2;2
72;2;2
73;2;2
74;2;2
75;2;2
76;2;2
77;2;2
78;2;2
79;2;2
80;2;2
81;2;2
82;2;2
83;2;2
84;2;2
85;2;2
86;2;2
87;2;2
88;2;2
89;2;2
90;2;0
91;2;0
92;2;0
93;2;0
94;2;0
95;2;0
96;2;0
97;2;0
98;2;0
99;2;0
0;3;42
1;3;7
2;3;7
3;3;7
4;3;7
5;3;7
6;3;7
7;3;7
8;3;7
9;3;7
10;3;7
11;3;7
12;3;7
13;3;7
14;3;2119
15;3;9287
16;3;9287
17;3;9287
18;3;26695
19;3;2
20;3;2
21;3;2
22;3;2
23;3;3143
24;3;7
25;3;7
26;3;12359
27;3;2
28;3;2
29;3;2
30;3;2
31;3;2
32;3;2
33;3;2
34;3;2
35;3;2
36;3;2
37;3;2
38;3;55
39;3;7
40;3;7
41;3;7
42;3;55
43;3;55
44;3;55
45;3;55
46;3;7
47;3;7
48;3;7
49;3;55
50;3;12359
51;3;2
52;3;2
53;3;2
54;3;2
55;3;2
56;3;2
57;3;2
58;3;2
59;3;2
60;3;2
61;3;2
62;3;2
63;3;2
64;3;2
65;3;2
66;3;2
67;3;2
68;3;2
69;3;2
70;3;2
71;3;2
72;3;2
73;3;2
74;3;2
75;3;2
76;3;2
77;3;2
78;3;2
79;3;2
80;3;2
81;3;2
82;3;2
83;3;2
84;3;2
85;3;2
86;3;2
87;3;2
88;3;2
89;3;2
90;3;0
91;3;0
92;3;0
93;3;0
94;3;0
95;3;0
96;3;0
97;3;0
98;3;0
99;3;0
0;4;42
1;4;7
2;4;7
3;4;7
4;4;7
5;4;7
6;4;7
7;4;7
8;4;7
9;4;7
10;4;7
11;4;7
12;4;7
13;4;7
14;4;7
15;4;7
16;4;7
17;4;7
18;4;7239
19;4;2
20;4;17479
21;4;9287
22;4;1095
23;4;7
24;4;7
25;4;7
26;4;12359
27;4;2
28;4;2
29;4;2
30;4;2
31;4;2
32;4;2
33;4;2
34;4;2
35;4;2
36;4;2
37;4;2
38;4;55
39;4;7
40;4;7
41;4;7
42;4;55
43;4;55
44;4;55
45;4;55
46;4;7
47;4;7
48;4;7
49;4;55
50;4;7239
51;4;2
52;4;2
53;4;2
54;4;2
55;4;2
56;4;42
57;4;2
58;4;2
59;4;2
60;4;2
61;4;2
62;4;2
63;4;2
64;4;2
65;4;2
66;4;2
67;4;2
68;4;2
69;4;2
70;4;2
71;4;2
72;4;2
73;4;2
74;4;2
75;4;2
76;4;2
77;4;2
78;4;2
79;4;2
80;4;2
81;4;2
82;4;2
83;4;2
84;4;2
85;4;2
86;4;2
87;4;2
88;4;2
89;4;2
90;4;0
91;4;0
92;4;0
93;4;0
94;4;0
95;4;0
96;4;0
97;4;0
98;4;0
99;4;0
0;5;42
1;5;7
2;5;7
3;5;7
4;5;7
5;5;7
6;5;7
7;5;7
8;5;7
9;5;7
10;5;7
11;5;7
12;5;7
13;5;7
14;5;7
15;5;7
16;5;7
17;5;7
18;5;7
19;5;7
20;5;7
21;5;7
22;5;7
23;5;7
24;5;7
25;5;7
26;5;12359
27;5;2
28;5;2
29;5;2
30;5;2
31;5;2
32;5;2
33;5;2
34;5;2
35;5;2
36;5;2
37;5;2
38;5;55
39;5;7
40;5;7
41;5;7
42;5;55
43;5;55
44;5;55
45;5;55
46;5;7
47;5;7
48;5;7
49;5;55
50;5;55
51;5;55
52;5;55
53;5;55
54;5;55
55;5;55
56;5;42
57;5;2
58;5;2
59;5;2
60;5;2
61;5;2
62;5;2
63;5;2
64;5;2
65;5;2
66;5;2
67;5;2
68;5;2
69;5;2
70;5;2
71;5;2
72;5;2
73;5;2
74;5;2
75;5;2
76;5;2
77;5;2
78;5;2
79;5;2
80;5;2
81;5;2
82;5;2
83;5;2
84;5;2
85;5;2
86;5;2
87;5;2
88;5;2
89;5;2
90;5;0
91;5;0
92;5;0
93;5;0
94;5;0
95;5;0
96;5;0
97;5;0
98;5;0
99;5;0
0;6;42
1;6;7
2;6;7
3;6;7
4;6;7
5;6;7
6;6;7
7;6;7
8;6;7
9;6;7
10;6;7
11;6;7
12;6;7
13;6;7
14;6;7
15;6;7
16;6;7
17;6;7
18;6;7
19;6;7
20;6;7
21;6;7
22;6;7
23;6;7
24;6;7
25;6;7
26;6;12359
27;6;2
28;6;2
29;6;2
30;6;2
31;6;2
32;6;2
33;6;2
34;6;2
35;6;2
36;6;2
37;6;2
38;6;55
39;6;7
40;6;7
41;6;7
42;6;7
43;6;55
44;6;55
45;6;7
46;6;7
47;6;7
48;6;7
49;6;55
50;6;55
51;6;55
52;6;55
53;6;55
54;6;55
55;6;55
56;6;42
57;6;2
58;6;2
59;6;2
60;6;2
61;6;2
62;6;2
63;6;2
64;6;2
65;6;2
66;6;2
67;6;2
68;6;2
69;6;2
70;6;2
71;6;2
72;6;2
73;6;2
74;6;2
75;6;2
76;6;2
77;6;2
78;6;2
79;6;2
80;6;2
81;6;2
82;6;2
83;6;2
84;6;2
85;6;2
86;6;2
87;6;2
88;6;2
89;6;2
90;6;0
91;6;0
92;6;0
93;6;0
94;6;0
95;6;0
96;6;0
97;6;0
98;6;0
99;6;0
0;7;42
1;7;7
2;7;7
3;7;7
4;7;7
5;7;7
6;7;7
7;7;7
8;7;7
9;7;7
10;7;7
11;7;7
12;7;7
13;7;7
14;7;7
15;7;7
16;7;7
17;7;7
18;7;7
19;7;7
20;7;7
21;7;7
22;7;7
23;7;7
24;7;7
25;7;7
26;7;12359
27;7;2
28;7;2
29;7;2
30;7;2
31;7;2
32;7;2
33;7;2
34;7;2
35;7;2
36;7;2
37;7;2
38;7;55
39;7;7
40;7;7
41;7;7
42;7;7
43;7;55
44;7;55
45;7;55
46;7;55
47;7;55
48;7;55
49;7;55
50;7;55
51;7;55
52;7;55
53;7;55
54;7;55
55;7;55
56;7;42
57;7;2
58;7;2
59;7;2
60;7;2
61;7;2
62;7;2
63;7;2
64;7;2
65;7;2
66;7;2
67;7;2
68;7;2
69;7;2
70;7;2
71;7;2
72;7;2
73;7;2
74;7;2
75;7;2
76;7;2
77;7;2
78;7;2
79;7;2
80;7;2
81;7;2
82;7;2
83;7;2
84;7;2
85;7;2
86;7;2
87;7;2
88;7;2
89;7;2
90;7;0
91;7;0
92;7;0
93;7;0
94;7;0
95;7;0
96;7;0
97;7;0
98;7;0
99;7;0
0;8;2
1;8;4167
2;8;7
3;8;7
4;8;7
5;8;7
6;8;7
7;8;7
8;8;7
9;8;7
10;8;7
11;8;7
12;8;7
13;8;7
14;8;7
15;8;7
16;8;7
17;8;7
18;8;7
19;8;7
20;8;7
21;8;7
22;8;7
23;8;7
24;8;7
25;8;7
26;8;7239
27;8;2
28;8;2
29;8;7
30;8;2
31;8;17479
32;8;9287
33;8;9287
34;8;9287
35;8;9287
36;8;18503
37;8;2
38;8;55
39;8;7
40;8;7
41;8;7
42;8;7
43;8;55
44;8;55
45;8;55
46;8;55
47;8;55
48;8;55
49;8;55
50;8;55
51;8;55
52;8;55
53;8;55
54;8;55
55;8;55
56;8;42
57;8;2
58;8;2
59;8;2
60;8;2
61;8;2
62;8;2
63;8;2
64;8;2
65;8;2
66;8;2
67;8;2
68;8;2
69;8;2
70;8;2
71;8;2
72;8;2
73;8;2
74;8;2
75;8;2
76;8;2
77;8;2
78;8;2
79;8;2
80;8;2
81;8;2
82;8;2
83;8;2
84;8;2
85;8;2
86;8;2
87;8;2
88;8;2
89;8;2
90;8;0
91;8;0
92;8;0
93;8;0
94;8;0
95;8;0
96;8;0
97;8;0
98;8;0
99;8;0
0;9;2
1;9;27719
2;9;5191
3;9;7
4;9;7
5;9;7
6;9;7
7;9;7
8;9;7
9;9;7
10;9;7
11;9;7
12;9;7
13;9;7
14;9;7
15;9;7
16;9;7
17;9;7
18;9;7
19;9;7
20;9;7
21;9;7
22;9;7
23;9;7
24;9;7
25;9;7
26;9;7
27;9;14407
28;9;2
29;9;7
30;9;7
31;9;7
32;9;7
33;9;7
34;9;7
35;9;7
36;9;7
37;9;7
38;9;7
39;9;7
40;9;7
41;9;7
42;9;7
43;9;7
44;9;7
45;9;7
46;9;7
47;9;7
48;9;7
49;9;55
50;9;55
51;9;55
52;9;55
53;9;55
54;9;55
55;9;55
56;9;42
57;9;2
58;9;2
59;9;2
60;9;2
61;9;2
62;9;2
63;9;2
64;9;2
65;9;2
66;9;2
67;9;2
68;9;2
69;9;2
70;9;2
71;9;2
72;9;2
73;9;2
74;9;2
75;9;2
76;9;2
77;9;2
78;9;55
79;9;42
80;9;42
81;9;42
82;9;42
83;9;42
84;9;42
85;9;42
86;9;42
87;9;2
88;9;2
89;9;2
90;9;0
91;9;0
92;9;0
93;9;0
94;9;0
95;9;0
96;9;0
97;9;0
98;9;0
99;9;0
0;10;2
1;10;2
2;10;2
3;10;4167
4;10;7
5;10;7
6;10;7
7;10;7
8;10;7
9;10;7
10;10;7
11;10;7
12;10;7
13;10;7
14;10;7
15;10;7
16;10;7
17;10;7
18;10;7
19;10;7
20;10;7
21;10;7
22;10;7
23;10;7
24;10;7
25;10;7
26;10;7
27;10;7
28;10;7
29;10;7
30;10;7
31;10;7
32;10;7
33;10;7
34;10;7
35;10;7
36;10;7
37;10;7
38;10;7
39;10;7
40;10;7
41;10;7
42;10;7
43;10;7
44;10;7
45;10;7
46;10;7
47;10;7
48;10;7
49;10;55
50;10;55
51;10;55
52;10;55
53;10;55
54;10;55
55;10;55
56;10;42
57;10;2
58;10;2
59;10;2
60;10;2
61;10;2
62;10;2
63;10;2
64;10;2
65;10;55
66;10;55
67;10;55
68;10;55
69;10;55
70;10;2
71;10;2
72;10;2
73;10;2
74;10;2
75;10;2
76;10;2
77;10;2
78;10;55
79;10;55
80;10;55
81;10;55
82;10;55
83;10;55
84;10;55
85;10;55
86;10;42
87;10;2
88;10;2
89;10;2
90;10;0
91;10;0
92;10;0
93;10;0
94;10;0
95;10;0
96;10;0
97;10;0
98;10;0
99;10;0
0;11;42
1;11;2
2;11;2
3;11;10311
4;11;7
5;11;7
6;11;7
7;11;7
8;11;7
9;11;7
10;11;7
11;11;7
12;11;7
13;11;7
14;11;7
15;11;7
16;11;7
17;11;7
18;11;7
19;11;7
20;11;7
21;11;7
22;11;7
23;11;7
24;11;7
25;11;7
26;11;7
27;11;7
28;11;7
29;11;7
30;11;7
31;11;7
32;11;7
33;11;7
34;11;7
35;11;7
36;11;7
37;11;7
38;11;7
39;11;7
40;11;7
41;11;7
42;11;7
43;11;7
44;11;7
45;11;7
46;11;7
47;11;7
48;11;7
49;11;55
50;11;55
51;11;55
52;11;55
53;11;55
54;11;55
55;11;55
56;11;42
57;11;2
58;11;2
59;11;2
60;11;2
61;11;2
62;11;2
63;11;2
64;11;2
65;11;55
66;11;55
67;11;55
68;11;55
69;11;55
70;11;2
71;11;2
72;11;2
73;11;2
74;11;2
75;11;2
76;11;2
77;11;2
78;11;55
79;11;55
80;11;55
81;11;55
82;11;55
83;11;55
84;11;55
85;11;55
86;11;42
87;11;2
88;11;2
89;11;2
90;11;0
91;11;0
92;11;0
93;11;0
94;11;0
95;11;0
96;11;0
97;11;0
98;11;0
99;11;0
0;12;42
1;12;2
2;12;2
3;12;10311
4;12;7
5;12;7
6;12;8263
7;12;2
8;12;22599
9;12;11335
10;12;11335
11;12;11335
12;12;11335
13;12;5191
14;12;7
15;12;7
16;12;7
17;12;7
18;12;7
19;12;7
20;12;7
21;12;7
22;12;7
23;12;7
24;12;7
25;12;7
26;12;7
27;12;7
28;12;7
29;12;7
30;12;7
31;12;7
32;12;7
33;12;7
34;12;7
35;12;7
36;12;7
37;12;7
38;12;7
39;12;7
40;12;7
41;12;7
42;12;7
43;12;7
44;12;7
45;12;7
46;12;7
47;12;7
48;12;7
49;12;55
50;12;55
51;12;55
52;12;55
53;12;55
54;12;55
55;12;55
56;12;2
57;12;2
58;12;2
59;12;2
60;12;2
61;12;2
62;12;2
63;12;2
64;12;2
65;12;55
66;12;7
67;12;7
68;12;55
69;12;55
70;12;2
71;12;2
72;12;2
73;12;2
74;12;2
75;12;2
76;12;2
77;12;2
78;12;55
79;12;55
80;12;55
81;12;55
82;12;55
83;12;55
84;12;55
85;12;55
86;12;42
87;12;2
88;12;2
89;12;2
90;12;0
91;12;0
92;12;0
93;12;0
94;12;0
95;12;0
96;12;0
97;12;0
98;12;0
99;12;0
0;13;42
1;13;2
2;13;2
3;13;20551
4;13;7
5;13;7
6;13;7239
7;13;2
8;13;2
9;13;2
10;13;2
11;13;2
12;13;2
13;13;2
14;13;22599
15;13;11335
16;13;5191
17;13;7
18;13;7
19;13;7
20;13;7
21;13;7
22;13;7
23;13;7
24;13;7
25;13;7
26;13;7
27;13;7
28;13;7
29;13;7
30;13;7
31;13;7
32;13;7
33;13;7
34;13;7
35;13;7
36;13;7
37;13;2
38;13;7
39;13;7
40;13;7
41;13;7
42;13;55
43;13;55
44;13;7
45;13;7
46;13;7
47;13;7
48;13;55
49;13;55
50;13;55
51;13;55
52;13;55
53;13;55
54;13;55
55;13;55
56;13;2
57;13;2
58;13;2
59;13;2
60;13;2
61;13;2
62;13;2
63;13;2
64;13;2
65;13;55
66;13;7
67;13;7
68;13;55
69;13;55
70;13;2
71;13;2
72;13;2
73;13;2
74;13;2
75;13;2
76;13;2
77;13;2
78;13;55
79;13;55
80;13;55
81;13;55
82;13;55
83;13;55
84;13;55
85;13;55
86;13;42
87;13;2
88;13;2
89;13;2
90;13;0
91;13;0
92;13;0
93;13;0
94;13;0
95;13;0
96;13;0
97;13;0
98;13;0
99;13;0
0;14;2
1;14;2
2;14;2
3;14;2
4;14;7
5;14;7
6;14;7
7;14;23623
8;14;2
9;14;2
10;14;2
11;14;2
12;14;2
13;14;2
14;14;2
15;14;2
16;14;2
17;14;15431
18;14;7
19;14;7
20;14;7
21;14;7
22;14;7
23;14;7
24;14;7
25;14;7
26;14;7
27;14;7
28;14;7
29;14;7
30;14;7
31;14;7
32;14;7
33;14;7
34;14;7
35;14;55
36;14;55
37;14;55
38;14;7
39;14;7
40;14;7
41;14;7
42;14;55
43;14;55
44;14;7
45;14;7
46;14;7
47;14;7
48;14;55
49;14;55
50;14;55
51;14;55
52;14;55
53;14;55
54;14;55
55;14;55
56;14;2
57;14;2
58;14;2
59;14;2
60;14;2
61;14;2
62;14;2
63;14;2
64;14;2
65;14;55
66;14;7
67;14;7
68;14;55
69;14;55
70;14;2
71;14;2
72;14;2
73;14;2
74;14;2
75;14;2
76;14;2
77;14;2
78;14;55
79;14;55
80;14;55
81;14;55
82;14;55
83;14;55
84;14;55
85;14;55
86;14;42
87;14;2
88;14;2
89;14;2
90;14;0
91;14;0
92;14;0
93;14;0
94;14;0
95;14;0
96;14;0
97;14;0
98;14;0
99;14;0
0;15;2
1;15;2
2;15;2
3;15;4167
4;15;7
5;15;7
6;15;7
7;15;7239
8;15;2
9;15;2
10;15;2
11;15;2
12;15;2
13;15;2
14;15;2
15;15;2
16;15;2
17;15;2
18;15;4167
19;15;7
20;15;7
21;15;8263
22;15;2
23;15;4167
24;15;7
25;15;7
26;15;7
27;15;7
28;15;7
29;15;7
30;15;7
31;15;7
32;15;7
33;15;7
34;15;55
35;15;55
36;15;55
37;15;55
38;15;55
39;15;55
40;15;55
41;15;55
42;15;55
43;15;55
44;15;55
45;15;55
46;15;55
47;15;55
48;15;55
49;15;55
50;15;2
51;15;2
52;15;2
53;15;2
54;15;2
55;15;2
56;15;2
57;15;2
58;15;2
59;15;2
60;15;2
61;15;2
62;15;2
63;15;55
64;15;55
65;15;55
66;15;7
67;15;7
68;15;55
69;15;55
70;15;2
71;15;2
72;15;2
73;15;2
74;15;2
75;15;2
76;15;2
77;15;2
78;15;55
79;15;55
80;15;55
81;15;55
82;15;55
83;15;55
84;15;55
85;15;55
86;15;42
87;15;2
88;15;2
89;15;2
90;15;0
91;15;0
92;15;0
93;15;0
94;15;0
95;15;0
96;15;0
97;15;0
98;15;0
99;15;0
0;16;2
1;16;2
2;16;2
3;16;10311
4;16;7
5;16;7
6;16;7
7;16;7
8;16;2119
9;16;18503
10;16;2
11;16;2
12;16;2
13;16;2
14;16;2
15;16;2
16;16;2
17;16;2
18;16;3143
19;16;7
20;16;7
21;16;7239
22;16;2
23;16;3143
24;16;7
25;16;7
26;16;7
27;16;7
28;16;7
29;16;7
30;16;7
31;16;7
32;16;7
33;16;55
34;16;55
35;16;55
36;16;55
37;16;55
38;16;55
39;16;55
40;16;55
41;16;55
42;16;55
43;16;55
44;16;55
45;16;55
46;16;55
47;16;55
48;16;55
49;16;55
50;16;2
51;16;2
52;16;2
53;16;2
54;16;2
55;16;2
56;16;2
57;16;2
58;16;2
59;16;2
60;16;2
61;16;2
62;16;2
63;16;55
64;16;55
65;16;7
66;16;7
67;16;7
68;16;55
69;16;55
70;16;2
71;16;2
72;16;2
73;16;2
74;16;2
75;16;2
76;16;2
77;16;2
78;16;55
79;16;55
80;16;55
81;16;55
82;16;55
83;16;55
84;16;55
85;16;55
86;16;42
87;16;2
88;16;2
89;16;2
90;16;0
91;16;0
92;16;0
93;16;0
94;16;0
95;16;0
96;16;0
97;16;0
98;16;0
99;16;0
0;17;42
1;17;2
2;17;2
3;17;10311
4;17;7
5;17;7
6;17;7
7;17;7
8;17;7
9;17;7
10;17;2119
11;17;9287
12;17;9287
13;17;9287
14;17;9287
15;17;9287
16;17;9287
17;17;1095
18;17;7
19;17;7
20;17;7
21;17;7
22;17;7
23;17;7
24;17;7
25;17;7
26;17;7
27;17;7
28;17;7
29;17;7
30;17;7
31;17;7
32;17;55
33;17;55
34;17;55
35;17;55
36;17;55
37;17;55
38;17;55
39;17;55
40;17;55
41;17;55
42;17;55
43;17;55
44;17;55
45;17;55
46;17;55
47;17;55
48;17;55
49;17;55
50;17;2
51;17;2
52;17;2
53;17;2
54;17;2
55;17;2
56;17;2
57;17;2
58;17;2
59;17;2
60;17;2
61;17;2
62;17;2
63;17;2
64;17;4167
65;17;7
66;17;7
67;17;16455
68;17;2
69;17;2
70;17;2
71;17;2
72;17;2
73;17;2
74;17;2
75;17;2
76;17;2
77;17;2
78;17;55
79;17;55
80;17;55
81;17;55
82;17;55
83;17;55
84;17;55
85;17;55
86;17;42
87;17;2
88;17;2
89;17;2
90;17;0
91;17;0
92;17;0
93;17;0
94;17;0
95;17;0
96;17;0
97;17;0
98;17;0
99;17;0
0;18;42
1;18;2
2;18;2
3;18;10311
4;18;7
5;18;7
6;18;7
7;18;7
8;18;7
9;18;7
10;18;7
11;18;7
12;18;7
13;18;7
14;18;7
15;18;7
16;18;7
17;18;7
18;18;7
19;18;7
20;18;7
21;18;7
22;18;8263
23;18;2
24;18;22599
25;18;11335
26;18;11335
27;18;5191
28;18;7
29;18;7
30;18;7
31;18;7
32;18;55
33;18;55
34;18;55
35;18;55
36;18;55
37;18;45
38;18;46
39;18;46
40;18;46
41;18;46
42;18;46
43;18;46
44;18;46
45;18;46
46;18;47
47;18;55
48;18;55
49;18;55
50;18;2
51;18;2
52;18;2
53;18;2
54;18;2
55;18;2
56;18;2
57;18;2
58;18;2
59;18;2
60;18;2
61;18;2
62;18;2
63;18;2
64;18;3143
65;18;7
66;18;8263
67;18;2
68;18;2
69;18;2
70;18;2
71;18;2
72;18;2
73;18;2
74;18;2
75;18;2
76;18;2
77;18;2
78;18;55
79;18;55
80;18;55
81;18;55
82;18;55
83;18;55
84;18;55
85;18;55
86;18;42
87;18;2
88;18;2
89;18;2
90;18;0
91;18;0
92;18;0
93;18;0
94;18;0
95;18;0
96;18;0
97;18;0
98;18;0
99;18;0
0;19;42
1;19;2
2;19;2
3;19;3143
4;19;7
5;19;6215
6;19;5191
7;19;7
8;19;7
9;19;7
10;19;7
11;19;7
12;19;7
13;19;7
14;19;7
15;19;7
16;19;7
17;19;7
18;19;7
19;19;7
20;19;7
21;19;7
22;19;7239
23;19;2
24;19;2
25;19;2
26;19;2
27;19;2
28;19;7
29;19;7
30;19;7
31;19;7
32;19;55
33;19;55
34;19;55
35;19;55
36;19;55
37;19;48
38;19;49
39;19;49
40;19;49
41;19;49
42;19;49
43;19;49
44;19;49
45;19;49
46;19;50
47;19;55
48;19;55
49;19;55
50;19;2
51;19;2
52;19;2
53;19;2
54;19;2
55;19;2
56;19;2
57;19;2
58;19;17479
59;19;9287
60;19;9287
61;19;9287
62;19;9287
63;19;1095
64;19;7
65;19;7
66;19;24647
67;19;2
68;19;2
69;19;55
70;19;2
71;19;2
72;19;2
73;19;2
74;19;2
75;19;2
76;19;25671
77;19;1095
78;19;7
79;19;55
80;19;55
81;19;55
82;19;55
83;19;55
84;19;55
85;19;55
86;19;42
87;19;2
88;19;2
89;19;2
90;19;0
91;19;0
92;19;0
93;19;0
94;19;0
95;19;0
96;19;0
97;19;0
98;19;0
99;19;0
0;20;2
1;20;2
2;20;13383
3;20;7
4;20;6215
5;20;2
6;20;2
7;20;7
8;20;7
9;20;7
10;20;7
11;20;7
12;20;7
13;20;7
14;20;7
15;20;7
16;20;7
17;20;7
18;20;7
19;20;7
20;20;7
21;20;7
22;20;7
23;20;2119
24;20;9287
25;20;9287
26;20;9287
27;20;1095
28;20;7
29;20;7
30;20;7
31;20;7
32;20;55
33;20;55
34;20;55
35;20;55
36;20;55
37;20;48
38;20;49
39;20;49
40;20;49
41;20;49
42;20;49
43;20;49
44;20;49
45;20;49
46;20;50
47;20;55
48;20;55
49;20;7
50;20;2119
51;20;9287
52;20;9287
53;20;9287
54;20;9287
55;20;9287
56;20;9287
57;20;1095
58;20;7
59;20;7
60;20;7
61;20;7
62;20;7
63;20;7
64;20;7
65;20;7
66;20;2
67;20;2
68;20;55
69;20;42
70;20;2
71;20;2
72;20;2
73;20;2
74;20;2
75;20;2
76;20;3143
77;20;7
78;20;7
79;20;55
80;20;55
81;20;55
82;20;55
83;20;55
84;20;55
85;20;55
86;20;42
87;20;2
88;20;2
89;20;2
90;20;0
91;20;0
92;20;0
93;20;0
94;20;0
95;20;0
96;20;0
97;20;0
98;20;0
99;20;0
0;21;2
1;21;19527
2;21;7
3;21;16455
4;21;2
5;21;2
6;21;2
7;21;0
8;21;2
9;21;4167
10;21;7
11;21;7
12;21;7
13;21;7
14;21;7
15;21;7
16;21;7
17;21;7
18;21;7
19;21;7
20;21;7
21;21;7
22;21;7
23;21;7
24;21;7
25;21;7
26;21;7
27;21;7
28;21;7
29;21;7
30;21;7
31;21;7
32;21;55
33;21;55
34;21;55
35;21;55
36;21;55
37;21;48
38;21;49
39;21;49
40;21;49
41;21;49
42;21;49
43;21;49
44;21;49
45;21;49
46;21;50
47;21;55
48;21;55
49;21;7
50;21;6215
51;21;11335
52;21;11335
53;21;11335
54;21;11335
55;21;11335
56;21;11335
57;21;11335
58;21;11335
59;21;11335
60;21;11335
61;21;11335
62;21;11335
63;21;11335
64;21;21575
65;21;2
66;21;55
67;21;55
68;21;55
69;21;55
70;21;2119
71;21;9287
72;21;9287
73;21;9287
74;21;9287
75;21;1095
76;21;7
77;21;7
78;21;7
79;21;55
80;21;55
81;21;55
82;21;55
83;21;55
84;21;55
85;21;55
86;21;42
87;21;2
88;21;2
89;21;2
90;21;0
91;21;0
92;21;0
93;21;0
94;21;0
95;21;0
96;21;0
97;21;0
98;21;0
99;21;0
0;22;2
1;22;10311
2;22;7
3;22;24647
4;22;2
5;22;2
6;22;2
7;22;2
8;22;2
9;22;20551
10;22;7
11;22;7
12;22;7
13;22;7
14;22;7
15;22;7
16;22;7
17;22;7
18;22;7
19;22;7
20;22;7
21;22;7
22;22;7
23;22;7
24;22;7
25;22;7
26;22;7
27;22;7
28;22;7
29;22;7
30;22;7
31;22;7
32;22;55
33;22;55
34;22;55
35;22;55
36;22;55
37;22;48
38;22;49
39;22;49
40;22;49
41;22;49
42;22;49
43;22;49
44;22;49
45;22;49
46;22;50
47;22;55
48;22;55
49;22;55
50;22;2
51;22;2
52;22;2
53;22;2
54;22;2
55;22;2
56;22;2
57;22;2
58;22;2
59;22;2
60;22;2
61;22;2
62;22;2
63;22;2
64;22;2
65;22;2
66;22;55
67;22;55
68;22;55
69;22;55
70;22;7
71;22;7
72;22;7
73;22;7
74;22;7
75;22;7
76;22;6215
77;22;5191
78;22;7
79;22;42
80;22;2
81;22;2
82;22;2
83;22;2
84;22;2
85;22;2
86;22;2
87;22;2
88;22;2
89;22;2
90;22;0
91;22;0
92;22;0
93;22;0
94;22;0
95;22;0
96;22;0
97;22;0
98;22;0
99;22;0
0;23;2
1;23;3143
2;23;8263
3;23;2
4;23;2
5;23;2
6;23;2
7;23;2
8;23;2
9;23;2
10;23;4167
11;23;7
12;23;7
13;23;7
14;23;7
15;23;7
16;23;7
17;23;7
18;23;7
19;23;7
20;23;7
21;23;7
22;23;7
23;23;7
24;23;7
25;23;7
26;23;7
27;23;7
28;23;7
29;23;7
30;23;7
31;23;7
32;23;55
33;23;55
34;23;55
35;23;55
36;23;55
37;23;48
38;23;49
39;23;49
40;23;49
41;23;49
42;23;49
43;23;49
44;23;49
45;23;49
46;23;50
47;23;55
48;23;55
49;23;55
50;23;2
51;23;2
52;23;2
53;23;2
54;23;2
55;23;2
56;23;2
57;23;2
58;23;2
59;23;2
60;23;2
61;23;2
62;23;2
63;23;2
64;23;2
65;23;2
66;23;55
67;23;55
68;23;55
69;23;55
70;23;11335
71;23;11335
72;23;11335
73;23;11335
74;23;11335
75;23;21575
76;23;2
77;23;2
78;23;7
79;23;42
80;23;2
81;23;2
82;23;2
83;23;2
84;23;2
85;23;2
86;23;2
87;23;2
88;23;2
89;23;2
90;23;0
91;23;0
92;23;0
93;23;0
94;23;0
95;23;0
96;23;0
97;23;0
98;23;0
99;23;0
0;24;42
1;24;7
2;24;7239
3;24;2
4;24;2
5;24;2
6;24;2
7;24;2
8;24;2
9;24;2
10;24;10311
11;24;7
12;24;7
13;24;7
14;24;7
15;24;7
16;24;7
17;24;7
18;24;7
19;24;7
20;24;7
21;24;7
22;24;7
23;24;7
24;24;7
25;24;7
26;24;7
27;24;7
28;24;7
29;24;55
30;24;7
31;24;7
32;24;55
33;24;55
34;24;55
35;24;55
36;24;55
37;24;48
38;24;49
39;24;49
40;24;49
41;24;49
42;24;49
43;24;49
44;24;49
45;24;49
46;24;50
47;24;55
48;24;55
49;24;55
50;24;2
51;24;2
52;24;2
53;24;2
54;24;2
55;24;2
56;24;2
57;24;2
58;24;2
59;24;2
60;24;2
61;24;2
62;24;2
63;24;2
64;24;2
65;24;2
66;24;55
67;24;55
68;24;55
69;24;2
70;24;2
71;24;2
72;24;2
73;24;2
74;24;2
75;24;2
76;24;2
77;24;13383
78;24;7
79;24;42
80;24;2
81;24;2
82;24;2
83;24;2
84;24;2
85;24;2
86;24;2
87;24;2
88;24;2
89;24;2
90;24;0
91;24;0
92;24;0
93;24;0
94;24;0
95;24;0
96;24;0
97;24;0
98;24;0
99;24;0
0;25;42
1;25;7
2;25;7
3;25;2119
4;25;9287
5;25;9287
6;25;18503
7;25;2
8;25;2
9;25;2
10;25;10311
11;25;7
12;25;7
13;25;7
14;25;7
15;25;7
16;25;7
17;25;7
18;25;7
19;25;7
20;25;7
21;25;7
22;25;7
23;25;7
24;25;7
25;25;7
26;25;7
27;25;7
28;25;7
29;25;55
30;25;7
31;25;7
32;25;55
33;25;55
34;25;55
35;25;55
36;25;55
37;25;48
38;25;49
39;25;49
40;25;49
41;25;49
42;25;49
43;25;49
44;25;49
45;25;49
46;25;50
47;25;55
48;25;55
49;25;55
50;25;2
51;25;2
52;25;2
53;25;2
54;25;2
55;25;2
56;25;2
57;25;2
58;25;2
59;25;2
60;25;2
61;25;2
62;25;2
63;25;2
64;25;2
65;25;2
66;25;2
67;25;2
68;25;2
69;25;42
70;25;42
71;25;42
72;25;42
73;25;42
74;25;42
75;25;42
76;25;42
77;25;42
78;25;42
79;25;42
80;25;2
81;25;2
82;25;2
83;25;2
84;25;2
85;25;2
86;25;2
87;25;2
88;25;2
89;25;2
90;25;0
91;25;0
92;25;0
93;25;0
94;25;0
95;25;0
96;25;0
97;25;0
98;25;0
99;25;0
0;26;42
1;26;7
2;26;7
3;26;7
4;26;7
5;26;7
6;26;7
7;26;23623
8;26;2
9;26;2
10;26;20551
11;26;7
12;26;7
13;26;7
14;26;7
15;26;7
16;26;7
17;26;7
18;26;7
19;26;7
20;26;7
21;26;7
22;26;7
23;26;7
24;26;7
25;26;7
26;26;7
27;26;7
28;26;7
29;26;55
30;26;7
31;26;7
32;26;55
33;26;55
34;26;55
35;26;55
36;26;55
37;26;51
38;26;52
39;26;52
40;26;52
41;26;52
42;26;52
43;26;52
44;26;52
45;26;52
46;26;53
47;26;55
48;26;55
49;26;55
50;26;2
51;26;2
52;26;2
53;26;2
54;26;2
55;26;2
56;26;2
57;26;2
58;26;2
59;26;2
60;26;2
61;26;2
62;26;2
63;26;2
64;26;2
65;26;2
66;26;2
67;26;2
68;26;2
69;26;55
70;26;0
71;26;0
72;26;0
73;26;0
74;26;0
75;26;0
76;26;0
77;26;0
78;26;0
79;26;0
80;26;2
81;26;2
82;26;2
83;26;2
84;26;2
85;26;2
86;26;2
87;26;2
88;26;2
89;26;2
90;26;0
91;26;0
92;26;0
93;26;0
94;26;0
95;26;0
96;26;0
97;26;0
98;26;0
99;26;0
0;27;42
1;27;2
2;27;15431
3;27;7
4;27;7
5;27;7
6;27;7
7;27;7239
8;27;2
9;27;2
10;27;2
11;27;4167
12;27;7
13;27;7
14;27;7
15;27;7
16;27;7
17;27;45
18;27;46
19;27;46
20;27;46
21;27;46
22;27;46
23;27;46
24;27;47
25;27;7
26;27;7
27;27;7
28;27;7
29;27;55
30;27;7
31;27;7
32;27;55
33;27;55
34;27;55
35;27;55
36;27;55
37;27;55
38;27;55
39;27;55
40;27;55
41;27;55
42;27;55
43;27;55
44;27;55
45;27;55
46;27;55
47;27;55
48;27;55
49;27;55
50;27;2
51;27;2
52;27;2
53;27;2
54;27;2
55;27;2
56;27;2
57;27;2
58;27;2
59;27;2
60;27;2
61;27;2
62;27;2
63;27;2
64;27;2
65;27;2
66;27;2
67;27;2
68;27;2
69;27;55
70;27;0
71;27;0
72;27;0
73;27;0
74;27;0
75;27;0
76;27;0
77;27;0
78;27;0
79;27;0
80;27;2
81;27;2
82;27;2
83;27;2
84;27;2
85;27;2
86;27;2
87;27;2
88;27;2
89;27;2
90;27;0
91;27;0
92;27;0
93;27;0
94;27;0
95;27;0
96;27;0
97;27;0
98;27;0
99;27;0
0;28;42
1;28;2
2;28;2
3;28;15431
4;28;7
5;28;7
6;28;7
7;28;7
8;28;14407
9;28;2
10;28;2
11;28;27719
12;28;11335
13;28;11335
14;28;5191
15;28;7
16;28;7
17;28;48
18;28;49
19;28;49
20;28;49
21;28;49
22;28;49
23;28;49
24;28;50
25;28;11335
26;28;5191
27;28;7
28;28;7
29;28;7
30;28;7
31;28;7
32;28;55
33;28;55
34;28;55
35;28;55
36;28;55
37;28;55
38;28;55
39;28;55
40;28;55
41;28;55
42;28;55
43;28;55
44;28;55
45;28;55
46;28;55
47;28;55
48;28;55
49;28;55
50;28;2
51;28;2
52;28;2
53;28;2
54;28;2
55;28;2
56;28;2
57;28;2
58;28;2
59;28;2
60;28;2
61;28;2
62;28;2
63;28;2
64;28;2
65;28;2
66;28;2
67;28;2
68;28;2
69;28;55
70;28;0
71;28;0
72;28;0
73;28;0
74;28;0
75;28;0
76;28;0
77;28;0
78;28;0
79;28;0
80;28;0
81;28;0
82;28;0
83;28;0
84;28;0
85;28;0
86;28;0
87;28;0
88;28;0
89;28;0
90;28;0
91;28;0
92;28;0
93;28;0
94;28;0
95;28;0
96;28;0
97;28;0
98;28;0
99;28;0
0;29;42
1;29;2
2;29;2
3;29;2
4;29;4167
5;29;7
6;29;7
7;29;7
8;29;7
9;29;23623
10;29;2
11;29;2
12;29;2
13;29;2
14;29;2
15;29;4167
16;29;7
17;29;8263
18;29;2
19;29;2
20;29;2
21;29;2
22;29;2
23;29;2
24;29;2
25;29;2
26;29;2
27;29;4167
28;29;7
29;29;7
30;29;7
31;29;7
32;29;55
33;29;55
34;29;55
35;29;55
36;29;55
37;29;55
38;29;55
39;29;55
40;29;55
41;29;55
42;29;55
43;29;55
44;29;55
45;29;55
46;29;55
47;29;55
48;29;55
49;29;55
50;29;2
51;29;2
52;29;2
53;29;2
54;29;2
55;29;2
56;29;2
57;29;2
58;29;2
59;29;2
60;29;2
61;29;2
62;29;2
63;29;2
64;29;2
65;29;2
66;29;2
67;29;2
68;29;2
69;29;55
70;29;0
71;29;0
72;29;0
73;29;0
74;29;0
75;29;0
76;29;0
77;29;0
78;29;0
79;29;0
80;29;0
81;29;0
82;29;0
83;29;0
84;29;0
85;29;0
86;29;0
87;29;0
88;29;0
89;29;0
90;29;0
91;29;0
92;29;0
93;29;0
94;29;0
95;29;0
96;29;0
97;29;0
98;29;0
99;29;0
0;30;42
1;30;2
2;30;2
3;30;2
4;30;20551
5;30;7
6;30;7
7;30;7
8;30;7
9;30;12359
10;30;2
11;30;7
12;30;2
13;30;2
14;30;2
15;30;3143
16;30;7
17;30;7239
18;30;2
19;30;2
20;30;2
21;30;2
22;30;2
23;30;2
24;30;2
25;30;2
26;30;2
27;30;3143
28;30;7
29;30;7
30;30;7
31;30;7
32;30;55
33;30;55
34;30;55
35;30;55
36;30;55
37;30;55
38;30;55
39;30;55
40;30;55
41;30;55
42;30;55
43;30;55
44;30;55
45;30;55
46;30;55
47;30;55
48;30;55
49;30;55
50;30;2
51;30;2
52;30;2
53;30;2
54;30;2
55;30;2
56;30;2
57;30;2
58;30;2
59;30;2
60;30;2
61;30;55
62;30;55
63;30;55
64;30;55
65;30;55
66;30;55
67;30;55
68;30;55
69;30;55
70;30;0
71;30;0
72;30;0
73;30;0
74;30;0
75;30;0
76;30;0
77;30;0
78;30;0
79;30;0
80;30;0
81;30;0
82;30;0
83;30;0
84;30;0
85;30;0
86;30;0
87;30;0
88;30;0
89;30;0
90;30;0
91;30;0
92;30;0
93;30;0
94;30;0
95;30;0
96;30;0
97;30;0
98;30;0
99;30;0
0;31;42
1;31;2
2;31;2
3;31;2
4;31;2
5;31;15431
6;31;7
7;31;7
8;31;7
9;31;7239
10;31;2
11;31;7
12;31;2119
13;31;9287
14;31;1095
15;31;7
16;31;7
17;31;7
18;31;2119
19;31;9287
20;31;9287
21;31;9287
22;31;9287
23;31;9287
24;31;9287
25;31;9287
26;31;1095
27;31;7
28;31;7
29;31;7
30;31;7
31;31;7
32;31;55
33;31;55
34;31;55
35;31;55
36;31;55
37;31;55
38;31;55
39;31;55
40;31;55
41;31;55
42;31;55
43;31;55
44;31;55
45;31;55
46;31;55
47;31;55
48;31;55
49;31;55
50;31;55
51;31;55
52;31;55
53;31;55
54;31;55
55;31;2
56;31;2
57;31;2
58;31;2
59;31;2
60;31;2
61;31;2
62;31;2
63;31;2
64;31;2
65;31;2
66;31;2
67;31;2
68;31;2
69;31;0
70;31;0
71;31;0
72;31;0
73;31;0
74;31;0
75;31;0
76;31;0
77;31;0
78;31;0
79;31;0
80;31;0
81;31;0
82;31;0
83;31;0
84;31;0
85;31;0
86;31;0
87;31;0
88;31;0
89;31;0
90;31;0
91;31;0
92;31;0
93;31;0
94;31;0
95;31;0
96;31;0
97;31;0
98;31;0
99;31;0
0;32;42
1;32;2
2;32;2
3;32;2
4;32;2
5;32;2
6;32;4167
7;32;7
8;32;7
9;32;7
10;32;7
11;32;7
12;32;7
13;32;7
14;32;7
15;32;40
16;32;40
17;32;40
18;32;40
19;32;40
20;32;40
21;32;40
22;32;7
23;32;7
24;32;7
25;32;7
26;32;7
27;32;7
28;32;7
29;32;7
30;32;7
31;32;7
32;32;7
33;32;7
34;32;7
35;32;7
36;32;7
37;32;7
38;32;7
39;32;7
40;32;7
41;32;7
42;32;7
43;32;7
44;32;7
45;32;7
46;32;7
47;32;7
48;32;7
49;32;7
50;32;7
51;32;7
52;32;7
53;32;7
54;32;7
55;32;23623
56;32;2
57;32;2
58;32;2
59;32;2
60;32;2
61;32;2
62;32;2
63;32;2
64;32;2
65;32;2
66;32;2
67;32;2
68;32;2
69;32;0
70;32;0
71;32;0
72;32;0
73;32;0
74;32;0
75;32;0
76;32;0
77;32;0
78;32;0
79;32;0
80;32;0
81;32;0
82;32;0
83;32;0
84;32;0
85;32;0
86;32;0
87;32;0
88;32;0
89;32;0
90;32;0
91;32;0
92;32;0
93;32;0
94;32;0
95;32;0
96;32;0
97;32;0
98;32;0
99;32;0
0;33;42
1;33;2
2;33;2
3;33;2
4;33;2
5;33;2
6;33;10311
7;33;7
8;33;7
9;33;7
10;33;7
11;33;7
12;33;7
13;33;7
14;33;7
15;33;40
16;33;3
17;33;3
18;33;3
19;33;3
20;33;3
21;33;40
22;33;7
23;33;7
24;33;7
25;33;7
26;33;7
27;33;7
28;33;7
29;33;7
30;33;7
31;33;7
32;33;7
33;33;7
34;33;7
35;33;7
36;33;7
37;33;7
38;33;7
39;33;7
40;33;7
41;33;7
42;33;7
43;33;7
44;33;7
45;33;7
46;33;7
47;33;7
48;33;7
49;33;7
50;33;7
51;33;7
52;33;7
53;33;7
54;33;7
55;33;12359
56;33;2
57;33;2
58;33;2
59;33;2
60;33;2
61;33;2
62;33;2
63;33;2
64;33;2
65;33;2
66;33;2
67;33;2
68;33;2
69;33;0
70;33;0
71;33;0
72;33;0
73;33;0
74;33;0
75;33;0
76;33;0
77;33;0
78;33;0
79;33;0
80;33;0
81;33;0
82;33;0
83;33;0
84;33;0
85;33;0
86;33;0
87;33;0
88;33;0
89;33;0
90;33;0
91;33;0
92;33;0
93;33;0
94;33;0
95;33;0
96;33;0
97;33;0
98;33;0
99;33;0
0;34;42
1;34;15
2;34;4578
3;34;2
4;34;2
5;34;2
6;34;3143
7;34;7
8;34;7
9;34;7
10;34;7
11;34;7
12;34;7
13;34;7
14;34;7
15;34;40
16;34;3
17;34;3
18;34;3
19;34;3
20;34;3
21;34;40
22;34;7
23;34;7
24;34;7
25;34;7
26;34;7
27;34;7
28;34;7
29;34;7
30;34;7
31;34;7
32;34;7
33;34;7
34;34;7
35;34;7
36;34;7
37;34;7
38;34;7
39;34;7
40;34;7
41;34;7
42;34;7
43;34;7
44;34;7
45;34;7
46;34;7
47;34;7
48;34;7
49;34;7
50;34;7
51;34;7
52;34;7
53;34;7
54;34;7
55;34;12359
56;34;2
57;34;2
58;34;2
59;34;2
60;34;2
61;34;2
62;34;2
63;34;2
64;34;42
65;34;42
66;34;42
67;34;42
68;34;42
69;34;42
70;34;42
71;34;0
72;34;0
73;34;0
74;34;0
75;34;0
76;34;0
77;34;0
78;34;0
79;34;0
80;34;0
81;34;0
82;34;0
83;34;0
84;34;0
85;34;0
86;34;0
87;34;0
88;34;0
89;34;0
90;34;0
91;34;0
92;34;0
93;34;0
94;34;0
95;34;0
96;34;0
97;34;0
98;34;0
99;34;0
0;35;42
1;35;15
2;35;10722
3;35;2
4;35;2
5;35;13383
6;35;7
7;35;16455
8;35;2
9;35;22599
10;35;21575
11;35;2
12;35;4167
13;35;7
14;35;7
15;35;40
16;35;3
17;35;3
18;35;3
19;35;3
20;35;3
21;35;40
22;35;7
23;35;7
24;35;7
25;35;7
26;35;7
27;35;7
28;35;7
29;35;7
30;35;7
31;35;7
32;35;7
33;35;7
34;35;7
35;35;7
36;35;7
37;35;7
38;35;7
39;35;7
40;35;7
41;35;7
42;35;7
43;35;7
44;35;7
45;35;7
46;35;7
47;35;7
48;35;7
49;35;7
50;35;7
51;35;7
52;35;7
53;35;7
54;35;7
55;35;12359
56;35;2
57;35;2
58;35;2
59;35;2
60;35;2
61;35;2
62;35;2
63;35;2
64;35;2
65;35;2
66;35;2
67;35;6626
68;35;5602
69;35;2
70;35;42
71;35;0
72;35;0
73;35;0
74;35;0
75;35;0
76;35;0
77;35;0
78;35;0
79;35;0
80;35;0
81;35;0
82;35;0
83;35;0
84;35;0
85;35;0
86;35;0
87;35;0
88;35;0
89;35;0
90;35;0
91;35;0
92;35;0
93;35;0
94;35;0
95;35;0
96;35;0
97;35;0
98;35;0
99;35;0
0;36;42
1;36;15
2;36;10722
3;36;2
4;36;13383
5;36;7
6;36;16455
7;36;2
8;36;2
9;36;2
10;36;2
11;36;2
12;36;10311
13;36;7
14;36;7
15;36;40
16;36;40
17;36;40
18;36;40
19;36;40
20;36;40
21;36;40
22;36;7
23;36;7
24;36;7
25;36;7
26;36;7
27;36;7
28;36;7
29;36;7
30;36;7
31;36;7
32;36;7
33;36;7
34;36;7
35;36;7
36;36;7
37;36;7
38;36;7
39;36;7
40;36;7
41;36;7
42;36;7
43;36;7
44;36;7
45;36;7
46;36;7
47;36;7
48;36;7
49;36;8263
50;36;2
51;36;4167
52;36;7
53;36;6215
54;36;11335
55;36;28743
56;36;2
57;36;2
58;36;2
59;36;2
60;36;2
61;36;2
62;36;2
63;36;2
64;36;2
65;36;2
66;36;8674
67;36;15
68;36;15
69;36;4578
70;36;42
71;36;42
72;36;0
73;36;0
74;36;0
75;36;0
76;36;0
77;36;0
78;36;0
79;36;0
80;36;0
81;36;0
82;36;0
83;36;0
84;36;0
85;36;0
86;36;0
87;36;0
88;36;0
89;36;0
90;36;0
91;36;0
92;36;0
93;36;0
94;36;0
95;36;0
96;36;0
97;36;0
98;36;0
99;36;0
0;37;42
1;37;15
2;37;3554
3;37;19527
4;37;7
5;37;16455
6;37;2
7;37;2
8;37;2
9;37;2
10;37;2
11;37;2
12;37;10311
13;37;7
14;37;7
15;37;7
16;37;7
17;37;7
18;37;7
19;37;7
20;37;7
21;37;7
22;37;7
23;37;7
24;37;7
25;37;7
26;37;7
27;37;7
28;37;7
29;37;7
30;37;7
31;37;7
32;37;7
33;37;7
34;37;7
35;37;7
36;37;7
37;37;7
38;37;7
39;37;7
40;37;7
41;37;7
42;37;7
43;37;7
44;37;7
45;37;7
46;37;42
47;37;6215
48;37;11335
49;37;28743
50;37;2
51;37;10311
52;37;7
53;37;2
54;37;2
55;37;2
56;37;2
57;37;2
58;37;2
59;37;2
60;37;2
61;37;25671
62;37;9287
63;37;26695
64;37;2
65;37;2
66;37;25058
67;37;15
68;37;15
69;37;3554
70;37;2
71;37;42
72;37;0
73;37;0
74;37;0
75;37;0
76;37;0
77;37;0
78;37;0
79;37;0
80;37;0
81;37;0
82;37;0
83;37;0
84;37;0
85;37;0
86;37;0
87;37;0
88;37;0
89;37;0
90;37;0
91;37;0
92;37;0
93;37;0
94;37;0
95;37;0
96;37;0
97;37;0
98;37;0
99;37;0
0;38;42
1;38;2
2;38;2
3;38;10311
4;38;8263
5;38;2
6;38;2
7;38;2
8;38;2
9;38;2
10;38;2
11;38;2
12;38;3143
13;38;7
14;38;7
15;38;7
16;38;7
17;38;7
18;38;7
19;38;7
20;38;7
21;38;7
22;38;7
23;38;7
24;38;7
25;38;7
26;38;7
27;38;7
28;38;7
29;38;7
30;38;7
31;38;7
32;38;7
33;38;7
34;38;7
35;38;7
36;38;7
37;38;7
38;38;7
39;38;7
40;38;7
41;38;7
42;38;7
43;38;7
44;38;7
45;38;7
46;38;8263
47;38;2
48;38;2
49;38;2
50;38;2
51;38;20551
52;38;7
53;38;14407
54;38;2
55;38;2
56;38;2
57;38;2
58;38;2
59;38;2
60;38;2
61;38;10311
62;38;7
63;38;12359
64;38;2
65;38;8674
66;38;15
67;38;15
68;38;19938
69;38;2
70;38;2
71;38;42
72;38;42
73;38;0
74;38;0
75;38;0
76;38;0
77;38;0
78;38;0
79;38;0
80;38;0
81;38;0
82;38;0
83;38;0
84;38;0
85;38;0
86;38;0
87;38;0
88;38;0
89;38;0
90;38;0
91;38;0
92;38;0
93;38;0
94;38;0
95;38;0
96;38;0
97;38;0
98;38;0
99;38;0
0;39;42
1;39;2
2;39;2
3;39;10311
4;39;12359
5;39;2
6;39;2
7;39;2
8;39;2
9;39;2
10;39;2
11;39;19527
12;39;7
13;39;7
14;39;7
15;39;7
16;39;7
17;39;7
18;39;7
19;39;7
20;39;7
21;39;7
22;39;7
23;39;7
24;39;7
25;39;7
26;39;7
27;39;7
28;39;7
29;39;7
30;39;7
31;39;7
32;39;7
33;39;7
34;39;7
35;39;7
36;39;7
37;39;7
38;39;7
39;39;7
40;39;7
41;39;7
42;39;7
43;39;7
44;39;7
45;39;7
46;39;12359
47;39;2
48;39;2
49;39;2
50;39;2
51;39;2
52;39;4167
53;39;7
54;39;14407
55;39;2
56;39;2
57;39;2
58;39;2
59;39;2
60;39;2
61;39;10311
62;39;7
63;39;12359
64;39;2
65;39;7650
66;39;15
67;39;15
68;39;20962
69;39;2
70;39;2
71;39;2
72;39;42
73;39;0
74;39;0
75;39;0
76;39;0
77;39;0
78;39;0
79;39;0
80;39;0
81;39;0
82;39;0
83;39;0
84;39;0
85;39;0
86;39;0
87;39;0
88;39;0
89;39;0
90;39;0
91;39;0
92;39;0
93;39;0
94;39;0
95;39;0
96;39;0
97;39;0
98;39;0
99;39;0
0;40;42
1;40;2
2;40;2
3;40;10311
4;40;7239
5;40;2
6;40;42
7;40;2
8;40;2
9;40;2
10;40;2
11;40;10311
12;40;7
13;40;7
14;40;7
15;40;7
16;40;7
17;40;7
18;40;7
19;40;7
20;40;42
21;40;42
22;40;42
23;40;42
24;40;42
25;40;42
26;40;42
27;40;42
28;40;42
29;40;7
30;40;7
31;40;7
32;40;7
33;40;7
34;40;7
35;40;7
36;40;7
37;40;7
38;40;7
39;40;7
40;40;7
41;40;7
42;40;7
43;40;7
44;40;7
45;40;7
46;40;12359
47;40;2
48;40;2
49;40;2
50;40;2
51;40;2
52;40;20551
53;40;7
54;40;7
55;40;14407
56;40;2
57;40;2
58;40;2
59;40;2
60;40;2
61;40;10311
62;40;7
63;40;12359
64;40;2
65;40;2
66;40;24034
67;40;15
68;40;15
69;40;15842
70;40;2
71;40;2
72;40;42
73;40;0
74;40;0
75;40;0
76;40;0
77;40;0
78;40;0
79;40;0
80;40;0
81;40;0
82;40;0
83;40;0
84;40;0
85;40;0
86;40;0
87;40;0
88;40;0
89;40;0
90;40;0
91;40;0
92;40;0
93;40;0
94;40;0
95;40;0
96;40;0
97;40;0
98;40;0
99;40;0
0;41;42
1;41;2
2;41;2
3;41;10311
4;41;8679
5;41;15
6;41;42
7;41;2
8;41;2
9;41;2
10;41;2
11;41;10311
12;41;7
13;41;7
14;41;7
15;41;7
16;41;7
17;41;7
18;41;7
19;41;7
20;41;7
21;41;42
22;41;42
23;41;42
24;41;42
25;41;42
26;41;42
27;41;42
28;41;42
29;41;7
30;41;7
31;41;7
32;41;7
33;41;7
34;41;7
35;41;7
36;41;7
37;41;7
38;41;7
39;41;7
40;41;7
41;41;7
42;41;7
43;41;7
44;41;7
45;41;7
46;41;12359
47;41;2
48;41;2
49;41;2
50;41;2
51;41;2
52;41;2
53;41;15431
54;41;7
55;41;7
56;41;14407
57;41;2
58;41;2
59;41;2
60;41;2
61;41;3143
62;41;7
63;41;7239
64;41;2
65;41;2
66;41;12770
67;41;15
68;41;15
69;41;15
70;41;4578
71;41;2
72;41;42
73;41;0
74;41;0
75;41;0
76;41;0
77;41;0
78;41;0
79;41;0
80;41;0
81;41;0
82;41;0
83;41;0
84;41;0
85;41;0
86;41;0
87;41;0
88;41;0
89;41;0
90;41;0
91;41;0
92;41;0
93;41;0
94;41;0
95;41;0
96;41;0
97;41;0
98;41;0
99;41;0
0;42;42
1;42;2
2;42;2
3;42;10311
4;42;12775
5;42;15
6;42;42
7;42;2
8;42;2
9;42;2
10;42;2
11;42;10311
12;42;7
13;42;7
14;42;7
15;42;7
16;42;7
17;42;7
18;42;7
19;42;7
20;42;7
21;42;42
22;42;2
23;42;2
24;42;2
25;42;2
26;42;2
27;42;42
28;42;42
29;42;7
30;42;7
31;42;7
32;42;7
33;42;7
34;42;7
35;42;7
36;42;7
37;42;7
38;42;7
39;42;7
40;42;7
41;42;7
42;42;7
43;42;7
44;42;7
45;42;7
46;42;12359
47;42;2
48;42;2
49;42;2
50;42;2
51;42;2
52;42;2
53;42;2
54;42;15431
55;42;7
56;42;7
57;42;2119
58;42;9287
59;42;9287
60;42;1095
61;42;7
62;42;7
63;42;7
64;42;2119
65;42;18503
66;42;25058
67;42;15
68;42;15
69;42;15
70;42;10722
71;42;2
72;42;42
73;42;0
74;42;0
75;42;0
76;42;0
77;42;0
78;42;0
79;42;0
80;42;0
81;42;0
82;42;0
83;42;0
84;42;0
85;42;0
86;42;0
87;42;0
88;42;0
89;42;0
90;42;0
91;42;0
92;42;0
93;42;0
94;42;0
95;42;0
96;42;0
97;42;0
98;42;0
99;42;0
0;43;42
1;43;15
2;43;4578
3;43;10311
4;43;12775
5;43;15
6;43;42
7;43;2
8;43;2
9;43;2
10;43;2
11;43;3143
12;43;55
13;43;55
14;43;55
15;43;55
16;43;7
17;43;7
18;43;7
19;43;7
20;43;6215
21;43;42
22;43;2
23;43;2
24;43;2
25;43;2
26;43;2
27;43;42
28;43;42
29;43;7
30;43;7
31;43;7
32;43;7
33;43;7
34;43;7
35;43;7
36;43;7
37;43;7
38;43;7
39;43;7
40;43;7
41;43;7
42;43;7
43;43;7
44;43;7
45;43;7
46;43;12359
47;43;2
48;43;2
49;43;2
50;43;2
51;43;2
52;43;2
53;43;2
54;43;2
55;43;15431
56;43;7
57;43;7
58;43;7
59;43;7
60;43;7
61;43;7
62;43;7
63;43;7
64;43;7
65;43;7
66;43;15
67;43;15
68;43;15
69;43;15
70;43;10722
71;43;2
72;43;42
73;43;42
74;43;0
75;43;0
76;43;0
77;43;0
78;43;0
79;43;0
80;43;0
81;43;0
82;43;0
83;43;0
84;43;0
85;43;0
86;43;0
87;43;0
88;43;0
89;43;0
90;43;0
91;43;0
92;43;0
93;43;0
94;43;0
95;43;0
96;43;0
97;43;0
98;43;0
99;43;0
0;44;42
1;44;15
2;44;10722
3;44;10311
4;44;12775
5;44;15
6;44;42
7;44;42
8;44;42
9;44;42
10;44;7
11;44;7
12;44;55
13;44;55
14;44;55
15;44;55
16;44;7
17;44;7
18;44;7
19;44;7
20;44;2
21;44;2
22;44;2
23;44;2
24;44;2
25;44;2
26;44;2
27;44;2
28;44;42
29;44;7
30;44;7
31;44;7
32;44;7
33;44;7
34;44;7
35;44;7
36;44;7
37;44;7
38;44;7
39;44;7
40;44;7
41;44;7
42;44;7
43;44;7
44;44;7
45;44;7
46;44;12359
47;44;2
48;44;2
49;44;0
50;44;2
51;44;2
52;44;2
53;44;2
54;44;2
55;44;2
56;44;15431
57;44;7
58;44;7
59;44;6215
60;44;11335
61;44;11335
62;44;11335
63;44;11335
64;44;11335
65;44;7
66;44;2530
67;44;9698
68;44;27106
69;44;15
70;44;10722
71;44;2
72;44;2
73;44;42
74;44;0
75;44;0
76;44;0
77;44;0
78;44;0
79;44;0
80;44;0
81;44;0
82;44;0
83;44;0
84;44;0
85;44;0
86;44;0
87;44;0
88;44;0
89;44;0
90;44;0
91;44;0
92;44;0
93;44;0
94;44;0
95;44;0
96;44;0
97;44;0
98;44;0
99;44;0
0;45;42
1;45;15
2;45;10722
3;45;10311
4;45;12775
5;45;15
6;45;42
7;45;2
8;45;2
9;45;2
10;45;55
11;45;55
12;45;55
13;45;55
14;45;55
15;45;55
16;45;55
17;45;55
18;45;55
19;45;55
20;45;55
21;45;55
22;45;2
23;45;2
24;45;2
25;45;2
26;45;2
27;45;2
28;45;42
29;45;7
30;45;7
31;45;7
32;45;7
33;45;7
34;45;7
35;45;7
36;45;7
37;45;7
38;45;7
39;45;7
40;45;7
41;45;7
42;45;7
43;45;7
44;45;7
45;45;7
46;45;12359
47;45;2
48;45;2
49;45;0
50;45;2
51;45;2
52;45;2
53;45;2
54;45;2
55;45;2
56;45;2
57;45;22599
58;45;21575
59;45;2
60;45;2
61;45;2
62;45;2
63;45;2
64;45;2
65;45;2
66;45;42
67;45;2
68;45;12770
69;45;15
70;45;20962
71;45;2
72;45;2
73;45;42
74;45;0
75;45;0
76;45;0
77;45;0
78;45;0
79;45;0
80;45;0
81;45;0
82;45;0
83;45;0
84;45;0
85;45;0
86;45;0
87;45;0
88;45;0
89;45;0
90;45;0
91;45;0
92;45;0
93;45;0
94;45;0
95;45;0
96;45;0
97;45;0
98;45;0
99;45;0
0;46;42
1;46;15
2;46;10722
3;46;3143
4;46;12775
5;46;15
6;46;42
7;46;2
8;46;2
9;46;2
10;46;55
11;46;55
12;46;55
13;46;55
14;46;55
15;46;55
16;46;55
17;46;55
18;46;55
19;46;55
20;46;55
21;46;55
22;46;2
23;46;2
24;46;2
25;46;2
26;46;2
27;46;2
28;46;42
29;46;7
30;46;7
31;46;7
32;46;7
33;46;7
34;46;7
35;46;7
36;46;7
37;46;7
38;46;7
39;46;7
40;46;7
41;46;7
42;46;7
43;46;7
44;46;7
45;46;7
46;46;12359
47;46;2
48;46;2
49;46;0
50;46;2
51;46;2
52;46;2
53;46;2
54;46;2
55;46;2
56;46;2
57;46;2
58;46;2
59;46;2
60;46;2
61;46;2
62;46;2
63;46;2
64;46;2
65;46;2
66;46;42
67;46;2
68;46;8674
69;46;15
70;46;15
71;46;4578
72;46;2
73;46;42
74;46;42
75;46;0
76;46;0
77;46;0
78;46;0
79;46;0
80;46;0
81;46;0
82;46;0
83;46;0
84;46;0
85;46;0
86;46;0
87;46;0
88;46;0
89;46;0
90;46;0
91;46;0
92;46;0
93;46;0
94;46;0
95;46;0
96;46;0
97;46;0
98;46;0
99;46;0
0;47;42
1;47;15
2;47;10727
3;47;7
4;47;12775
5;47;15
6;47;42
7;47;2
8;47;2
9;47;2
10;47;55
11;47;55
12;47;55
13;47;55
14;47;55
15;47;55
16;47;55
17;47;55
18;47;55
19;47;55
20;47;55
21;47;55
22;47;2
23;47;2
24;47;2
25;47;2
26;47;2
27;47;2
28;47;42
29;47;11335
30;47;11335
31;47;11335
32;47;11335
33;47;11335
34;47;11335
35;47;11335
36;47;11335
37;47;11335
38;47;11335
39;47;11335
40;47;11335
41;47;11335
42;47;11335
43;47;11335
44;47;11335
45;47;11335
46;47;28743
47;47;2
48;47;2
49;47;0
50;47;2
51;47;2
52;47;2
53;47;2
54;47;2
55;47;2
56;47;2
57;47;2
58;47;2
59;47;2
60;47;2
61;47;42
62;47;42
63;47;42
64;47;42
65;47;42
66;47;42
67;47;2
68;47;12770
69;47;15
70;47;15
71;47;10722
72;47;2
73;47;2
74;47;42
75;47;42
76;47;0
77;47;0
78;47;0
79;47;0
80;47;0
81;47;0
82;47;0
83;47;0
84;47;0
85;47;0
86;47;0
87;47;0
88;47;0
89;47;0
90;47;0
91;47;0
92;47;0
93;47;0
94;47;0
95;47;0
96;47;0
97;47;0
98;47;0
99;47;0
0;48;42
1;48;15
2;48;3559
3;48;7
4;48;12775
5;48;15
6;48;42
7;48;2
8;48;2
9;48;2
10;48;55
11;48;55
12;48;55
13;48;55
14;48;55
15;48;55
16;48;55
17;48;55
18;48;55
19;48;55
20;48;55
21;48;55
22;48;2
23;48;2
24;48;2
25;48;2
26;48;2
27;48;2
28;48;2
29;48;2
30;48;2
31;48;2
32;48;2
33;48;2
34;48;2
35;48;2
36;48;2
37;48;2
38;48;2
39;48;2
40;48;2
41;48;2
42;48;2
43;48;2
44;48;2
45;48;2
46;48;2
47;48;2
48;48;2
49;48;42
50;48;42
51;48;42
52;48;42
53;48;42
54;48;42
55;48;42
56;48;42
57;48;42
58;48;42
59;48;42
60;48;42
61;48;42
62;48;0
63;48;0
64;48;0
65;48;0
66;48;42
67;48;2
68;48;12770
69;48;15
70;48;15
71;48;20962
72;48;2
73;48;2
74;48;2
75;48;42
76;48;0
77;48;0
78;48;0
79;48;0
80;48;0
81;48;0
82;48;0
83;48;0
84;48;0
85;48;0
86;48;0
87;48;0
88;48;0
89;48;0
90;48;0
91;48;0
92;48;0
93;48;0
94;48;0
95;48;0
96;48;0
97;48;0
98;48;0
99;48;0
0;49;42
1;49;2
2;49;4167
3;49;7
4;49;25063
5;49;15
6;49;42
7;49;2
8;49;2
9;49;2
10;49;55
11;49;55
12;49;55
13;49;55
14;49;55
15;49;55
16;49;55
17;49;55
18;49;55
19;49;55
20;49;55
21;49;55
22;49;2
23;49;2
24;49;2
25;49;2
26;49;2
27;49;2
28;49;2
29;49;2
30;49;2
31;49;2
32;49;2
33;49;2
34;49;2
35;49;2
36;49;2
37;49;2
38;49;2
39;49;2
40;49;2
41;49;2
42;49;2
43;49;2
44;49;2
45;49;2
46;49;2
47;49;2
48;49;2
49;49;0
50;49;0
51;49;0
52;49;0
53;49;0
54;49;0
55;49;0
56;49;0
57;49;0
58;49;0
59;49;0
60;49;0
61;49;0
62;49;0
63;49;0
64;49;0
65;49;0
66;49;42
67;49;2
68;49;12770
69;49;15
70;49;15
71;49;15
72;49;4578
73;49;2
74;49;2
75;49;42
76;49;0
77;49;0
78;49;0
79;49;0
80;49;0
81;49;0
82;49;0
83;49;0
84;49;0
85;49;0
86;49;0
87;49;0
88;49;0
89;49;0
90;49;0
91;49;0
92;49;0
93;49;0
94;49;0
95;49;0
96;49;0
97;49;0
98;49;0
99;49;0
0;50;42
1;50;2
2;50;10311
3;50;8679
4;50;15
5;50;15
6;50;42
7;50;2
8;50;2
9;50;2
10;50;55
11;50;55
12;50;55
13;50;55
14;50;55
15;50;55
16;50;55
17;50;55
18;50;55
19;50;55
20;50;55
21;50;55
22;50;2
23;50;2
24;50;2
25;50;2
26;50;2
27;50;2
28;50;2
29;50;2
30;50;2
31;50;2
32;50;2
33;50;2
34;50;2
35;50;2
36;50;2
37;50;2
38;50;2
39;50;2
40;50;2
41;50;2
42;50;2
43;50;2
44;50;2
45;50;2
46;50;2
47;50;2
48;50;2
49;50;0
50;50;0
51;50;0
52;50;0
53;50;0
54;50;0
55;50;0
56;50;0
57;50;0
58;50;0
59;50;0
60;50;0
61;50;0
62;50;0
63;50;0
64;50;0
65;50;0
66;50;42
67;50;2
68;50;7650
69;50;15
70;50;15
71;50;15
72;50;20962
73;50;2
74;50;2
75;50;42
76;50;0
77;50;0
78;50;0
79;50;0
80;50;0
81;50;0
82;50;0
83;50;0
84;50;0
85;50;0
86;50;0
87;50;0
88;50;0
89;50;0
90;50;0
91;50;0
92;50;0
93;50;0
94;50;0
95;50;0
96;50;0
97;50;0
98;50;0
99;50;0
0;51;42
1;51;2
2;51;10311
3;51;12775
4;51;15
5;51;15
6;51;42
7;51;2
8;51;2
9;51;2
10;51;55
11;51;55
12;51;55
13;51;55
14;51;55
15;51;55
16;51;55
17;51;55
18;51;55
19;51;55
20;51;55
21;51;55
22;51;2
23;51;2
24;51;2
25;51;2
26;51;2
27;51;2
28;51;2
29;51;2
30;51;2
31;51;2
32;51;2
33;51;2
34;51;2
35;51;2
36;51;2
37;51;2
38;51;2
39;51;2
40;51;2
41;51;2
42;51;2
43;51;2
44;51;2
45;51;2
46;51;2
47;51;2
48;51;2
49;51;0
50;51;0
51;51;0
52;51;0
53;51;0
54;51;0
55;51;0
56;51;0
57;51;0
58;51;0
59;51;0
60;51;0
61;51;0
62;51;0
63;51;0
64;51;0
65;51;0
66;51;42
67;51;2
68;51;2
69;51;24034
70;51;15
71;51;15
72;51;15
73;51;4578
74;51;2
75;51;42
76;51;0
77;51;0
78;51;0
79;51;0
80;51;0
81;51;0
82;51;0
83;51;0
84;51;0
85;51;0
86;51;0
87;51;0
88;51;0
89;51;0
90;51;0
91;51;0
92;51;0
93;51;0
94;51;0
95;51;0
96;51;0
97;51;0
98;51;0
99;51;0
0;52;42
1;52;2
2;52;10311
3;52;7655
4;52;15
5;52;15
6;52;42
7;52;2
8;52;2
9;52;2
10;52;55
11;52;55
12;52;55
13;52;55
14;52;55
15;52;55
16;52;55
17;52;55
18;52;55
19;52;55
20;52;55
21;52;55
22;52;2
23;52;2
24;52;2
25;52;2
26;52;2
27;52;2
28;52;2
29;52;2
30;52;2
31;52;2
32;52;2
33;52;2
34;52;2
35;52;2
36;52;2
37;52;2
38;52;2
39;52;2
40;52;2
41;52;2
42;52;2
43;52;2
44;52;2
45;52;2
46;52;2
47;52;2
48;52;2
49;52;0
50;52;0
51;52;0
52;52;0
53;52;0
54;52;0
55;52;0
56;52;0
57;52;0
58;52;0
59;52;0
60;52;0
61;52;0
62;52;0
63;52;0
64;52;0
65;52;0
66;52;42
67;52;2
68;52;2
69;52;12770
70;52;15
71;52;15
72;52;15
73;52;10722
74;52;2
75;52;42
76;52;0
77;52;0
78;52;0
79;52;0
80;52;0
81;52;0
82;52;0
83;52;0
84;52;0
85;52;0
86;52;0
87;52;0
88;52;0
89;52;0
90;52;0
91;52;0
92;52;0
93;52;0
94;52;0
95;52;0
96;52;0
97;52;0
98;52;0
99;52;0
0;53;42
1;53;2
2;53;3143
3;53;8263
4;53;24034
5;53;15
6;53;42
7;53;2
8;53;2
9;53;2
10;53;55
11;53;55
12;53;55
13;53;55
14;53;55
15;53;55
16;53;55
17;53;55
18;53;55
19;53;55
20;53;55
21;53;55
22;53;2
23;53;2
24;53;2
25;53;2
26;53;2
27;53;2
28;53;2
29;53;2
30;53;2
31;53;2
32;53;2
33;53;2
34;53;2
35;53;2
36;53;2
37;53;2
38;53;2
39;53;2
40;53;2
41;53;2
42;53;2
43;53;2
44;53;2
45;53;2
46;53;2
47;53;2
48;53;2
49;53;0
50;53;0
51;53;0
52;53;0
53;53;0
54;53;0
55;53;0
56;53;0
57;53;0
58;53;0
59;53;0
60;53;0
61;53;0
62;53;0
63;53;0
64;53;0
65;53;0
66;53;42
67;53;42
68;53;2
69;53;7650
70;53;15
71;53;15
72;53;15
73;53;3554
74;53;2
75;53;42
76;53;0
77;53;0
78;53;0
79;53;0
80;53;0
81;53;0
82;53;0
83;53;0
84;53;0
85;53;0
86;53;0
87;53;0
88;53;0
89;53;0
90;53;0
91;53;0
92;53;0
93;53;0
94;53;0
95;53;0
96;53;0
97;53;0
98;53;0
99;53;0
0;54;42
1;54;15
2;54;4583
3;54;12359
4;54;12770
5;54;15
6;54;42
7;54;42
8;54;42
9;54;42
10;54;2
11;54;2
12;54;2
13;54;2
14;54;2
15;54;2
16;54;2
17;54;2
18;54;2
19;54;2
20;54;2
21;54;2
22;54;2
23;54;2
24;54;2
25;54;42
26;54;2
27;54;2
28;54;2
29;54;2
30;54;2
31;54;2
32;54;2
33;54;2
34;54;2
35;54;2
36;54;2
37;54;2
38;54;2
39;54;2
40;54;2
41;54;2
42;54;2
43;54;2
44;54;2
45;54;2
46;54;2
47;54;2
48;54;2
49;54;0
50;54;0
51;54;0
52;54;0
53;54;0
54;54;0
55;54;0
56;54;0
57;54;0
58;54;0
59;54;0
60;54;0
61;54;0
62;54;0
63;54;0
64;54;0
65;54;0
66;54;0
67;54;42
68;54;2
69;54;2
70;54;2530
71;54;9698
72;54;1506
73;54;2
74;54;2
75;54;42
76;54;0
77;54;0
78;54;0
79;54;0
80;54;0
81;54;0
82;54;0
83;54;0
84;54;0
85;54;0
86;54;0
87;54;0
88;54;0
89;54;0
90;54;0
91;54;0
92;54;0
93;54;0
94;54;0
95;54;0
96;54;0
97;54;0
98;54;0
99;54;0
0;55;42
1;55;15
2;55;10727
3;55;7239
4;55;12770
5;55;15
6;55;42
7;55;2
8;55;2
9;55;2
10;55;2
11;55;2
12;55;2
13;55;2
14;55;2
15;55;2
16;55;2
17;55;2
18;55;2
19;55;2
20;55;2
21;55;2
22;55;2
23;55;2
24;55;2
25;55;2
26;55;2
27;55;2
28;55;2
29;55;2
30;55;2
31;55;2
32;55;2
33;55;2
34;55;2
35;55;2
36;55;2
37;55;2
38;55;2
39;55;2
40;55;2
41;55;2
42;55;2
43;55;2
44;55;2
45;55;2
46;55;2
47;55;2
48;55;2
49;55;0
50;55;0
51;55;0
52;55;0
53;55;0
54;55;0
55;55;0
56;55;0
57;55;0
58;55;0
59;55;0
60;55;0
61;55;0
62;55;0
63;55;0
64;55;0
65;55;0
66;55;0
67;55;42
68;55;42
69;55;2
70;55;2
71;55;2
72;55;2
73;55;2
74;55;2
75;55;42
76;55;0
77;55;0
78;55;0
79;55;0
80;55;0
81;55;0
82;55;0
83;55;0
84;55;0
85;55;0
86;55;0
87;55;0
88;55;0
89;55;0
90;55;0
91;55;0
92;55;0
93;55;0
94;55;0
95;55;0
96;55;0
97;55;0
98;55;0
99;55;0
0;56;42
1;56;15
2;56;10727
3;56;7
4;56;7655
5;56;15
6;56;42
7;56;6626
8;56;11746
9;56;11746
10;56;11746
11;56;11746
12;56;11746
13;56;11746
14;56;11746
15;56;11746
16;56;11746
17;56;11746
18;56;11746
19;56;5602
20;56;2
21;56;2
22;56;2
23;56;2
24;56;2
25;56;2
26;56;2
27;56;2
28;56;2
29;56;2
30;56;2
31;56;2
32;56;2
33;56;2
34;56;2
35;56;2
36;56;2
37;56;2
38;56;2
39;56;2
40;56;2
41;56;2
42;56;2
43;56;2
44;56;2
45;56;2
46;56;2
47;56;2
48;56;2
49;56;0
50;56;0
51;56;0
52;56;0
53;56;0
54;56;0
55;56;0
56;56;0
57;56;0
58;56;0
59;56;0
60;56;0
61;56;0
62;56;0
63;56;0
64;56;0
65;56;0
66;56;0
67;56;0
68;56;42
69;56;42
70;56;42
71;56;42
72;56;42
73;56;42
74;56;42
75;56;42
76;56;0
77;56;0
78;56;0
79;56;0
80;56;0
81;56;0
82;56;0
83;56;0
84;56;0
85;56;0
86;56;0
87;56;0
88;56;0
89;56;0
90;56;0
91;56;0
92;56;0
93;56;0
94;56;0
95;56;0
96;56;0
97;56;0
98;56;0
99;56;0
0;57;42
1;57;15
2;57;10722
3;57;4167
4;57;7
5;57;7
6;57;7
7;57;15
8;57;15
9;57;15
10;57;15
11;57;15
12;57;15
13;57;15
14;57;15
15;57;15
16;57;15
17;57;15
18;57;15
19;57;15
20;57;2
21;57;2
22;57;2
23;57;2
24;57;2
25;57;2
26;57;2
27;57;2
28;57;2
29;57;2
30;57;2
31;57;2
32;57;2
33;57;2
34;57;2
35;57;0
36;57;0
37;57;0
38;57;0
39;57;0
40;57;0
41;57;0
42;57;0
43;57;0
44;57;0
45;57;0
46;57;0
47;57;0
48;57;0
49;57;0
50;57;0
51;57;0
52;57;0
53;57;0
54;57;0
55;57;0
56;57;0
57;57;0
58;57;0
59;57;0
60;57;0
61;57;0
62;57;0
63;57;0
64;57;0
65;57;0
66;57;0
67;57;0
68;57;0
69;57;0
70;57;0
71;57;0
72;57;0
73;57;0
74;57;0
75;57;0
76;57;0
77;57;0
78;57;0
79;57;0
80;57;0
81;57;0
82;57;0
83;57;0
84;57;0
85;57;0
86;57;0
87;57;0
88;57;0
89;57;0
90;57;0
91;57;0
92;57;0
93;57;0
94;57;0
95;57;0
96;57;0
97;57;0
98;57;0
99;57;0
0;58;42
1;58;15
2;58;3554
3;58;20551
4;58;7
5;58;7
6;58;7
7;58;2535
8;58;9698
9;58;9698
10;58;9698
11;58;9698
12;58;9698
13;58;9698
14;58;9698
15;58;9698
16;58;9698
17;58;9698
18;58;9698
19;58;1506
20;58;2
21;58;2
22;58;6626
23;58;11746
24;58;5602
25;58;2
26;58;2
27;58;2
28;58;2
29;58;2
30;58;2
31;58;2
32;58;2
33;58;2
34;58;2
35;58;0
36;58;0
37;58;0
38;58;0
39;58;0
40;58;0
41;58;0
42;58;0
43;58;0
44;58;0
45;58;0
46;58;0
47;58;0
48;58;0
49;58;0
50;58;0
51;58;0
52;58;0
53;58;0
54;58;0
55;58;0
56;58;0
57;58;0
58;58;0
59;58;0
60;58;0
61;58;0
62;58;0
63;58;0
64;58;0
65;58;0
66;58;0
67;58;0
68;58;0
69;58;0
70;58;0
71;58;0
72;58;0
73;58;0
74;58;0
75;58;0
76;58;0
77;58;0
78;58;0
79;58;0
80;58;0
81;58;0
82;58;0
83;58;0
84;58;0
85;58;0
86;58;0
87;58;0
88;58;0
89;58;0
90;58;0
91;58;0
92;58;0
93;58;0
94;58;0
95;58;0
96;58;0
97;58;0
98;58;0
99;58;0
0;59;42
1;59;2
2;59;2
3;59;2
4;59;22599
5;59;11335
6;59;21575
7;59;2
8;59;2
9;59;2
10;59;2
11;59;2
12;59;2
13;59;2
14;59;2
15;59;2
16;59;2
17;59;2
18;59;6626
19;59;5602
20;59;2
21;59;2
22;59;15
23;59;15
24;59;15
25;59;2
26;59;2
27;59;2
28;59;2
29;59;2
30;59;2
31;59;2
32;59;2
33;59;2
34;59;2
35;59;0
36;59;0
37;59;0
38;59;0
39;59;0
40;59;0
41;59;0
42;59;0
43;59;0
44;59;0
45;59;0
46;59;0
47;59;0
48;59;0
49;59;0
50;59;0
51;59;0
52;59;0
53;59;0
54;59;0
55;59;0
56;59;0
57;59;0
58;59;0
59;59;0
60;59;0
61;59;0
62;59;0
63;59;0
64;59;0
65;59;0
66;59;0
67;59;0
68;59;0
69;59;0
70;59;0
71;59;0
72;59;0
73;59;0
74;59;0
75;59;0
76;59;0
77;59;0
78;59;0
79;59;0
80;59;0
81;59;0
82;59;0
83;59;0
84;59;0
85;59;0
86;59;0
87;59;0
88;59;0
89;59;0
90;59;0
91;59;0
92;59;0
93;59;0
94;59;0
95;59;0
96;59;0
97;59;0
98;59;0
99;59;0
0;60;42
1;60;2
2;60;2
3;60;2
4;60;2
5;60;2
6;60;2
7;60;2
8;60;2
9;60;2
10;60;2
11;60;2
12;60;2
13;60;2
14;60;2
15;60;2
16;60;2
17;60;8674
18;60;15
19;60;15
20;60;4578
21;60;2
22;60;2530
23;60;9698
24;60;1506
25;60;2
26;60;2
27;60;2
28;60;2
29;60;2
30;60;2
31;60;2
32;60;2
33;60;2
34;60;2
35;60;0
36;60;0
37;60;0
38;60;0
39;60;0
40;60;0
41;60;0
42;60;0
43;60;0
44;60;0
45;60;0
46;60;0
47;60;0
48;60;0
49;60;0
50;60;0
51;60;0
52;60;0
53;60;0
54;60;0
55;60;0
56;60;0
57;60;0
58;60;0
59;60;0
60;60;0
61;60;0
62;60;0
63;60;0
64;60;0
65;60;0
66;60;0
67;60;0
68;60;0
69;60;0
70;60;0
71;60;0
72;60;0
73;60;0
74;60;0
75;60;0
76;60;0
77;60;0
78;60;0
79;60;0
80;60;0
81;60;0
82;60;0
83;60;0
84;60;0
85;60;0
86;60;0
87;60;0
88;60;0
89;60;0
90;60;0
91;60;0
92;60;0
93;60;0
94;60;0
95;60;0
96;60;0
97;60;0
98;60;0
99;60;0
0;61;42
1;61;2
2;61;2
3;61;2
4;61;2
5;61;2
6;61;2
7;61;2
8;61;2
9;61;2
10;61;2
11;61;2
12;61;2
13;61;2
14;61;2
15;61;2
16;61;2
17;61;12770
18;61;15
19;61;15
20;61;10722
21;61;2
22;61;2
23;61;2
24;61;2
25;61;2
26;61;2
27;61;2
28;61;2
29;61;2
30;61;2
31;61;2
32;61;2
33;61;2
34;61;2
35;61;0
36;61;0
37;61;0
38;61;0
39;61;0
40;61;0
41;61;0
42;61;0
43;61;0
44;61;0
45;61;0
46;61;0
47;61;0
48;61;0
49;61;0
50;61;0
51;61;0
52;61;0
53;61;0
54;61;0
55;61;0
56;61;0
57;61;0
58;61;0
59;61;0
60;61;0
61;61;0
62;61;0
63;61;0
64;61;0
65;61;0
66;61;0
67;61;0
68;61;0
69;61;0
70;61;0
71;61;0
72;61;0
73;61;0
74;61;0
75;61;0
76;61;0
77;61;0
78;61;0
79;61;0
80;61;0
81;61;0
82;61;0
83;61;0
84;61;0
85;61;0
86;61;0
87;61;0
88;61;0
89;61;0
90;61;0
91;61;0
92;61;0
93;61;0
94;61;0
95;61;0
96;61;0
97;61;0
98;61;0
99;61;0
0;62;42
1;62;2
2;62;2
3;62;2
4;62;2
5;62;2
6;62;2
7;62;2
8;62;2
9;62;2
10;62;2
11;62;2
12;62;2
13;62;2
14;62;2
15;62;2
16;62;2
17;62;12770
18;62;15
19;62;15
20;62;10722
21;62;2
22;62;2
23;62;2
24;62;2
25;62;2
26;62;2
27;62;2
28;62;2
29;62;2
30;62;2
31;62;2
32;62;2
33;62;2
34;62;2
35;62;0
36;62;0
37;62;0
38;62;0
39;62;0
40;62;0
41;62;0
42;62;0
43;62;0
44;62;0
45;62;0
46;62;0
47;62;0
48;62;0
49;62;0
50;62;0
51;62;0
52;62;0
53;62;0
54;62;0
55;62;0
56;62;0
57;62;0
58;62;0
59;62;0
60;62;0
61;62;0
62;62;0
63;62;0
64;62;0
65;62;0
66;62;0
67;62;0
68;62;0
69;62;0
70;62;0
71;62;0
72;62;0
73;62;0
74;62;0
75;62;0
76;62;0
77;62;0
78;62;0
79;62;0
80;62;0
81;62;0
82;62;0
83;62;0
84;62;0
85;62;0
86;62;0
87;62;0
88;62;0
89;62;0
90;62;0
91;62;0
92;62;0
93;62;0
94;62;0
95;62;0
96;62;0
97;62;0
98;62;0
99;62;0
0;63;42
1;63;2
2;63;2
3;63;2
4;63;2
5;63;2
6;63;2
7;63;2
8;63;2
9;63;2
10;63;2
11;63;2
12;63;2
13;63;2
14;63;2
15;63;6626
16;63;5602
17;63;2
18;63;15
19;63;15
20;63;3554
21;63;2
22;63;2
23;63;2
24;63;2
25;63;2
26;63;2
27;63;2
28;63;8674
29;63;15
30;63;4578
31;63;2
32;63;2
33;63;2
34;63;2
35;63;0
36;63;0
37;63;0
38;63;0
39;63;0
40;63;0
41;63;0
42;63;0
43;63;0
44;63;0
45;63;0
46;63;0
47;63;0
48;63;0
49;63;0
50;63;0
51;63;0
52;63;0
53;63;0
54;63;0
55;63;0
56;63;0
57;63;0
58;63;0
59;63;0
60;63;0
61;63;0
62;63;0
63;63;0
64;63;0
65;63;0
66;63;0
67;63;0
68;63;0
69;63;0
70;63;0
71;63;0
72;63;0
73;63;0
74;63;0
75;63;0
76;63;0
77;63;0
78;63;0
79;63;0
80;63;0
81;63;0
82;63;0
83;63;0
84;63;0
85;63;0
86;63;0
87;63;0
88;63;0
89;63;0
90;63;0
91;63;0
92;63;0
93;63;0
94;63;0
95;63;0
96;63;0
97;63;0
98;63;0
99;63;0
0;64;42
1;64;2
2;64;2
3;64;2
4;64;2
5;64;2
6;64;2
7;64;2
8;64;2
9;64;2
10;64;2
11;64;2
12;64;2
13;64;2
14;64;8674
15;64;15
16;64;15
17;64;2
18;64;2530
19;64;1506
20;64;2
21;64;6626
22;64;5602
23;64;7
24;64;2
25;64;2
26;64;2
27;64;2
28;64;12770
29;64;15
30;64;10722
31;64;2
32;64;2
33;64;2
34;64;2
35;64;0
36;64;0
37;64;0
38;64;0
39;64;0
40;64;0
41;64;0
42;64;0
43;64;0
44;64;0
45;64;0
46;64;0
47;64;0
48;64;0
49;64;0
50;64;0
51;64;0
52;64;0
53;64;0
54;64;0
55;64;0
56;64;0
57;64;0
58;64;0
59;64;0
60;64;0
61;64;0
62;64;0
63;64;0
64;64;0
65;64;0
66;64;0
67;64;0
68;64;0
69;64;0
70;64;0
71;64;0
72;64;0
73;64;0
74;64;0
75;64;0
76;64;0
77;64;0
78;64;0
79;64;0
80;64;0
81;64;0
82;64;0
83;64;0
84;64;0
85;64;0
86;64;0
87;64;0
88;64;0
89;64;0
90;64;0
91;64;0
92;64;0
93;64;0
94;64;0
95;64;0
96;64;0
97;64;0
98;64;0
99;64;0
0;65;42
1;65;2
2;65;2
3;65;2
4;65;2
5;65;2
6;65;2
7;65;2
8;65;2
9;65;2
10;65;8674
11;65;15
12;65;4578
13;65;2
14;65;7650
15;65;15
16;65;15
17;65;20962
18;65;2
19;65;2
20;65;8674
21;65;15
22;65;15
23;65;4578
24;65;2
25;65;2
26;65;2
27;65;2
28;65;12770
29;65;15
30;65;10722
31;65;2
32;65;2
33;65;2
34;65;2
35;65;0
36;65;0
37;65;0
38;65;0
39;65;0
40;65;0
41;65;0
42;65;0
43;65;0
44;65;0
45;65;0
46;65;0
47;65;0
48;65;0
49;65;0
50;65;0
51;65;0
52;65;0
53;65;0
54;65;0
55;65;0
56;65;0
57;65;0
58;65;0
59;65;0
60;65;0
61;65;0
62;65;0
63;65;0
64;65;0
65;65;0
66;65;0
67;65;0
68;65;0
69;65;0
70;65;0
71;65;0
72;65;0
73;65;0
74;65;0
75;65;0
76;65;0
77;65;0
78;65;0
79;65;0
80;65;0
81;65;0
82;65;0
83;65;0
84;65;0
85;65;0
86;65;0
87;65;0
88;65;0
89;65;0
90;65;0
91;65;0
92;65;0
93;65;0
94;65;0
95;65;0
96;65;0
97;65;0
98;65;0
99;65;0
0;66;42
1;66;2
2;66;2
3;66;2
4;66;2
5;66;2
6;66;2
7;66;2
8;66;2
9;66;2
10;66;12770
11;66;15
12;66;28130
13;66;5602
14;66;2
15;66;14818
16;66;15
17;66;15
18;66;2
19;66;2
20;66;7650
21;66;15
22;66;15
23;66;2
24;66;16866
25;66;15
26;66;4578
27;66;2
28;66;7650
29;66;15
30;66;3554
31;66;2
32;66;2
33;66;2
34;66;2
35;66;0
36;66;0
37;66;0
38;66;0
39;66;0
40;66;0
41;66;0
42;66;0
43;66;0
44;66;0
45;66;0
46;66;0
47;66;0
48;66;0
49;66;0
50;66;0
51;66;0
52;66;0
53;66;0
54;66;0
55;66;0
56;66;0
57;66;0
58;66;0
59;66;0
60;66;0
61;66;0
62;66;0
63;66;0
64;66;0
65;66;0
66;66;0
67;66;0
68;66;0
69;66;0
70;66;0
71;66;0
72;66;0
73;66;0
74;66;0
75;66;0
76;66;0
77;66;0
78;66;0
79;66;0
80;66;0
81;66;0
82;66;0
83;66;0
84;66;0
85;66;0
86;66;0
87;66;0
88;66;0
89;66;0
90;66;0
91;66;0
92;66;0
93;66;0
94;66;0
95;66;0
96;66;0
97;66;0
98;66;0
99;66;0
0;67;42
1;67;2
2;67;2
3;67;2
4;67;2
5;67;2
6;67;2
7;67;2
8;67;2
9;67;2
10;67;12770
11;67;15
12;67;15
13;67;15
14;67;4578
15;67;2
16;67;2530
17;67;1506
18;67;2
19;67;2
20;67;2
21;67;2530
22;67;1506
23;67;2
24;67;15
25;67;15
26;67;3554
27;67;2
28;67;2
29;67;2
30;67;2
31;67;2
32;67;2
33;67;2
34;67;2
35;67;0
36;67;0
37;67;0
38;67;0
39;67;0
40;67;0
41;67;0
42;67;0
43;67;0
44;67;0
45;67;0
46;67;0
47;67;0
48;67;0
49;67;0
50;67;0
51;67;0
52;67;0
53;67;0
54;67;0
55;67;0
56;67;0
57;67;0
58;67;0
59;67;0
60;67;0
61;67;0
62;67;0
63;67;0
64;67;0
65;67;0
66;67;0
67;67;0
68;67;0
69;67;0
70;67;0
71;67;0
72;67;0
73;67;0
74;67;0
75;67;0
76;67;0
77;67;0
78;67;0
79;67;0
80;67;0
81;67;0
82;67;0
83;67;0
84;67;0
85;67;0
86;67;0
87;67;0
88;67;0
89;67;0
90;67;0
91;67;0
92;67;0
93;67;0
94;67;0
95;67;0
96;67;0
97;67;0
98;67;0
99;67;0
0;68;42
1;68;6626
2;68;11746
3;68;11746
4;68;5602
5;68;2
6;68;2
7;68;2
8;68;2
9;68;2
10;68;12770
11;68;15
12;68;15
13;68;15
14;68;10722
15;68;2
16;68;2
17;68;2
18;68;8674
19;68;15
20;68;4578
21;68;2
22;68;2
23;68;2
24;68;2530
25;68;1506
26;68;2
27;68;2
28;68;2
29;68;2
30;68;2
31;68;2
32;68;2
33;68;2
34;68;2
35;68;0
36;68;0
37;68;0
38;68;0
39;68;0
40;68;0
41;68;0
42;68;0
43;68;0
44;68;0
45;68;0
46;68;0
47;68;0
48;68;0
49;68;0
50;68;0
51;68;0
52;68;0
53;68;0
54;68;0
55;68;0
56;68;0
57;68;0
58;68;0
59;68;0
60;68;0
61;68;0
62;68;0
63;68;0
64;68;0
65;68;0
66;68;0
67;68;0
68;68;0
69;68;0
70;68;0
71;68;0
72;68;0
73;68;0
74;68;0
75;68;0
76;68;0
77;68;0
78;68;0
79;68;0
80;68;0
81;68;0
82;68;0
83;68;0
84;68;0
85;68;0
86;68;0
87;68;0
88;68;0
89;68;0
90;68;0
91;68;0
92;68;0
93;68;0
94;68;0
95;68;0
96;68;0
97;68;0
98;68;0
99;68;0
0;69;42
1;69;15
2;69;15
3;69;15
4;69;15
5;69;4578
6;69;2
7;69;2
8;69;2
9;69;2
10;69;7650
11;69;15
12;69;15
13;69;15
14;69;3554
15;69;2
16;69;2
17;69;2
18;69;7650
19;69;15
20;69;3554
21;69;2
22;69;2
23;69;2
24;69;2
25;69;2
26;69;2
27;69;2
28;69;2
29;69;2
30;69;2
31;69;2
32;69;2
33;69;2
34;69;2
35;69;0
36;69;0
37;69;0
38;69;0
39;69;0
40;69;0
41;69;0
42;69;0
43;69;0
44;69;0
45;69;0
46;69;0
47;69;0
48;69;0
49;69;0
50;69;0
51;69;0
52;69;0
53;69;0
54;69;0
55;69;0
56;69;0
57;69;0
58;69;0
59;69;0
60;69;0
61;69;0
62;69;0
63;69;0
64;69;0
65;69;0
66;69;0
67;69;0
68;69;0
69;69;0
70;69;0
71;69;0
72;69;0
73;69;0
74;69;0
75;69;0
76;69;0
77;69;0
78;69;0
79;69;0
80;69;0
81;69;0
82;69;0
83;69;0
84;69;0
85;69;0
86;69;0
87;69;0
88;69;0
89;69;0
90;69;0
91;69;0
92;69;0
93;69;0
94;69;0
95;69;0
96;69;0
97;69;0
98;69;0
99;69;0
0;70;42
1;70;15
2;70;15
3;70;15
4;70;15
5;70;10722
6;70;2
7;70;2
8;70;2
9;70;2
10;70;2
11;70;2530
12;70;9698
13;70;1506
14;70;2
15;70;2
16;70;2
17;70;2
18;70;2
19;70;2
20;70;2
21;70;21986
22;70;15
23;70;4578
24;70;2
25;70;2
26;70;2
27;70;2
28;70;2
29;70;2
30;70;2
31;70;2
32;70;2
33;70;2
34;70;2
35;70;0
36;70;0
37;70;0
38;70;0
39;70;0
40;70;0
41;70;0
42;70;0
43;70;0
44;70;0
45;70;0
46;70;0
47;70;0
48;70;0
49;70;0
50;70;0
51;70;0
52;70;0
53;70;0
54;70;0
55;70;0
56;70;0
57;70;0
58;70;0
59;70;0
60;70;0
61;70;0
62;70;0
63;70;0
64;70;0
65;70;0
66;70;0
67;70;0
68;70;0
69;70;0
70;70;0
71;70;0
72;70;0
73;70;0
74;70;0
75;70;0
76;70;0
77;70;0
78;70;0
79;70;0
80;70;0
81;70;0
82;70;0
83;70;0
84;70;0
85;70;0
86;70;0
87;70;0
88;70;0
89;70;0
90;70;0
91;70;0
92;70;0
93;70;0
94;70;0
95;70;0
96;70;0
97;70;0
98;70;0
99;70;0
0;71;42
1;71;15
2;71;15
3;71;15
4;71;15
5;71;10722
6;71;2
7;71;2
8;71;2
9;71;2
10;71;2
11;71;2
12;71;2
13;71;2
14;71;2
15;71;2
16;71;2
17;71;2
18;71;8674
19;71;15
20;71;15
21;71;15
22;71;15
23;71;10722
24;71;2
25;71;2
26;71;2
27;71;2
28;71;2
29;71;2
30;71;2
31;71;2
32;71;2
33;71;2
34;71;2
35;71;0
36;71;0
37;71;0
38;71;0
39;71;0
40;71;0
41;71;0
42;71;0
43;71;0
44;71;0
45;71;0
46;71;0
47;71;0
48;71;0
49;71;0
50;71;0
51;71;0
52;71;0
53;71;0
54;71;0
55;71;0
56;71;0
57;71;0
58;71;0
59;71;0
60;71;0
61;71;0
62;71;0
63;71;0
64;71;0
65;71;0
66;71;0
67;71;0
68;71;0
69;71;0
70;71;0
71;71;0
72;71;0
73;71;0
74;71;0
75;71;0
76;71;0
77;71;0
78;71;0
79;71;0
80;71;0
81;71;0
82;71;0
83;71;0
84;71;0
85;71;0
86;71;0
87;71;0
88;71;0
89;71;0
90;71;0
91;71;0
92;71;0
93;71;0
94;71;0
95;71;0
96;71;0
97;71;0
98;71;0
99;71;0
0;72;42
1;72;15
2;72;15
3;72;15
4;72;15
5;72;3554
6;72;2
7;72;2
8;72;2
9;72;2
10;72;2
11;72;2
12;72;2
13;72;2
14;72;2
15;72;2
16;72;2
17;72;2
18;72;7650
19;72;15
20;72;15
21;72;15
22;72;15
23;72;3554
24;72;2
25;72;2
26;72;2
27;72;2
28;72;2
29;72;2
30;72;2
31;72;2
32;72;2
33;72;2
34;72;2
35;72;0
36;72;0
37;72;0
38;72;0
39;72;0
40;72;0
41;72;0
42;72;0
43;72;0
44;72;0
45;72;0
46;72;0
47;72;0
48;72;0
49;72;0
50;72;0
51;72;0
52;72;0
53;72;0
54;72;0
55;72;0
56;72;0
57;72;0
58;72;0
59;72;0
60;72;0
61;72;0
62;72;0
63;72;0
64;72;0
65;72;0
66;72;0
67;72;0
68;72;0
69;72;0
70;72;0
71;72;0
72;72;0
73;72;0
74;72;0
75;72;0
76;72;0
77;72;0
78;72;0
79;72;0
80;72;0
81;72;0
82;72;0
83;72;0
84;72;0
85;72;0
86;72;0
87;72;0
88;72;0
89;72;0
90;72;0
91;72;0
92;72;0
93;72;0
94;72;0
95;72;0
96;72;0
97;72;0
98;72;0
99;72;0
0;73;42
1;73;42
2;73;42
3;73;42
4;73;42
5;73;42
6;73;42
7;73;42
8;73;42
9;73;42
10;73;42
11;73;42
12;73;42
13;73;42
14;73;42
15;73;42
16;73;42
17;73;42
18;73;42
19;73;42
20;73;42
21;73;42
22;73;42
23;73;42
24;73;42
25;73;42
26;73;42
27;73;42
28;73;42
29;73;42
30;73;42
31;73;42
32;73;42
33;73;42
34;73;42
35;73;0
36;73;0
37;73;0
38;73;0
39;73;0
40;73;0
41;73;0
42;73;0
43;73;0
44;73;0
45;73;0
46;73;0
47;73;0
48;73;0
49;73;0
50;73;0
51;73;0
52;73;0
53;73;0
54;73;0
55;73;0
56;73;0
57;73;0
58;73;0
59;73;0
60;73;0
61;73;0
62;73;0
63;73;0
64;73;0
65;73;0
66;73;0
67;73;0
68;73;0
69;73;0
70;73;0
71;73;0
72;73;0
73;73;0
74;73;0
75;73;0
76;73;0
77;73;0
78;73;0
79;73;0
80;73;0
81;73;0
82;73;0
83;73;0
84;73;0
85;73;0
86;73;0
87;73;0
88;73;0
89;73;0
90;73;0
91;73;0
92;73;0
93;73;0
94;73;0
95;73;0
96;73;0
97;73;0
98;73;0
99;73;0
0;74;0
1;74;0
2;74;0
3;74;0
4;74;0
5;74;0
6;74;0
7;74;0
8;74;0
9;74;0
10;74;0
11;74;0
12;74;0
13;74;0
14;74;0
15;74;0
16;74;0
17;74;0
18;74;0
19;74;0
20;74;0
21;74;0
22;74;0
23;74;0
24;74;0
25;74;0
26;74;0
27;74;0
28;74;0
29;74;0
30;74;0
31;74;0
32;74;0
33;74;0
34;74;0
35;74;0
36;74;0
37;74;0
38;74;0
39;74;0
40;74;0
41;74;0
42;74;0
43;74;0
44;74;0
45;74;0
46;74;0
47;74;0
48;74;0
49;74;0
50;74;0
51;74;0
52;74;0
53;74;0
54;74;0
55;74;0
56;74;0
57;74;0
58;74;0
59;74;0
60;74;0
61;74;0
62;74;0
63;74;0
64;74;0
65;74;0
66;74;0
67;74;0
68;74;0
69;74;0
70;74;0
71;74;0
72;74;0
73;74;0
74;74;0
75;74;0
76;74;0
77;74;0
78;74;0
79;74;0
80;74;0
81;74;0
82;74;0
83;74;0
84;74;0
85;74;0
86;74;0
87;74;0
88;74;0
89;74;0
90;74;0
91;74;0
92;74;0
93;74;0
94;74;0
95;74;0
96;74;0
97;74;0
98;74;0
99;74;0
0;75;0
1;75;0
2;75;0
3;75;0
4;75;0
5;75;0
6;75;0
7;75;0
8;75;0
9;75;0
10;75;0
11;75;0
12;75;0
13;75;0
14;75;0
15;75;0
16;75;0
17;75;0
18;75;0
19;75;0
20;75;0
21;75;0
22;75;0
23;75;0
24;75;0
25;75;0
26;75;0
27;75;0
28;75;0
29;75;0
30;75;0
31;75;0
32;75;0
33;75;0
34;75;0
35;75;0
36;75;0
37;75;0
38;75;0
39;75;0
40;75;0
41;75;0
42;75;0
43;75;0
44;75;0
45;75;0
46;75;0
47;75;0
48;75;0
49;75;0
50;75;0
51;75;0
52;75;0
53;75;0
54;75;0
55;75;0
56;75;0
57;75;0
58;75;0
59;75;0
60;75;0
61;75;0
62;75;0
63;75;0
64;75;0
65;75;0
66;75;0
67;75;0
68;75;0
69;75;0
70;75;0
71;75;0
72;75;0
73;75;0
74;75;0
75;75;0
76;75;0
77;75;0
78;75;0
79;75;0
80;75;0
81;75;0
82;75;0
83;75;0
84;75;0
85;75;0
86;75;0
87;75;0
88;75;0
89;75;0
90;75;0
91;75;0
92;75;0
93;75;0
94;75;0
95;75;0
96;75;0
97;75;0
98;75;0
99;75;0
0;76;0
1;76;0
2;76;0
3;76;0
4;76;0
5;76;0
6;76;0
7;76;0
8;76;0
9;76;0
10;76;0
11;76;0
12;76;0
13;76;0
14;76;0
15;76;0
16;76;0
17;76;0
18;76;0
19;76;0
20;76;0
21;76;0
22;76;0
23;76;0
24;76;0
25;76;0
26;76;0
27;76;0
28;76;0
29;76;0
30;76;0
31;76;0
32;76;0
33;76;0
34;76;0
35;76;0
36;76;0
37;76;0
38;76;0
39;76;0
40;76;0
41;76;0
42;76;0
43;76;0
44;76;0
45;76;0
46;76;0
47;76;0
48;76;0
49;76;0
50;76;0
51;76;0
52;76;0
53;76;0
54;76;0
55;76;0
56;76;0
57;76;0
58;76;0
59;76;0
60;76;0
61;76;0
62;76;0
63;76;0
64;76;0
65;76;0
66;76;0
67;76;0
68;76;0
69;76;0
70;76;0
71;76;0
72;76;0
73;76;0
74;76;0
75;76;0
76;76;0
77;76;0
78;76;0
79;76;0
80;76;0
81;76;0
82;76;0
83;76;0
84;76;0
85;76;0
86;76;0
87;76;0
88;76;0
89;76;0
90;76;0
91;76;0
92;76;0
93;76;0
94;76;0
95;76;0
96;76;0
97;76;0
98;76;0
99;76;0
0;77;0
1;77;0
2;77;0
3;77;0
4;77;0
5;77;0
6;77;0
7;77;0
8;77;0
9;77;0
10;77;0
11;77;0
12;77;0
13;77;0
14;77;0
15;77;0
16;77;0
17;77;0
18;77;0
19;77;0
20;77;0
21;77;0
22;77;0
23;77;0
24;77;0
25;77;0
26;77;0
27;77;0
28;77;0
29;77;0
30;77;0
31;77;0
32;77;0
33;77;0
34;77;0
35;77;0
36;77;0
37;77;0
38;77;0
39;77;0
40;77;0
41;77;0
42;77;0
43;77;0
44;77;0
45;77;0
46;77;0
47;77;0
48;77;0
49;77;0
50;77;0
51;77;0
52;77;0
53;77;0
54;77;0
55;77;0
56;77;0
57;77;0
58;77;0
59;77;0
60;77;0
61;77;0
62;77;0
63;77;0
64;77;0
65;77;0
66;77;0
67;77;0
68;77;0
69;77;0
70;77;0
71;77;0
72;77;0
73;77;0
74;77;0
75;77;0
76;77;0
77;77;0
78;77;0
79;77;0
80;77;0
81;77;0
82;77;0
83;77;0
84;77;0
85;77;0
86;77;0
87;77;0
88;77;0
89;77;0
90;77;0
91;77;0
92;77;0
93;77;0
94;77;0
95;77;0
96;77;0
97;77;0
98;77;0
99;77;0
0;78;0
1;78;0
2;78;0
3;78;0
4;78;0
5;78;0
6;78;0
7;78;0
8;78;0
9;78;0
10;78;0
11;78;0
12;78;0
13;78;0
14;78;0
15;78;0
16;78;0
17;78;0
18;78;0
19;78;0
20;78;0
21;78;0
22;78;0
23;78;0
24;78;0
25;78;0
26;78;0
27;78;0
28;78;0
29;78;0
30;78;0
31;78;0
32;78;0
33;78;0
34;78;0
35;78;0
36;78;0
37;78;0
38;78;0
39;78;0
40;78;0
41;78;0
42;78;0
43;78;0
44;78;0
45;78;0
46;78;0
47;78;0
48;78;0
49;78;0
50;78;0
51;78;0
52;78;0
53;78;0
54;78;0
55;78;0
56;78;0
57;78;0
58;78;0
59;78;0
60;78;0
61;78;0
62;78;0
63;78;0
64;78;0
65;78;0
66;78;0
67;78;0
68;78;0
69;78;0
70;78;0
71;78;0
72;78;0
73;78;0
74;78;0
75;78;0
76;78;0
77;78;0
78;78;0
79;78;0
80;78;0
81;78;0
82;78;0
83;78;0
84;78;0
85;78;0
86;78;0
87;78;0
88;78;0
89;78;0
90;78;0
91;78;0
92;78;0
93;78;0
94;78;0
95;78;0
96;78;0
97;78;0
98;78;0
99;78;0
0;79;0
1;79;0
2;79;0
3;79;0
4;79;0
5;79;0
6;79;0
7;79;0
8;79;0
9;79;0
10;79;0
11;79;0
12;79;0
13;79;0
14;79;0
15;79;0
16;79;0
17;79;0
18;79;0
19;79;0
20;79;0
21;79;0
22;79;0
23;79;0
24;79;0
25;79;0
26;79;0
27;79;0
28;79;0
29;79;0
30;79;0
31;79;0
32;79;0
33;79;0
34;79;0
35;79;0
36;79;0
37;79;0
38;79;0
39;79;0
40;79;0
41;79;0
42;79;0
43;79;0
44;79;0
45;79;0
46;79;0
47;79;0
48;79;0
49;79;0
50;79;0
51;79;0
52;79;0
53;79;0
54;79;0
55;79;0
56;79;0
57;79;0
58;79;0
59;79;0
60;79;0
61;79;0
62;79;0
63;79;0
64;79;0
65;79;0
66;79;0
67;79;0
68;79;0
69;79;0
70;79;0
71;79;0
72;79;0
73;79;0
74;79;0
75;79;0
76;79;0
77;79;0
78;79;0
79;79;0
80;79;0
81;79;0
82;79;0
83;79;0
84;79;0
85;79;0
86;79;0
87;79;0
88;79;0
89;79;0
90;79;0
91;79;0
92;79;0
93;79;0
94;79;0
95;79;0
96;79;0
97;79;0
98;79;0
99;79;0
0;80;0
1;80;0
2;80;0
3;80;0
4;80;0
5;80;0
6;80;0
7;80;0
8;80;0
9;80;0
10;80;0
11;80;0
12;80;0
13;80;0
14;80;0
15;80;0
16;80;0
17;80;0
18;80;0
19;80;0
20;80;0
21;80;0
22;80;0
23;80;0
24;80;0
25;80;0
26;80;0
27;80;0
28;80;0
29;80;0
30;80;0
31;80;0
32;80;0
33;80;0
34;80;0
35;80;0
36;80;0
37;80;0
38;80;0
39;80;0
40;80;0
41;80;0
42;80;0
43;80;0
44;80;0
45;80;0
46;80;0
47;80;0
48;80;0
49;80;0
50;80;0
51;80;0
52;80;0
53;80;0
54;80;0
55;80;0
56;80;0
57;80;0
58;80;0
59;80;0
60;80;0
61;80;0
62;80;0
63;80;0
64;80;0
65;80;0
66;80;0
67;80;0
68;80;0
69;80;0
70;80;0
71;80;0
72;80;0
73;80;0
74;80;0
75;80;0
76;80;0
77;80;0
78;80;0
79;80;0
80;80;0
81;80;0
82;80;0
83;80;0
84;80;0
85;80;0
86;80;0
87;80;0
88;80;0
89;80;0
90;80;0
91;80;0
92;80;0
93;80;0
94;80;0
95;80;0
96;80;0
97;80;0
98;80;0
99;80;0
0;81;0
1;81;0
2;81;0
3;81;0
4;81;0
5;81;0
6;81;0
7;81;0
8;81;0
9;81;0
10;81;0
11;81;0
12;81;0
13;81;0
14;81;0
15;81;0
16;81;0
17;81;0
18;81;0
19;81;0
20;81;0
21;81;0
22;81;0
23;81;0
24;81;0
25;81;0
26;81;0
27;81;0
28;81;0
29;81;0
30;81;0
31;81;0
32;81;0
33;81;0
34;81;0
35;81;0
36;81;0
37;81;0
38;81;0
39;81;0
40;81;0
41;81;0
42;81;0
43;81;0
44;81;0
45;81;0
46;81;0
47;81;0
48;81;0
49;81;0
50;81;0
51;81;0
52;81;0
53;81;0
54;81;0
55;81;0
56;81;0
57;81;0
58;81;0
59;81;0
60;81;0
61;81;0
62;81;0
63;81;0
64;81;0
65;81;0
66;81;0
67;81;0
68;81;0
69;81;0
70;81;0
71;81;0
72;81;0
73;81;0
74;81;0
75;81;0
76;81;0
77;81;0
78;81;0
79;81;0
80;81;0
81;81;0
82;81;0
83;81;0
84;81;0
85;81;0
86;81;0
87;81;0
88;81;0
89;81;0
90;81;0
91;81;0
92;81;0
93;81;0
94;81;0
95;81;0
96;81;0
97;81;0
98;81;0
99;81;0
0;82;0
1;82;0
2;82;0
3;82;0
4;82;0
5;82;0
6;82;0
7;82;0
8;82;0
9;82;0
10;82;0
11;82;0
12;82;0
13;82;0
14;82;0
15;82;0
16;82;0
17;82;0
18;82;0
19;82;0
20;82;0
21;82;0
22;82;0
23;82;0
24;82;0
25;82;0
26;82;0
27;82;0
28;82;0
29;82;0
30;82;0
31;82;0
32;82;0
33;82;0
34;82;0
35;82;0
36;82;0
37;82;0
38;82;0
39;82;0
40;82;0
41;82;0
42;82;0
43;82;0
44;82;0
45;82;0
46;82;0
47;82;0
48;82;0
49;82;0
50;82;0
51;82;0
52;82;0
53;82;0
54;82;0
55;82;0
56;82;0
57;82;0
58;82;0
59;82;0
60;82;0
61;82;0
62;82;0
63;82;0
64;82;0
65;82;0
66;82;0
67;82;0
68;82;0
69;82;0
70;82;0
71;82;0
72;82;0
73;82;0
74;82;0
75;82;0
76;82;0
77;82;0
78;82;0
79;82;0
80;82;0
81;82;0
82;82;0
83;82;0
84;82;0
85;82;0
86;82;0
87;82;0
88;82;0
89;82;0
90;82;0
91;82;0
92;82;0
93;82;0
94;82;0
95;82;0
96;82;0
97;82;0
98;82;0
99;82;0
0;83;0
1;83;0
2;83;0
3;83;0
4;83;0
5;83;0
6;83;0
7;83;0
8;83;0
9;83;0
10;83;0
11;83;0
12;83;0
13;83;0
14;83;0
15;83;0
16;83;0
17;83;0
18;83;0
19;83;0
20;83;0
21;83;0
22;83;0
23;83;0
24;83;0
25;83;0
26;83;0
27;83;0
28;83;0
29;83;0
30;83;0
31;83;0
32;83;0
33;83;0
34;83;0
35;83;0
36;83;0
37;83;0
38;83;0
39;83;0
40;83;0
41;83;0
42;83;0
43;83;0
44;83;0
45;83;0
46;83;0
47;83;0
48;83;0
49;83;0
50;83;0
51;83;0
52;83;0
53;83;0
54;83;0
55;83;0
56;83;0
57;83;0
58;83;0
59;83;0
60;83;0
61;83;0
62;83;0
63;83;0
64;83;0
65;83;0
66;83;0
67;83;0
68;83;0
69;83;0
70;83;0
71;83;0
72;83;0
73;83;0
74;83;0
75;83;0
76;83;0
77;83;0
78;83;0
79;83;0
80;83;0
81;83;0
82;83;0
83;83;0
84;83;0
85;83;0
86;83;0
87;83;0
88;83;0
89;83;0
90;83;0
91;83;0
92;83;0
93;83;0
94;83;0
95;83;0
96;83;0
97;83;0
98;83;0
99;83;0
0;84;0
1;84;0
2;84;0
3;84;0
4;84;0
5;84;0
6;84;0
7;84;0
8;84;0
9;84;0
10;84;0
11;84;0
12;84;0
13;84;0
14;84;0
15;84;0
16;84;0
17;84;0
18;84;0
19;84;0
20;84;0
21;84;0
22;84;0
23;84;0
24;84;0
25;84;0
26;84;0
27;84;0
28;84;0
29;84;0
30;84;0
31;84;0
32;84;0
33;84;0
34;84;0
35;84;0
36;84;0
37;84;0
38;84;0
39;84;0
40;84;0
41;84;0
42;84;0
43;84;0
44;84;0
45;84;0
46;84;0
47;84;0
48;84;0
49;84;0
50;84;0
51;84;0
52;84;0
53;84;0
54;84;0
55;84;0
56;84;0
57;84;0
58;84;0
59;84;0
60;84;0
61;84;0
62;84;0
63;84;0
64;84;0
65;84;0
66;84;0
67;84;0
68;84;0
69;84;0
70;84;0
71;84;0
72;84;0
73;84;0
74;84;0
75;84;0
76;84;0
77;84;0
78;84;0
79;84;0
80;84;0
81;84;0
82;84;0
83;84;0
84;84;0
85;84;0
86;84;0
87;84;0
88;84;0
89;84;0
90;84;0
91;84;0
92;84;0
93;84;0
94;84;0
95;84;0
96;84;0
97;84;0
98;84;0
99;84;0
0;85;0
1;85;0
2;85;0
3;85;0
4;85;0
5;85;0
6;85;0
7;85;0
8;85;0
9;85;0
10;85;0
11;85;0
12;85;0
13;85;0
14;85;0
15;85;0
16;85;0
17;85;0
18;85;0
19;85;0
20;85;0
21;85;0
22;85;0
23;85;0
24;85;0
25;85;0
26;85;0
27;85;0
28;85;0
29;85;0
30;85;0
31;85;0
32;85;0
33;85;0
34;85;0
35;85;0
36;85;0
37;85;0
38;85;0
39;85;0
40;85;0
41;85;0
42;85;0
43;85;0
44;85;0
45;85;0
46;85;0
47;85;0
48;85;0
49;85;0
50;85;0
51;85;0
52;85;0
53;85;0
54;85;0
55;85;0
56;85;0
57;85;0
58;85;0
59;85;0
60;85;0
61;85;0
62;85;0
63;85;0
64;85;0
65;85;0
66;85;0
67;85;0
68;85;0
69;85;0
70;85;0
71;85;0
72;85;0
73;85;0
74;85;0
75;85;0
76;85;0
77;85;0
78;85;0
79;85;0
80;85;0
81;85;0
82;85;0
83;85;0
84;85;0
85;85;0
86;85;0
87;85;0
88;85;0
89;85;0
90;85;0
91;85;0
92;85;0
93;85;0
94;85;0
95;85;0
96;85;0
97;85;0
98;85;0
99;85;0
0;86;0
1;86;0
2;86;0
3;86;0
4;86;0
5;86;0
6;86;0
7;86;0
8;86;0
9;86;0
10;86;0
11;86;0
12;86;0
13;86;0
14;86;0
15;86;0
16;86;0
17;86;0
18;86;0
19;86;0
20;86;0
21;86;0
22;86;0
23;86;0
24;86;0
25;86;0
26;86;0
27;86;0
28;86;0
29;86;0
30;86;0
31;86;0
32;86;0
33;86;0
34;86;0
35;86;0
36;86;0
37;86;0
38;86;0
39;86;0
40;86;0
41;86;0
42;86;0
43;86;0
44;86;0
45;86;0
46;86;0
47;86;0
48;86;0
49;86;0
50;86;0
51;86;0
52;86;0
53;86;0
54;86;0
55;86;0
56;86;0
57;86;0
58;86;0
59;86;0
60;86;0
61;86;0
62;86;0
63;86;0
64;86;0
65;86;0
66;86;0
67;86;0
68;86;0
69;86;0
70;86;0
71;86;0
72;86;0
73;86;0
74;86;0
75;86;0
76;86;0
77;86;0
78;86;0
79;86;0
80;86;0
81;86;0
82;86;0
83;86;0
84;86;0
85;86;0
86;86;0
87;86;0
88;86;0
89;86;0
90;86;0
91;86;0
92;86;0
93;86;0
94;86;0
95;86;0
96;86;0
97;86;0
98;86;0
99;86;0
0;87;0
1;87;0
2;87;0
3;87;0
4;87;0
5;87;0
6;87;0
7;87;0
8;87;0
9;87;0
10;87;0
11;87;0
12;87;0
13;87;0
14;87;0
15;87;0
16;87;0
17;87;0
18;87;0
19;87;0
20;87;0
21;87;0
22;87;0
23;87;0
24;87;0
25;87;0
26;87;0
27;87;0
28;87;0
29;87;0
30;87;0
31;87;0
32;87;0
33;87;0
34;87;0
35;87;0
36;87;0
37;87;0
38;87;0
39;87;0
40;87;0
41;87;0
42;87;0
43;87;0
44;87;0
45;87;0
46;87;0
47;87;0
48;87;0
49;87;0
50;87;0
51;87;0
52;87;0
53;87;0
54;87;0
55;87;0
56;87;0
57;87;0
58;87;0
59;87;0
60;87;0
61;87;0
62;87;0
63;87;0
64;87;0
65;87;0
66;87;0
67;87;0
68;87;0
69;87;0
70;87;0
71;87;0
72;87;0
73;87;0
74;87;0
75;87;0
76;87;0
77;87;0
78;87;0
79;87;0
80;87;0
81;87;0
82;87;0
83;87;0
84;87;0
85;87;0
86;87;0
87;87;0
88;87;0
89;87;0
90;87;0
91;87;0
92;87;0
93;87;0
94;87;0
95;87;0
96;87;0
97;87;0
98;87;0
99;87;0
0;88;0
1;88;0
2;88;0
3;88;0
4;88;0
5;88;0
6;88;0
7;88;0
8;88;0
9;88;0
10;88;0
11;88;0
12;88;0
13;88;0
14;88;0
15;88;0
16;88;0
17;88;0
18;88;0
19;88;0
20;88;0
21;88;0
22;88;0
23;88;0
24;88;0
25;88;0
26;88;0
27;88;0
28;88;0
29;88;0
30;88;0
31;88;0
32;88;0
33;88;0
34;88;0
35;88;0
36;88;0
37;88;0
38;88;0
39;88;0
40;88;0
41;88;0
42;88;0
43;88;0
44;88;0
45;88;0
46;88;0
47;88;0
48;88;0
49;88;0
50;88;0
51;88;0
52;88;0
53;88;0
54;88;0
55;88;0
56;88;0
57;88;0
58;88;0
59;88;0
60;88;0
61;88;0
62;88;0
63;88;0
64;88;0
65;88;0
66;88;0
67;88;0
68;88;0
69;88;0
70;88;0
71;88;0
72;88;0
73;88;0
74;88;0
75;88;0
76;88;0
77;88;0
78;88;0
79;88;0
80;88;0
81;88;0
82;88;0
83;88;0
84;88;0
85;88;0
86;88;0
87;88;0
88;88;0
89;88;0
90;88;0
91;88;0
92;88;0
93;88;0
94;88;0
95;88;0
96;88;0
97;88;0
98;88;0
99;88;0
0;89;0
1;89;0
2;89;0
3;89;0
4;89;0
5;89;0
6;89;0
7;89;0
8;89;0
9;89;0
10;89;0
11;89;0
12;89;0
13;89;0
14;89;0
15;89;0
16;89;0
17;89;0
18;89;0
19;89;0
20;89;0
21;89;0
22;89;0
23;89;0
24;89;0
25;89;0
26;89;0
27;89;0
28;89;0
29;89;0
30;89;0
31;89;0
32;89;0
33;89;0
34;89;0
35;89;0
36;89;0
37;89;0
38;89;0
39;89;0
40;89;0
41;89;0
42;89;0
43;89;0
44;89;0
45;89;0
46;89;0
47;89;0
48;89;0
49;89;0
50;89;0
51;89;0
52;89;0
53;89;0
54;89;0
55;89;0
56;89;0
57;89;0
58;89;0
59;89;0
60;89;0
61;89;0
62;89;0
63;89;0
64;89;0
65;89;0
66;89;0
67;89;0
68;89;0
69;89;0
70;89;0
71;89;0
72;89;0
73;89;0
74;89;0
75;89;0
76;89;0
77;89;0
78;89;0
79;89;0
80;89;0
81;89;0
82;89;0
83;89;0
84;89;0
85;89;0
86;89;0
87;89;0
88;89;0
89;89;0
90;89;0
91;89;0
92;89;0
93;89;0
94;89;0
95;89;0
96;89;0
97;89;0
98;89;0
99;89;0
0;90;0
1;90;0
2;90;0
3;90;0
4;90;0
5;90;0
6;90;0
7;90;0
8;90;0
9;90;0
10;90;0
11;90;0
12;90;0
13;90;0
14;90;0
15;90;0
16;90;0
17;90;0
18;90;0
19;90;0
20;90;0
21;90;0
22;90;0
23;90;0
24;90;0
25;90;0
26;90;0
27;90;0
28;90;0
29;90;0
30;90;0
31;90;0
32;90;0
33;90;0
34;90;0
35;90;0
36;90;0
37;90;0
38;90;0
39;90;0
40;90;0
41;90;0
42;90;0
43;90;0
44;90;0
45;90;0
46;90;0
47;90;0
48;90;0
49;90;0
50;90;0
51;90;0
52;90;0
53;90;0
54;90;0
55;90;0
56;90;0
57;90;0
58;90;0
59;90;0
60;90;0
61;90;0
62;90;0
63;90;0
64;90;0
65;90;0
66;90;0
67;90;0
68;90;0
69;90;0
70;90;0
71;90;0
72;90;0
73;90;0
74;90;0
75;90;0
76;90;0
77;90;0
78;90;0
79;90;0
80;90;0
81;90;0
82;90;0
83;90;0
84;90;0
85;90;0
86;90;0
87;90;0
88;90;0
89;90;0
90;90;0
91;90;0
92;90;0
93;90;0
94;90;0
95;90;0
96;90;0
97;90;0
98;90;0
99;90;0
0;91;0
1;91;0
2;91;0
3;91;0
4;91;0
5;91;0
6;91;0
7;91;0
8;91;0
9;91;0
10;91;0
11;91;0
12;91;0
13;91;0
14;91;0
15;91;0
16;91;0
17;91;0
18;91;0
19;91;0
20;91;0
21;91;0
22;91;0
23;91;0
24;91;0
25;91;0
26;91;0
27;91;0
28;91;0
29;91;0
30;91;0
31;91;0
32;91;0
33;91;0
34;91;0
35;91;0
36;91;0
37;91;0
38;91;0
39;91;0
40;91;0
41;91;0
42;91;0
43;91;0
44;91;0
45;91;0
46;91;0
47;91;0
48;91;0
49;91;0
50;91;0
51;91;0
52;91;0
53;91;0
54;91;0
55;91;0
56;91;0
57;91;0
58;91;0
59;91;0
60;91;0
61;91;0
62;91;0
63;91;0
64;91;0
65;91;0
66;91;0
67;91;0
68;91;0
69;91;0
70;91;0
71;91;0
72;91;0
73;91;0
74;91;0
75;91;0
76;91;0
77;91;0
78;91;0
79;91;0
80;91;0
81;91;0
82;91;0
83;91;0
84;91;0
85;91;0
86;91;0
87;91;0
88;91;0
89;91;0
90;91;0
91;91;0
92;91;0
93;91;0
94;91;0
95;91;0
96;91;0
97;91;0
98;91;0
99;91;0
0;92;0
1;92;0
2;92;0
3;92;0
4;92;0
5;92;0
6;92;0
7;92;0
8;92;0
9;92;0
10;92;0
11;92;0
12;92;0
13;92;0
14;92;0
15;92;0
16;92;0
17;92;0
18;92;0
19;92;0
20;92;0
21;92;0
22;92;0
23;92;0
24;92;0
25;92;0
26;92;0
27;92;0
28;92;0
29;92;0
30;92;0
31;92;0
32;92;0
33;92;0
34;92;0
35;92;0
36;92;0
37;92;0
38;92;0
39;92;0
40;92;0
41;92;0
42;92;0
43;92;0
44;92;0
45;92;0
46;92;0
47;92;0
48;92;0
49;92;0
50;92;0
51;92;0
52;92;0
53;92;0
54;92;0
55;92;0
56;92;0
57;92;0
58;92;0
59;92;0
60;92;0
61;92;0
62;92;0
63;92;0
64;92;0
65;92;0
66;92;0
67;92;0
68;92;0
69;92;0
70;92;0
71;92;0
72;92;0
73;92;0
74;92;0
75;92;0
76;92;0
77;92;0
78;92;0
79;92;0
80;92;0
81;92;0
82;92;0
83;92;0
84;92;0
85;92;0
86;92;0
87;92;0
88;92;0
89;92;0
90;92;0
91;92;0
92;92;0
93;92;0
94;92;0
95;92;0
96;92;0
97;92;0
98;92;0
99;92;0
0;93;0
1;93;0
2;93;0
3;93;0
4;93;0
5;93;0
6;93;0
7;93;0
8;93;0
9;93;0
10;93;0
11;93;0
12;93;0
13;93;0
14;93;0
15;93;0
16;93;0
17;93;0
18;93;0
19;93;0
20;93;0
21;93;0
22;93;0
23;93;0
24;93;0
25;93;0
26;93;0
27;93;0
28;93;0
29;93;0
30;93;0
31;93;0
32;93;0
33;93;0
34;93;0
35;93;0
36;93;0
37;93;0
38;93;0
39;93;0
40;93;0
41;93;0
42;93;0
43;93;0
44;93;0
45;93;0
46;93;0
47;93;0
48;93;0
49;93;0
50;93;0
51;93;0
52;93;0
53;93;0
54;93;0
55;93;0
56;93;0
57;93;0
58;93;0
59;93;0
60;93;0
61;93;0
62;93;0
63;93;0
64;93;0
65;93;0
66;93;0
67;93;0
68;93;0
69;93;0
70;93;0
71;93;0
72;93;0
73;93;0
74;93;0
75;93;0
76;93;0
77;93;0
78;93;0
79;93;0
80;93;0
81;93;0
82;93;0
83;93;0
84;93;0
85;93;0
86;93;0
87;93;0
88;93;0
89;93;0
90;93;0
91;93;0
92;93;0
93;93;0
94;93;0
95;93;0
96;93;0
97;93;0
98;93;0
99;93;0
0;94;0
1;94;0
2;94;0
3;94;0
4;94;0
5;94;0
6;94;0
7;94;0
8;94;0
9;94;0
10;94;0
11;94;0
12;94;0
13;94;0
14;94;0
15;94;0
16;94;0
17;94;0
18;94;0
19;94;0
20;94;0
21;94;0
22;94;0
23;94;0
24;94;0
25;94;0
26;94;0
27;94;0
28;94;0
29;94;0
30;94;0
31;94;0
32;94;0
33;94;0
34;94;0
35;94;0
36;94;0
37;94;0
38;94;0
39;94;0
40;94;0
41;94;0
42;94;0
43;94;0
44;94;0
45;94;0
46;94;0
47;94;0
48;94;0
49;94;0
50;94;0
51;94;0
52;94;0
53;94;0
54;94;0
55;94;0
56;94;0
57;94;0
58;94;0
59;94;0
60;94;0
61;94;0
62;94;0
63;94;0
64;94;0
65;94;0
66;94;0
67;94;0
68;94;0
69;94;0
70;94;0
71;94;0
72;94;0
73;94;0
74;94;0
75;94;0
76;94;0
77;94;0
78;94;0
79;94;0
80;94;0
81;94;0
82;94;0
83;94;0
84;94;0
85;94;0
86;94;0
87;94;0
88;94;0
89;94;0
90;94;0
91;94;0
92;94;0
93;94;0
94;94;0
95;94;0
96;94;0
97;94;0
98;94;0
99;94;0
0;95;0
1;95;0
2;95;0
3;95;0
4;95;0
5;95;0
6;95;0
7;95;0
8;95;0
9;95;0
10;95;0
11;95;0
12;95;0
13;95;0
14;95;0
15;95;0
16;95;0
17;95;0
18;95;0
19;95;0
20;95;0
21;95;0
22;95;0
23;95;0
24;95;0
25;95;0
26;95;0
27;95;0
28;95;0
29;95;0
30;95;0
31;95;0
32;95;0
33;95;0
34;95;0
35;95;0
36;95;0
37;95;0
38;95;0
39;95;0
40;95;0
41;95;0
42;95;0
43;95;0
44;95;0
45;95;0
46;95;0
47;95;0
48;95;0
49;95;0
50;95;0
51;95;0
52;95;0
53;95;0
54;95;0
55;95;0
56;95;0
57;95;0
58;95;0
59;95;0
60;95;0
61;95;0
62;95;0
63;95;0
64;95;0
65;95;0
66;95;0
67;95;0
68;95;0
69;95;0
70;95;0
71;95;0
72;95;0
73;95;0
74;95;0
75;95;0
76;95;0
77;95;0
78;95;0
79;95;0
80;95;0
81;95;0
82;95;0
83;95;0
84;95;0
85;95;0
86;95;0
87;95;0
88;95;0
89;95;0
90;95;0
91;95;0
92;95;0
93;95;0
94;95;0
95;95;0
96;95;0
97;95;0
98;95;0
99;95;0
0;96;0
1;96;0
2;96;0
3;96;0
4;96;0
5;96;0
6;96;0
7;96;0
8;96;0
9;96;0
10;96;0
11;96;0
12;96;0
13;96;0
14;96;0
15;96;0
16;96;0
17;96;0
18;96;0
19;96;0
20;96;0
21;96;0
22;96;0
23;96;0
24;96;0
25;96;0
26;96;0
27;96;0
28;96;0
29;96;0
30;96;0
31;96;0
32;96;0
33;96;0
34;96;0
35;96;0
36;96;0
37;96;0
38;96;0
39;96;0
40;96;0
41;96;0
42;96;0
43;96;0
44;96;0
45;96;0
46;96;0
47;96;0
48;96;0
49;96;0
50;96;0
51;96;0
52;96;0
53;96;0
54;96;0
55;96;0
56;96;0
57;96;0
58;96;0
59;96;0
60;96;0
61;96;0
62;96;0
63;96;0
64;96;0
65;96;0
66;96;0
67;96;0
68;96;0
69;96;0
70;96;0
71;96;0
72;96;0
73;96;0
74;96;0
75;96;0
76;96;0
77;96;0
78;96;0
79;96;0
80;96;0
81;96;0
82;96;0
83;96;0
84;96;0
85;96;0
86;96;0
87;96;0
88;96;0
89;96;0
90;96;0
91;96;0
92;96;0
93;96;0
94;96;0
95;96;0
96;96;0
97;96;0
98;96;0
99;96;0
0;97;0
1;97;0
2;97;0
3;97;0
4;97;0
5;97;0
6;97;0
7;97;0
8;97;0
9;97;0
10;97;0
11;97;0
12;97;0
13;97;0
14;97;0
15;97;0
16;97;0
17;97;0
18;97;0
19;97;0
20;97;0
21;97;0
22;97;0
23;97;0
24;97;0
25;97;0
26;97;0
27;97;0
28;97;0
29;97;0
30;97;0
31;97;0
32;97;0
33;97;0
34;97;0
35;97;0
36;97;0
37;97;0
38;97;0
39;97;0
40;97;0
41;97;0
42;97;0
43;97;0
44;97;0
45;97;0
46;97;0
47;97;0
48;97;0
49;97;0
50;97;0
51;97;0
52;97;0
53;97;0
54;97;0
55;97;0
56;97;0
57;97;0
58;97;0
59;97;0
60;97;0
61;97;0
62;97;0
63;97;0
64;97;0
65;97;0
66;97;0
67;97;0
68;97;0
69;97;0
70;97;0
71;97;0
72;97;0
73;97;0
74;97;0
75;97;0
76;97;0
77;97;0
78;97;0
79;97;0
80;97;0
81;97;0
82;97;0
83;97;0
84;97;0
85;97;0
86;97;0
87;97;0
88;97;0
89;97;0
90;97;0
91;97;0
92;97;0
93;97;0
94;97;0
95;97;0
96;97;0
97;97;0
98;97;0
99;97;0
0;98;0
1;98;0
2;98;0
3;98;0
4;98;0
5;98;0
6;98;0
7;98;0
8;98;0
9;98;0
10;98;0
11;98;0
12;98;0
13;98;0
14;98;0
15;98;0
16;98;0
17;98;0
18;98;0
19;98;0
20;98;0
21;98;0
22;98;0
23;98;0
24;98;0
25;98;0
26;98;0
27;98;0
28;98;0
29;98;0
30;98;0
31;98;0
32;98;0
33;98;0
34;98;0
35;98;0
36;98;0
37;98;0
38;98;0
39;98;0
40;98;0
41;98;0
42;98;0
43;98;0
44;98;0
45;98;0
46;98;0
47;98;0
48;98;0
49;98;0
50;98;0
51;98;0
52;98;0
53;98;0
54;98;0
55;98;0
56;98;0
57;98;0
58;98;0
59;98;0
60;98;0
61;98;0
62;98;0
63;98;0
64;98;0
65;98;0
66;98;0
67;98;0
68;98;0
69;98;0
70;98;0
71;98;0
72;98;0
73;98;0
74;98;0
75;98;0
76;98;0
77;98;0
78;98;0
79;98;0
80;98;0
81;98;0
82;98;0
83;98;0
84;98;0
85;98;0
86;98;0
87;98;0
88;98;0
89;98;0
90;98;0
91;98;0
92;98;0
93;98;0
94;98;0
95;98;0
96;98;0
97;98;0
98;98;0
99;98;0
0;99;0
1;99;0
2;99;0
3;99;0
4;99;0
5;99;0
6;99;0
7;99;0
8;99;0
9;99;0
10;99;0
11;99;0
12;99;0
13;99;0
14;99;0
15;99;0
16;99;0
17;99;0
18;99;0
19;99;0
20;99;0
21;99;0
22;99;0
23;99;0
24;99;0
25;99;0
26;99;0
27;99;0
28;99;0
29;99;0
30;99;0
31;99;0
32;99;0
33;99;0
34;99;0
35;99;0
36;99;0
37;99;0
38;99;0
39;99;0
40;99;0
41;99;0
42;99;0
43;99;0
44;99;0
45;99;0
46;99;0
47;99;0
48;99;0
49;99;0
50;99;0
51;99;0
52;99;0
53;99;0
54;99;0
55;99;0
56;99;0
57;99;0
58;99;0
59;99;0
60;99;0
61;99;0
62;99;0
63;99;0
64;99;0
65;99;0
66;99;0
67;99;0
68;99;0
69;99;0
70;99;0
71;99;0
72;99;0
73;99;0
74;99;0
75;99;0
76;99;0
77;99;0
78;99;0
79;99;0
80;99;0
81;99;0
82;99;0
83;99;0
84;99;0
85;99;0
86;99;0
87;99;0
88;99;0
89;99;0
90;99;0
91;99;0
92;99;0
93;99;0
94;99;0
95;99;0
96;99;0
97;99;0
98;99;0
99;99;0
