62;11;0;287;0;333
63;11;0;287;0;333
64;11;0;287;0;333
65;11;0;287;0;333
66;11;0;287;0;333
67;11;0;287;0;333
68;11;0;287;0;333
69;11;0;287;0;333
70;11;0;287;0;333
71;11;0;287;0;333
72;11;0;287;0;333
73;11;0;287;0;333
74;11;0;287;0;333
75;11;0;287;0;333
76;11;0;287;0;333
77;11;0;287;0;333
78;11;0;287;0;333
79;11;0;287;0;333
80;11;0;287;0;333
81;11;0;287;0;333
82;11;0;287;0;333
83;11;0;287;0;333
84;11;0;287;0;333
85;11;0;287;0;333
85;11;0;287;0;333
86;11;0;287;0;333
87;11;0;287;0;333
88;11;0;287;0;333
89;11;0;287;0;333
90;11;0;287;0;333
62;12;0;287;0;333
63;12;0;287;0;333
64;12;0;287;0;333
65;12;0;287;0;333
66;12;0;622;0;333
67;12;0;622;0;333
68;12;0;630;0;333
69;12;0;287;0;333
70;12;0;287;0;333
71;12;0;287;0;333
72;12;0;287;0;333
73;12;0;287;0;333
74;12;0;287;0;333
75;12;0;287;0;333
76;12;0;287;0;333
77;12;0;287;0;333
78;12;0;287;0;333
79;12;0;287;0;333
80;12;0;287;0;333
81;12;0;287;0;333
82;12;0;287;0;333
83;12;0;287;0;333
84;12;0;287;0;333
85;12;0;287;0;333
85;12;0;287;0;333
86;12;0;287;0;333
87;12;0;287;0;333
88;12;0;287;0;333
89;12;0;287;0;333
90;12;0;287;0;333
62;13;0;287;0;333
63;13;0;287;0;333
64;13;0;287;0;333
65;13;0;622;0;333
67;13;0;319;0;333
68;13;0;623;0;333
69;13;0;287;0;333
70;13;0;287;0;333
71;13;0;287;0;333
72;13;0;287;0;333
73;13;0;287;0;333
74;13;0;287;0;333
75;13;0;287;0;333
76;13;0;287;0;333
77;13;0;287;0;333
78;13;0;287;0;333
79;13;0;287;0;333
80;13;0;287;0;333
81;13;0;287;0;333
82;13;0;287;0;333
83;13;0;287;0;333
84;13;0;287;0;333
85;13;0;287;0;333
85;13;0;287;0;333
86;13;0;287;0;333
87;13;0;287;0;333
88;13;0;287;0;333
89;13;0;287;0;333
90;13;0;287;0;333
62;14;0;287;0;333
63;14;0;287;0;333
64;14;0;622;0;333
68;14;0;629;0;333
69;14;0;630;0;333
70;14;0;287;0;333
71;14;0;287;0;333
72;14;0;287;0;333
73;14;0;287;0;333
74;14;0;287;0;333
75;14;0;287;0;333
76;14;0;287;0;333
77;14;0;287;0;333
78;14;0;287;0;333
79;14;0;287;0;333
80;14;0;287;0;333
81;14;0;287;0;333
82;14;0;287;0;333
83;14;0;287;0;333
84;14;0;287;0;333
85;14;0;287;0;333
85;14;0;287;0;333
86;14;0;287;0;333
87;14;0;287;0;333
88;14;0;287;0;333
89;14;0;287;0;333
90;14;0;287;0;333
62;15;0;622;0;333
63;15;0;622;0;333
64;15;0;628;0;333
69;15;0;623;0;333
70;15;0;287;0;333
71;15;0;287;0;333
72;15;0;287;0;333
73;15;0;340;0;333
74;15;0;340;0;333
75;15;0;340;0;333
76;15;0;340;0;333
77;15;0;340;0;333
78;15;0;340;0;333
79;15;0;340;0;333
80;15;0;340;0;333
81;15;0;340;0;333
82;15;0;340;0;333
83;15;0;340;0;333
85;15;0;287;0;333
86;15;0;287;0;333
87;15;0;287;0;333
88;15;0;287;0;333
89;15;0;287;0;333
90;15;0;287;0;333
62;16;0;628;0;333
68;16;0;627;0;333
69;16;0;623;0;333
70;16;0;287;0;333
71;16;0;287;0;333
72;16;0;287;0;333
73;16;0;342;0;333
75;16;0;2805;0;333
76;16;0;3075;0;333
77;16;0;2805;0;333
78;16;0;2805;0;333
79;16;0;3075;0;333
80;16;0;2805;0;333
81;16;0;2805;0;333
82;16;0;3075;0;333
83;16;0;2805;0;333
84;16;0;342;0;333
85;16;0;287;0;333
86;16;0;287;0;333
87;16;0;287;0;333
88;16;0;287;0;333
89;16;0;287;0;333
90;16;0;287;0;333
67;17;0;627;0;333
68;17;0;623;0;333
69;17;0;287;0;333
70;17;0;287;0;333
71;17;0;287;0;333
72;17;0;287;0;333
73;17;0;342;0;333
84;17;0;342;0;333
85;17;0;287;0;333
86;17;0;287;0;333
87;17;0;287;0;333
88;17;0;287;0;333
89;17;0;287;0;333
90;17;0;287;0;333
68;18;0;629;0;333
69;18;0;622;0;333
70;18;0;622;0;333
71;18;0;622;0;333
72;18;0;630;0;333
73;18;0;342;0;333
76;18;0;337;0;333
77;18;0;337;0;333
78;18;0;276;0;333
79;18;0;287;0;333
80;18;0;276;0;333
81;18;0;337;0;333
82;18;0;337;0;333
84;18;0;342;0;333
85;18;0;287;0;333
86;18;0;287;0;333
87;18;0;287;0;333
88;18;0;287;0;333
89;18;0;287;0;333
90;18;0;287;0;333
72;19;0;629;0;333
73;19;0;342;0;333
79;19;0;295;0;333
84;19;0;342;0;333
85;19;0;287;0;333
86;19;0;287;0;333
87;19;0;287;0;333
88;19;0;287;0;333
89;19;0;287;0;333
90;19;0;287;0;333
73;20;0;496;0;333
76;20;0;75;0;333
79;20;0;337;0;333
82;20;0;75;0;333
84;20;0;342;0;333
85;20;0;287;0;333
86;20;0;287;0;333
87;20;0;287;0;333
88;20;0;287;0;333
89;20;0;287;0;333
90;20;0;287;0;333
73;21;0;342;0;333
84;21;0;342;0;333
85;21;0;287;0;333
86;21;0;287;0;333
87;21;0;287;0;333
88;21;0;287;0;333
89;21;0;287;0;333
90;21;0;287;0;333
72;22;0;627;0;333
73;22;0;342;0;333
75;22;0;337;0;333
84;22;0;342;0;333
85;22;0;287;0;333
86;22;0;287;0;333
87;22;0;287;0;333
88;22;0;287;0;333
89;22;0;287;0;333
90;22;0;287;0;333
8;23;0;613;0;333
9;23;0;613;0;333
10;23;0;613;0;333
11;23;0;613;0;333
12;23;0;613;0;333
13;23;0;613;0;333
14;23;0;921;0;333
14;23;0;287;0;333
14;23;0;613;0;333
15;23;0;613;0;333
16;23;0;613;0;333
17;23;0;613;0;333
18;23;0;613;0;333
19;23;0;613;0;333
20;23;0;287;0;333
21;23;0;287;0;333
22;23;0;287;0;333
23;23;0;287;0;333
24;23;0;287;0;333
25;23;0;287;0;333
26;23;0;287;0;333
27;23;0;287;0;333
27;23;0;628;0;333
27;23;0;287;0;333
28;23;0;628;0;333
28;23;0;628;0;333
28;23;0;287;0;333
29;23;0;287;0;333
70;23;0;627;0;333
71;23;0;627;0;333
72;23;0;627;0;333
73;23;0;342;0;333
84;23;0;342;0;333
85;23;0;287;0;333
86;23;0;287;0;333
87;23;0;287;0;333
88;23;0;287;0;333
89;23;0;287;0;333
90;23;0;287;0;333
8;24;0;613;0;333
10;24;0;418;0;333
13;24;0;421;0;333
14;24;0;921;0;333
14;24;0;287;0;333
14;24;0;613;0;333
14;24;0;613;0;333
19;24;0;613;0;333
20;24;0;287;0;333
21;24;0;287;0;333
22;24;0;287;0;333
23;24;0;287;0;333
24;24;0;287;0;333
25;24;0;287;0;333
26;24;0;287;0;333
27;24;0;287;0;333
27;24;0;628;0;333
27;24;0;287;0;333
28;24;0;287;0;333
28;24;0;287;0;333
29;24;0;287;0;333
70;24;0;623;0;333
71;24;0;287;0;333
72;24;0;287;0;333
73;24;0;347;0;333
74;24;0;340;0;333
75;24;0;493;0;333
76;24;0;340;0;333
77;24;0;493;0;333
78;24;0;340;0;333
79;24;0;493;0;333
80;24;0;340;0;333
81;24;0;493;0;333
82;24;0;340;0;333
83;24;0;493;0;333
84;24;0;342;0;333
84;24;0;473;0;333
85;24;0;287;0;333
86;24;0;287;0;333
87;24;0;287;0;333
88;24;0;287;0;333
89;24;0;287;0;333
90;24;0;287;0;333
8;25;0;613;0;333
12;25;0;2937;0;333
14;25;0;921;0;333
14;25;0;287;0;333
14;25;0;613;0;333
19;25;0;613;0;333
20;25;0;287;0;333
23;25;0;2937;0;333
24;25;0;425;0;333
26;25;0;287;0;333
27;25;0;287;0;333
28;25;0;287;0;333
29;25;0;287;0;333
70;25;0;623;0;333
71;25;0;287;0;333
72;25;0;287;0;333
73;25;0;287;0;333
74;25;0;287;0;333
75;25;0;287;0;333
76;25;0;287;0;333
77;25;0;287;0;333
78;25;0;287;0;333
79;25;0;287;0;333
80;25;0;287;0;333
81;25;0;287;0;333
82;25;0;287;0;333
83;25;0;287;0;333
84;25;0;287;0;333
85;25;0;287;0;333
86;25;0;287;0;333
87;25;0;287;0;333
88;25;0;287;0;333
89;25;0;287;0;333
90;25;0;287;0;333
8;26;0;613;0;333
13;26;0;2038;0;333
14;26;0;921;0;333
14;26;0;287;0;333
14;26;0;613;0;333
19;26;0;613;0;333
20;26;0;287;0;333
24;26;0;421;0;333
25;26;0;2038;0;333
26;26;0;287;0;333
27;26;0;287;0;333
27;26;0;287;0;333
28;26;0;287;0;333
28;26;0;287;0;333
29;26;0;287;0;333
70;26;0;623;0;333
71;26;0;287;0;333
72;26;0;287;0;333
73;26;0;287;0;333
74;26;0;287;0;333
75;26;0;287;0;333
76;26;0;287;0;333
77;26;0;287;0;333
78;26;0;287;0;333
79;26;0;287;0;333
80;26;0;287;0;333
81;26;0;287;0;333
82;26;0;287;0;333
83;26;0;287;0;333
84;26;0;287;0;333
85;26;0;287;0;333
86;26;0;287;0;333
87;26;0;287;0;333
88;26;0;287;0;333
89;26;0;287;0;333
90;26;0;287;0;333
8;27;0;613;0;333
12;27;0;2850;0;333
13;27;0;403;0;333
14;27;0;921;0;333
14;27;0;287;0;333
14;27;0;613;0;333
18;27;0;403;0;333
19;27;0;613;0;333
20;27;0;287;0;333
24;27;0;2850;0;333
26;27;0;287;0;333
27;27;0;287;0;333
28;27;0;287;0;333
29;27;0;287;0;333
70;27;0;623;0;333
71;27;0;287;0;333
72;27;0;287;0;333
73;27;0;287;0;333
74;27;0;287;0;333
75;27;0;287;0;333
76;27;0;287;0;333
77;27;0;287;0;333
78;27;0;287;0;333
79;27;0;287;0;333
80;27;0;287;0;333
81;27;0;287;0;333
82;27;0;287;0;333
83;27;0;287;0;333
84;27;0;287;0;333
85;27;0;287;0;333
86;27;0;287;0;333
87;27;0;287;0;333
88;27;0;287;0;333
89;27;0;287;0;333
90;27;0;287;0;333
8;28;0;613;0;333
13;28;0;2937;0;333
14;28;0;487;3002;333
19;28;0;496;3002;333
24;28;0;2937;0;333
26;28;0;287;0;333
27;28;0;287;0;333
28;28;0;287;0;333
29;28;0;287;0;333
70;28;0;623;0;333
71;28;0;287;0;333
72;28;0;287;0;333
73;28;0;287;0;333
74;28;0;287;0;333
75;28;0;287;0;333
76;28;0;287;0;333
77;28;0;287;0;333
78;28;0;287;0;333
79;28;0;287;0;333
80;28;0;287;0;333
81;28;0;287;0;333
82;28;0;287;0;333
83;28;0;287;0;333
84;28;0;287;0;333
85;28;0;287;0;333
86;28;0;287;0;333
87;28;0;287;0;333
88;28;0;287;0;333
89;28;0;287;0;333
90;28;0;287;0;333
8;29;0;613;0;333
13;29;0;414;0;333
14;29;0;613;0;333
19;29;0;613;0;333
20;29;0;287;0;333
25;29;0;415;0;333
26;29;0;287;0;333
27;29;0;287;0;333
28;29;0;287;0;333
29;29;0;287;0;333
70;29;0;629;0;333
71;29;0;622;0;333
72;29;0;622;0;333
73;29;0;622;0;333
74;29;0;622;0;333
75;29;0;622;0;333
76;29;0;622;0;333
77;29;0;622;0;333
78;29;0;622;0;333
79;29;0;622;0;333
80;29;0;622;0;333
81;29;0;622;0;333
82;29;0;622;0;333
83;29;0;622;0;333
84;29;0;622;0;333
85;29;0;622;0;333
86;29;0;622;0;333
87;29;0;622;0;333
88;29;0;622;0;333
89;29;0;622;0;333
90;29;0;622;0;333
8;30;0;613;0;333
14;30;0;613;0;333
19;30;0;613;0;333
20;30;0;287;0;333
26;30;0;287;0;333
27;30;0;287;0;333
28;30;0;287;0;333
29;30;0;287;0;333
8;31;0;613;0;333
14;31;0;613;0;333
19;31;0;613;0;333
20;31;0;287;0;333
26;31;0;287;0;333
27;31;0;287;0;333
28;31;0;287;0;333
29;31;0;287;0;333
8;32;0;613;0;333
9;32;0;613;0;333
10;32;0;613;0;333
11;32;0;613;0;333
12;32;0;613;0;333
13;32;0;613;0;333
14;32;0;921;0;333
14;32;0;613;0;333
19;32;0;613;0;333
20;32;0;287;0;333
21;32;0;287;0;333
22;32;0;287;0;333
23;32;0;287;0;333
24;32;0;287;0;333
25;32;0;287;0;333
26;32;0;287;0;333
27;32;0;287;0;333
28;32;0;287;0;333
29;32;0;287;0;333
8;33;0;287;0;333
9;33;0;287;0;333
10;33;0;287;0;333
11;33;0;287;0;333
12;33;0;287;0;333
14;33;0;470;0;333
15;33;0;474;0;333
16;33;0;486;3002;333
17;33;0;474;0;333
17;33;0;401;0;333
18;33;0;474;0;333
19;33;0;471;0;333
19;33;0;623;0;333
20;33;0;287;0;333
21;33;0;287;0;333
22;33;0;287;0;333
23;33;0;287;0;333
24;33;0;287;0;333
25;33;0;287;0;333
26;33;0;287;0;333
27;33;0;287;0;333
28;33;0;287;0;333
29;33;0;287;0;333
8;34;0;287;0;333
9;34;0;287;0;333
10;34;0;287;0;333
11;34;0;287;0;333
12;34;0;287;0;333
19;34;0;596;0;333
20;34;0;287;0;333
21;34;0;287;0;333
22;34;0;287;0;333
23;34;0;287;0;333
24;34;0;287;0;333
25;34;0;287;0;333
26;34;0;287;0;333
27;34;0;287;0;333
28;34;0;287;0;333
29;34;0;287;0;333
8;35;0;287;0;333
9;35;0;287;0;333
10;35;0;287;0;333
11;35;0;287;0;333
12;35;0;622;0;333
19;35;0;623;0;333
20;35;0;287;0;333
21;35;0;287;0;333
22;35;0;287;0;333
23;35;0;287;0;333
24;35;0;287;0;333
25;35;0;287;0;333
26;35;0;287;0;333
27;35;0;287;0;333
28;35;0;287;0;333
29;35;0;287;0;333
8;36;0;287;0;333
9;36;0;287;0;333
10;36;0;287;0;333
11;36;0;287;0;333
19;36;0;596;0;333
20;36;0;287;0;333
21;36;0;287;0;333
22;36;0;287;0;333
23;36;0;287;0;333
24;36;0;287;0;333
25;36;0;287;0;333
26;36;0;287;0;333
27;36;0;287;0;333
28;36;0;287;0;333
29;36;0;287;0;333
8;37;0;287;0;333
9;37;0;287;0;333
10;37;0;287;0;333
11;37;0;622;0;333
19;37;0;623;0;333
20;37;0;287;0;333
21;37;0;287;0;333
22;37;0;287;0;333
23;37;0;287;0;333
24;37;0;287;0;333
25;37;0;287;0;333
26;37;0;287;0;333
27;37;0;287;0;333
28;37;0;287;0;333
29;37;0;287;0;333
8;38;0;287;0;333
9;38;0;287;0;333
10;38;0;287;0;333
13;38;0;212;0;333
18;38;0;339;0;333
19;38;0;596;0;333
20;38;0;287;0;333
21;38;0;287;0;333
22;38;0;287;0;333
23;38;0;287;0;333
24;38;0;287;0;333
25;38;0;287;0;333
26;38;0;287;0;333
27;38;0;287;0;333
28;38;0;287;0;333
29;38;0;287;0;333
12;39;0;213;0;333
13;39;0;36;0;333
13;39;0;2854;0;333
14;39;0;215;0;333
18;39;0;339;0;333
19;39;0;623;0;333
20;39;0;287;0;333
21;39;0;287;0;333
22;39;0;287;0;333
23;39;0;287;0;333
24;39;0;287;0;333
25;39;0;287;0;333
26;39;0;287;0;333
27;39;0;287;0;333
28;39;0;287;0;333
29;39;0;287;0;333
13;40;0;214;0;333
18;40;0;339;0;333
19;40;0;596;0;333
20;40;0;287;0;333
21;40;0;287;0;333
22;40;0;287;0;333
23;40;0;287;0;333
24;40;0;287;0;333
25;40;0;287;0;333
26;40;0;287;0;333
27;40;0;287;0;333
28;40;0;287;0;333
29;40;0;287;0;333
19;41;0;623;0;333
20;41;0;287;0;333
21;41;0;287;0;333
22;41;0;287;0;333
23;41;0;287;0;333
24;41;0;287;0;333
24;41;0;287;0;333
25;41;0;287;0;333
25;41;0;287;0;333
26;41;0;287;0;333
26;41;0;287;0;333
26;41;0;287;0;333
27;41;0;287;0;333
27;41;0;287;0;333
28;41;0;287;0;333
28;41;0;287;0;333
29;41;0;287;0;333
18;42;0;1003;0;333
19;42;0;623;0;333
20;42;0;287;0;333
21;42;0;287;0;333
22;42;0;287;0;333
23;42;0;287;0;333
24;42;0;287;0;333
25;42;0;287;0;333
26;42;0;287;0;333
27;42;0;287;0;333
28;42;0;287;0;333
29;42;0;287;0;333
19;43;0;629;0;333
20;43;0;622;0;333
21;43;0;622;0;333
22;43;0;622;0;333
23;43;0;622;0;333
24;43;0;622;0;333
25;43;0;622;0;333
26;43;0;622;0;333
1;48;0;1266;0;333
2;48;0;1266;0;333
3;48;0;1266;0;333
4;48;0;1266;0;333
5;48;0;1266;0;333
6;48;0;1266;0;333
7;48;0;1266;0;333
8;48;0;1266;0;333
9;48;0;1266;0;333
10;48;0;1266;0;333
11;48;0;1266;0;333
12;48;0;1266;0;333
13;48;0;1266;0;333
14;48;0;1266;0;333
15;48;0;1266;0;333
16;48;0;1266;0;333
17;48;0;1266;0;333
18;48;0;1266;0;333
19;48;0;1266;0;333
20;48;0;1266;0;333
21;48;0;1266;0;333
22;48;0;1266;0;333
23;48;0;1266;0;333
24;48;0;1266;0;333
25;48;0;1266;0;333
26;48;0;1266;0;333
70;48;0;287;0;333
71;48;0;287;0;333
72;48;0;287;0;333
73;48;0;287;0;333
74;48;0;287;0;333
75;48;0;287;0;333
76;48;0;287;0;333
77;48;0;287;0;333
78;48;0;287;0;333
79;48;0;287;0;333
80;48;0;287;0;333
81;48;0;287;0;333
82;48;0;287;0;333
82;48;0;287;0;333
1;49;0;1272;0;333
2;49;0;1266;0;333
3;49;0;1266;0;333
4;49;0;1266;0;333
5;49;0;1266;0;333
6;49;0;1266;0;333
7;49;0;1266;0;333
8;49;0;1266;0;333
9;49;0;1266;0;333
10;49;0;1266;0;333
11;49;0;1266;0;333
12;49;0;1266;0;333
13;49;0;1266;0;333
14;49;0;1266;0;333
15;49;0;1266;0;333
16;49;0;1266;0;333
17;49;0;1266;0;333
18;49;0;1266;0;333
19;49;0;1266;0;333
20;49;0;1266;0;333
21;49;0;1266;0;333
22;49;0;1266;0;333
23;49;0;1266;0;333
24;49;0;1266;0;333
25;49;0;1266;0;333
26;49;0;1266;0;333
35;49;0;1272;0;333
70;49;0;287;0;333
71;49;0;287;0;333
72;49;0;287;0;333
73;49;0;287;0;333
74;49;0;287;0;333
75;49;0;287;0;333
76;49;0;287;0;333
77;49;0;287;0;333
78;49;0;287;0;333
79;49;0;287;0;333
80;49;0;287;0;333
81;49;0;287;0;333
82;49;0;287;0;333
83;49;0;287;0;333
0;50;0;287;0;333
1;50;0;287;0;333
1;50;0;287;0;333
2;50;0;287;0;333
2;50;0;287;0;333
3;50;0;287;0;333
3;50;0;287;0;333
4;50;0;287;0;333
4;50;0;287;0;333
5;50;0;287;0;333
5;50;0;287;0;333
6;50;0;287;0;333
6;50;0;287;0;333
7;50;0;287;0;333
8;50;0;287;0;333
9;50;0;287;0;333
10;50;0;287;0;333
11;50;0;287;0;333
12;50;0;287;0;333
13;50;0;287;0;333
13;50;0;287;0;333
14;50;0;287;0;333
14;50;0;287;0;333
15;50;0;287;0;333
15;50;0;287;0;333
16;50;0;287;0;333
16;50;0;287;0;333
17;50;0;287;0;333
17;50;0;287;0;333
18;50;0;287;0;333
18;50;0;287;0;333
18;50;0;287;0;333
19;50;0;287;0;333
20;50;0;287;0;333
21;50;0;287;0;333
22;50;0;287;0;333
23;50;0;287;0;333
24;50;0;287;0;333
25;50;0;287;0;333
26;50;0;287;0;333
27;50;0;287;0;333
28;50;0;287;0;333
29;50;0;287;0;333
30;50;0;287;0;333
31;50;0;287;0;333
32;50;0;287;0;333
33;50;0;287;0;333
34;50;0;287;0;333
35;50;0;287;0;333
36;50;0;287;0;333
37;50;0;287;0;333
38;50;0;287;0;333
38;50;0;287;0;333
39;50;0;287;0;333
39;50;0;287;0;333
40;50;0;287;0;333
40;50;0;287;0;333
41;50;0;287;0;333
41;50;0;287;0;333
42;50;0;287;0;333
42;50;0;287;0;333
43;50;0;287;0;333
43;50;0;287;0;333
44;50;0;287;0;333
44;50;0;287;0;333
45;50;0;287;0;333
45;50;0;287;0;333
46;50;0;287;0;333
46;50;0;287;0;333
47;50;0;287;0;333
47;50;0;287;0;333
48;50;0;287;0;333
48;50;0;287;0;333
49;50;0;287;0;333
49;50;0;287;0;333
50;50;0;287;0;333
50;50;0;287;0;333
50;50;0;287;0;333
51;50;0;287;0;333
68;50;0;287;0;333
69;50;0;287;0;333
70;50;0;287;0;333
71;50;0;597;0;333
72;50;0;622;0;333
73;50;0;597;0;333
74;50;0;622;0;333
75;50;0;597;0;333
76;50;0;622;0;333
77;50;0;597;0;333
78;50;0;622;0;333
79;50;0;597;0;333
80;50;0;622;0;333
81;50;0;630;0;333
82;50;0;287;0;333
83;50;0;287;0;333
0;51;0;287;0;333
1;51;0;287;0;333
1;51;0;287;0;333
2;51;0;287;0;333
2;51;0;287;0;333
3;51;0;287;0;333
3;51;0;287;0;333
4;51;0;287;0;333
4;51;0;287;0;333
5;51;0;287;0;333
5;51;0;287;0;333
6;51;0;287;0;333
6;51;0;287;0;333
7;51;0;287;0;333
7;51;0;287;0;333
8;51;0;287;0;333
8;51;0;287;0;333
9;51;0;287;0;333
9;51;0;287;0;333
10;51;0;287;0;333
10;51;0;287;0;333
11;51;0;287;0;333
11;51;0;287;0;333
12;51;0;287;0;333
12;51;0;287;0;333
13;51;0;287;0;333
13;51;0;287;0;333
13;51;0;287;0;333
14;51;0;287;0;333
14;51;0;287;0;333
14;51;0;287;0;333
15;51;0;287;0;333
15;51;0;287;0;333
15;51;0;287;0;333
16;51;0;287;0;333
16;51;0;287;0;333
16;51;0;287;0;333
17;51;0;287;0;333
17;51;0;287;0;333
17;51;0;287;0;333
18;51;0;287;0;333
18;51;0;287;0;333
18;51;0;287;0;333
18;51;0;287;0;333
19;51;0;287;0;333
20;51;0;287;0;333
21;51;0;287;0;333
22;51;0;287;0;333
23;51;0;287;0;333
24;51;0;287;0;333
25;51;0;287;0;333
26;51;0;287;0;333
27;51;0;287;0;333
28;51;0;287;0;333
29;51;0;287;0;333
30;51;0;287;0;333
31;51;0;287;0;333
32;51;0;287;0;333
33;51;0;287;0;333
33;51;0;597;0;333
34;51;0;287;0;333
34;51;0;597;0;333
35;51;0;287;0;333
36;51;0;287;0;333
37;51;0;287;0;333
37;51;0;287;0;333
38;51;0;287;0;333
38;51;0;287;0;333
39;51;0;287;0;333
39;51;0;287;0;333
40;51;0;287;0;333
40;51;0;287;0;333
41;51;0;287;0;333
41;51;0;287;0;333
42;51;0;287;0;333
42;51;0;287;0;333
43;51;0;287;0;333
44;51;0;287;0;333
45;51;0;287;0;333
46;51;0;287;0;333
47;51;0;287;0;333
48;51;0;287;0;333
49;51;0;287;0;333
50;51;0;287;0;333
51;51;0;287;0;333
68;51;0;597;0;333
69;51;0;622;0;333
70;51;0;597;0;333
70;51;0;1245;0;333
76;51;0;915;0;333
78;51;0;1246;0;333
81;51;0;623;0;333
82;51;0;287;0;333
83;51;0;287;0;333
0;52;0;622;0;333
1;52;0;622;0;333
2;52;0;622;0;333
3;52;0;626;0;333
4;52;0;597;0;333
5;52;0;1273;0;333
6;52;0;914;0;333
7;52;0;914;0;333
8;52;0;597;0;333
8;52;0;1273;0;333
9;52;0;626;0;333
10;52;0;597;0;333
10;52;0;1273;0;333
11;52;0;627;0;333
12;52;0;627;0;333
13;52;0;627;0;333
14;52;0;1266;0;333
15;52;0;419;0;333
16;52;0;597;0;333
17;52;0;596;0;333
18;52;0;287;0;333
19;52;0;287;0;333
20;52;0;287;0;333
21;52;0;287;0;333
22;52;0;287;0;333
23;52;0;287;0;333
24;52;0;287;0;333
25;52;0;287;0;333
26;52;0;287;0;333
27;52;0;287;0;333
28;52;0;287;0;333
29;52;0;287;0;333
30;52;0;287;0;333
31;52;0;1265;0;333
31;52;0;287;0;333
32;52;0;287;0;333
33;52;0;597;0;333
34;52;0;597;0;333
35;52;0;622;0;333
36;52;0;630;0;333
37;52;0;287;0;333
38;52;0;287;0;333
39;52;0;287;0;333
40;52;0;287;0;333
41;52;0;287;0;333
42;52;0;287;0;333
43;52;0;287;0;333
44;52;0;287;0;333
45;52;0;287;0;333
46;52;0;287;0;333
47;52;0;287;0;333
48;52;0;287;0;333
49;52;0;287;0;333
50;52;0;287;0;333
51;52;0;287;0;333
71;52;0;28;0;333
79;52;0;2832;0;333
82;52;0;623;0;333
83;52;0;287;0;333
1;53;0;914;0;333
2;53;0;233;0;333
3;53;0;1265;0;333
4;53;0;1266;0;333
5;53;0;1265;0;333
6;53;0;1266;0;333
7;53;0;1266;0;333
8;53;0;1265;0;333
9;53;0;1272;0;333
10;53;0;1266;0;333
11;53;0;914;0;333
12;53;0;626;0;333
13;53;0;914;0;333
14;53;0;914;0;333
15;53;0;1254;0;333
16;53;0;914;0;333
17;53;0;1273;0;333
18;53;0;630;0;333
19;53;0;287;0;333
20;53;0;287;0;333
21;53;0;622;0;333
22;53;0;597;0;333
22;53;0;914;0;333
23;53;0;622;0;333
24;53;0;630;0;333
25;53;0;287;0;333
26;53;0;287;0;333
27;53;0;287;0;333
28;53;0;287;0;333
29;53;0;287;0;333
30;53;0;287;0;333
31;53;0;622;0;333
32;53;0;622;0;333
33;53;0;1266;0;333
34;53;0;1266;0;333
35;53;0;1266;0;333
36;53;0;629;0;333
37;53;0;622;0;333
38;53;0;622;0;333
39;53;0;630;0;333
40;53;0;287;0;333
41;53;0;287;0;333
42;53;0;287;0;333
43;53;0;287;0;333
43;53;0;287;0;333
44;53;0;287;0;333
45;53;0;287;0;333
46;53;0;287;0;333
47;53;0;287;0;333
48;53;0;287;0;333
49;53;0;287;0;333
50;53;0;287;0;333
51;53;0;287;0;333
82;53;0;596;0;333
83;53;0;287;0;333
1;54;0;1266;0;333
2;54;0;1266;0;333
3;54;0;1266;0;333
4;54;0;1266;0;333
5;54;0;1266;0;333
6;54;0;1266;0;333
7;54;0;1266;0;333
8;54;0;1266;0;333
9;54;0;1272;0;333
10;54;0;1272;0;333
11;54;0;1266;0;333
12;54;0;1273;0;333
13;54;0;1266;0;333
14;54;0;1266;0;333
15;54;0;1272;0;333
16;54;0;1266;0;333
17;54;0;1266;0;333
18;54;0;914;0;333
19;54;0;622;0;333
20;54;0;622;0;333
21;54;0;914;0;333
22;54;0;1265;0;333
23;54;0;914;0;333
24;54;0;629;0;333
25;54;0;622;0;333
26;54;0;597;0;333
27;54;0;622;0;333
28;54;0;597;0;333
29;54;0;622;0;333
30;54;0;622;0;333
31;54;0;1266;0;333
32;54;0;1266;0;333
33;54;0;627;0;333
34;54;0;626;0;333
35;54;0;1266;0;333
36;54;0;1266;0;333
37;54;0;628;0;333
38;54;0;1266;0;333
39;54;0;629;0;333
40;54;0;622;0;333
41;54;0;622;0;333
42;54;0;630;0;333
43;54;0;287;0;333
44;54;0;287;0;333
45;54;0;287;0;333
46;54;0;287;0;333
46;54;0;287;0;333
47;54;0;287;0;333
47;54;0;287;0;333
48;54;0;287;0;333
48;54;0;287;0;333
49;54;0;287;0;333
49;54;0;287;0;333
50;54;0;287;0;333
51;54;0;287;0;333
82;54;0;623;0;333
83;54;0;287;0;333
1;55;0;1266;0;333
2;55;0;1266;0;333
3;55;0;29;0;333
4;55;0;1266;0;333
5;55;0;1272;0;333
6;55;0;1266;0;333
7;55;0;1266;0;333
8;55;0;1266;0;333
9;55;0;1266;0;333
10;55;0;1265;0;333
11;55;0;1266;0;333
12;55;0;1266;0;333
13;55;0;1272;0;333
14;55;0;1266;0;333
15;55;0;1266;0;333
16;55;0;1266;0;333
17;55;0;1272;0;333
18;55;0;1266;0;333
19;55;0;1266;0;333
20;55;0;1266;0;333
21;55;0;1266;0;333
22;55;0;1266;0;333
23;55;0;1266;0;333
24;55;0;1266;0;333
25;55;0;1266;0;333
26;55;0;1266;0;333
27;55;0;1265;0;333
28;55;0;1273;0;333
29;55;0;628;0;333
30;55;0;1265;0;333
31;55;0;1266;0;333
32;55;0;1266;0;333
33;55;0;629;0;333
34;55;0;628;0;333
35;55;0;1266;0;333
36;55;0;1266;0;333
37;55;0;1266;0;333
38;55;0;1266;0;333
39;55;0;1266;0;333
40;55;0;1266;0;333
41;55;0;1266;0;333
42;55;0;629;0;333
43;55;0;622;0;333
44;55;0;630;0;333
45;55;0;287;0;333
46;55;0;287;0;333
47;55;0;287;0;333
48;55;0;287;0;333
49;55;0;287;0;333
50;55;0;287;0;333
51;55;0;287;0;333
72;55;0;915;0;333
74;55;0;1254;0;333
75;55;0;1245;0;333
80;55;0;1246;0;333
82;55;0;596;0;333
83;55;0;287;0;333
1;56;0;1265;0;333
2;56;0;1266;0;333
3;56;0;1266;0;333
4;56;0;1266;0;333
5;56;0;1266;0;333
6;56;0;1266;0;333
7;56;0;1266;0;333
8;56;0;1272;0;333
9;56;0;1265;0;333
10;56;0;1266;0;333
11;56;0;627;0;333
12;56;0;626;0;333
13;56;0;1266;0;333
14;56;0;1266;0;333
15;56;0;1266;0;333
16;56;0;1272;0;333
17;56;0;1266;0;333
18;56;0;1266;0;333
19;56;0;1266;0;333
20;56;0;1265;0;333
21;56;0;1266;0;333
22;56;0;1265;0;333
23;56;0;1266;0;333
24;56;0;1266;0;333
25;56;0;1266;0;333
26;56;0;1266;0;333
27;56;0;1266;0;333
28;56;0;1266;0;333
29;56;0;1266;0;333
30;56;0;1266;0;333
31;56;0;1266;0;333
32;56;0;1266;0;333
33;56;0;1273;0;333
34;56;0;1272;0;333
35;56;0;1266;0;333
36;56;0;1266;0;333
37;56;0;1266;0;333
38;56;0;1266;0;333
39;56;0;1266;0;333
40;56;0;1266;0;333
41;56;0;1266;0;333
42;56;0;1266;0;333
43;56;0;1266;0;333
44;56;0;629;0;333
45;56;0;630;0;333
46;56;0;287;0;333
47;56;0;287;0;333
48;56;0;287;0;333
49;56;0;287;0;333
50;56;0;287;0;333
51;56;0;287;0;333
75;56;0;627;0;333
82;56;0;623;0;333
83;56;0;287;0;333
1;57;0;1266;0;333
2;57;0;1265;0;333
3;57;0;1266;0;333
4;57;0;1272;0;333
5;57;0;1272;0;333
6;57;0;1266;0;333
7;57;0;1266;0;333
8;57;0;1266;0;333
9;57;0;1266;0;333
10;57;0;1272;0;333
11;57;0;629;0;333
12;57;0;628;0;333
13;57;0;1266;0;333
14;57;0;1266;0;333
15;57;0;1272;0;333
16;57;0;1266;0;333
17;57;0;627;0;333
18;57;0;626;0;333
19;57;0;1266;0;333
20;57;0;626;0;333
21;57;0;1266;0;333
22;57;0;1266;0;333
23;57;0;1272;0;333
24;57;0;627;0;333
25;57;0;626;0;333
26;57;0;1266;0;333
27;57;0;1272;0;333
28;57;0;1266;0;333
29;57;0;1266;0;333
30;57;0;1266;0;333
31;57;0;1266;0;333
32;57;0;1266;0;333
33;57;0;1266;0;333
34;57;0;1266;0;333
35;57;0;1266;0;333
36;57;0;1266;0;333
37;57;0;1266;0;333
38;57;0;627;0;333
39;57;0;627;0;333
40;57;0;627;0;333
41;57;0;1272;0;333
42;57;0;1266;0;333
43;57;0;1266;0;333
44;57;0;1266;0;333
45;57;0;629;0;333
46;57;0;622;0;333
47;57;0;629;0;333
48;57;0;622;0;333
49;57;0;630;0;333
50;57;0;287;0;333
51;57;0;287;0;333
75;57;0;623;0;333
76;57;0;287;0;333
77;57;0;626;0;333
1;58;0;1266;0;333
2;58;0;1266;0;333
3;58;0;1266;0;333
4;58;0;1266;0;333
5;58;0;1266;0;333
6;58;0;1266;0;333
7;58;0;1266;0;333
8;58;0;1266;0;333
9;58;0;1272;0;333
10;58;0;1266;0;333
11;58;0;1266;0;333
12;58;0;1266;0;333
13;58;0;1266;0;333
14;58;0;1266;0;333
15;58;0;1265;0;333
16;58;0;1266;0;333
17;58;0;629;0;333
18;58;0;628;0;333
19;58;0;1266;0;333
20;58;0;1266;0;333
21;58;0;1266;0;333
22;58;0;1266;0;333
23;58;0;1266;0;333
24;58;0;629;0;333
25;58;0;628;0;333
26;58;0;1266;0;333
27;58;0;1266;0;333
28;58;0;1266;0;333
29;58;0;1266;0;333
30;58;0;1266;0;333
31;58;0;1266;0;333
32;58;0;1266;0;333
33;58;0;627;0;333
34;58;0;626;0;333
35;58;0;1266;0;333
36;58;0;1266;0;333
37;58;0;1266;0;333
38;58;0;623;0;333
39;58;0;287;0;333
40;58;0;287;0;333
41;58;0;287;0;333
42;58;0;287;0;333
43;58;0;1266;0;333
44;58;0;1266;0;333
45;58;0;1265;0;333
46;58;0;1266;0;333
47;58;0;628;0;333
48;58;0;1266;0;333
49;58;0;623;0;333
50;58;0;287;0;333
51;58;0;287;0;333
0;59;0;287;0;333
1;59;0;287;0;333
2;59;0;287;0;333
3;59;0;287;0;333
4;59;0;287;0;333
5;59;0;287;0;333
6;59;0;287;0;333
7;59;0;287;0;333
8;59;0;287;0;333
9;59;0;287;0;333
10;59;0;287;0;333
11;59;0;287;0;333
12;59;0;287;0;333
13;59;0;287;0;333
14;59;0;287;0;333
15;59;0;287;0;333
16;59;0;287;0;333
17;59;0;287;0;333
18;59;0;287;0;333
19;59;0;287;0;333
20;59;0;1266;0;333
21;59;0;1266;0;333
22;59;0;1266;0;333
23;59;0;1266;0;333
24;59;0;1266;0;333
25;59;0;1266;0;333
26;59;0;1266;0;333
27;59;0;1265;0;333
28;59;0;1266;0;333
29;59;0;1266;0;333
30;59;0;1272;0;333
31;59;0;1266;0;333
32;59;0;1266;0;333
33;59;0;629;0;333
34;59;0;628;0;333
35;59;0;1266;0;333
36;59;0;1266;0;333
37;59;0;627;0;333
38;59;0;623;0;333
39;59;0;287;0;333
40;59;0;287;0;333
41;59;0;287;0;333
42;59;0;287;0;333
43;59;0;1266;0;333
44;59;0;1266;0;333
45;59;0;1266;0;333
46;59;0;1266;0;333
47;59;0;1272;0;333
48;59;0;1266;0;333
49;59;0;596;0;333
50;59;0;287;0;333
51;59;0;287;0;333
0;60;0;287;0;333
1;60;0;622;0;333
2;60;0;622;0;333
3;60;0;622;0;333
4;60;0;622;0;333
5;60;0;622;0;333
6;60;0;622;0;333
7;60;0;622;0;333
8;60;0;622;0;333
9;60;0;622;0;333
10;60;0;622;0;333
11;60;0;622;0;333
12;60;0;630;0;333
13;60;0;287;0;333
14;60;0;287;0;333
15;60;0;287;0;333
16;60;0;287;0;333
17;60;0;287;0;333
18;60;0;287;0;333
19;60;0;287;0;333
20;60;0;1265;0;333
21;60;0;1272;0;333
22;60;0;1266;0;333
23;60;0;1266;0;333
24;60;0;1266;0;333
25;60;0;1272;0;333
26;60;0;627;0;333
27;60;0;626;0;333
28;60;0;1266;0;333
29;60;0;1266;0;333
30;60;0;1266;0;333
31;60;0;1266;0;333
32;60;0;1266;0;333
33;60;0;1266;0;333
34;60;0;1266;0;333
35;60;0;1266;0;333
36;60;0;627;0;333
37;60;0;623;0;333
38;60;0;287;0;333
39;60;0;287;0;333
40;60;0;287;0;333
41;60;0;287;0;333
42;60;0;287;0;333
43;60;0;1266;0;333
44;60;0;1266;0;333
45;60;0;1266;0;333
46;60;0;1266;0;333
47;60;0;1266;0;333
48;60;0;1266;0;333
49;60;0;629;0;333
50;60;0;287;0;333
51;60;0;287;0;333
0;61;0;622;0;333
1;61;0;628;0;333
2;61;0;1273;0;333
3;61;0;914;0;333
4;61;0;628;0;333
5;61;0;3097;0;333
6;61;0;1273;0;333
7;61;0;628;0;333
8;61;0;3097;0;333
9;61;0;3097;0;333
10;61;0;1273;0;333
11;61;0;1273;0;333
12;61;0;623;0;333
13;61;0;287;0;333
14;61;0;287;0;333
15;61;0;287;0;333
16;61;0;287;0;333
17;61;0;287;0;333
18;61;0;287;0;333
19;61;0;287;0;333
20;61;0;287;0;333
21;61;0;287;0;333
22;61;0;287;0;333
23;61;0;287;0;333
24;61;0;287;0;333
25;61;0;1266;0;333
26;61;0;629;0;333
27;61;0;628;0;333
28;61;0;1266;0;333
29;61;0;1266;0;333
30;61;0;1266;0;333
31;61;0;1266;0;333
32;61;0;1266;0;333
33;61;0;1266;0;333
34;61;0;1272;0;333
35;61;0;1266;0;333
36;61;0;1266;0;333
37;61;0;623;0;333
38;61;0;287;0;333
39;61;0;287;0;333
40;61;0;287;0;333
41;61;0;287;0;333
42;61;0;287;0;333
43;61;0;1266;0;333
44;61;0;1266;0;333
45;61;0;1266;0;333
46;61;0;1266;0;333
47;61;0;1266;0;333
48;61;0;1266;0;333
49;61;0;630;0;333
50;61;0;287;0;333
51;61;0;287;0;333
1;62;0;914;0;333
2;62;0;1266;0;333
3;62;0;1266;0;333
4;62;0;1265;0;333
5;62;0;1266;0;333
6;62;0;1266;0;333
7;62;0;1266;0;333
8;62;0;1266;0;333
9;62;0;1266;0;333
10;62;0;1272;0;333
11;62;0;1266;0;333
12;62;0;629;0;333
13;62;0;622;0;333
14;62;0;630;0;333
15;62;0;287;0;333
16;62;0;287;0;333
17;62;0;287;0;333
18;62;0;287;0;333
19;62;0;287;0;333
20;62;0;287;0;333
21;62;0;287;0;333
22;62;0;287;0;333
23;62;0;287;0;333
23;62;0;287;0;333
24;62;0;287;0;333
24;62;0;287;0;333
25;62;0;287;0;333
26;62;0;287;0;333
27;62;0;287;0;333
28;62;0;287;0;333
29;62;0;1266;0;333
30;62;0;1266;0;333
31;62;0;1266;0;333
32;62;0;1266;0;333
33;62;0;1266;0;333
34;62;0;1265;0;333
35;62;0;1266;0;333
36;62;0;1266;0;333
37;62;0;623;0;333
38;62;0;287;0;333
39;62;0;287;0;333
40;62;0;287;0;333
41;62;0;287;0;333
42;62;0;287;0;333
43;62;0;1266;0;333
44;62;0;1266;0;333
45;62;0;1266;0;333
46;62;0;1266;0;333
47;62;0;1266;0;333
48;62;0;1266;0;333
49;62;0;629;0;333
50;62;0;287;0;333
51;62;0;287;0;333
1;63;0;1273;0;333
2;63;0;1266;0;333
3;63;0;1266;0;333
4;63;0;1266;0;333
5;63;0;1266;0;333
6;63;0;1266;0;333
7;63;0;1266;0;333
8;63;0;1266;0;333
9;63;0;1265;0;333
10;63;0;1272;0;333
11;63;0;1266;0;333
12;63;0;1272;0;333
12;63;0;3093;0;333
13;63;0;628;0;333
14;63;0;629;0;333
15;63;0;630;0;333
16;63;0;287;0;333
17;63;0;287;0;333
18;63;0;287;0;333
19;63;0;287;0;333
20;63;0;287;0;333
21;63;0;287;0;333
21;63;0;287;0;333
21;63;0;287;0;333
22;63;0;287;0;333
22;63;0;287;0;333
22;63;0;287;0;333
23;63;0;287;0;333
23;63;0;287;0;333
23;63;0;287;0;333
23;63;0;287;0;333
24;63;0;287;0;333
24;63;0;287;0;333
24;63;0;287;0;333
25;63;0;287;0;333
25;63;0;287;0;333
26;63;0;287;0;333
27;63;0;287;0;333
27;63;0;287;0;333
28;63;0;287;0;333
28;63;0;287;0;333
29;63;0;287;0;333
30;63;0;287;0;333
31;63;0;1266;0;333
32;63;0;1266;0;333
33;63;0;1266;0;333
34;63;0;1266;0;333
35;63;0;1266;0;333
36;63;0;287;0;333
37;63;0;287;0;333
38;63;0;287;0;333
39;63;0;287;0;333
40;63;0;287;0;333
41;63;0;287;0;333
42;63;0;287;0;333
43;63;0;1266;0;333
44;63;0;1266;0;333
45;63;0;1272;0;333
46;63;0;1266;0;333
47;63;0;1266;0;333
48;63;0;1272;0;333
48;63;0;627;0;333
49;63;0;629;0;333
50;63;0;287;0;333
51;63;0;287;0;333
1;64;0;914;0;333
2;64;0;1266;0;333
3;64;0;1266;0;333
4;64;0;1266;0;333
5;64;0;1265;0;333
6;64;0;1266;0;333
7;64;0;1266;0;333
8;64;0;1266;0;333
9;64;0;1266;0;333
10;64;0;1266;0;333
11;64;0;1266;0;333
12;64;0;1266;0;333
13;64;0;3100;0;333
14;64;0;3100;0;333
14;64;0;3100;0;333
14;64;0;3100;0;333
15;64;0;629;0;333
16;64;0;630;0;333
17;64;0;287;0;333
18;64;0;287;0;333
19;64;0;287;0;333
19;64;0;287;0;333
20;64;0;287;0;333
20;64;0;287;0;333
21;64;0;287;0;333
21;64;0;287;0;333
21;64;0;287;0;333
21;64;0;287;0;333
22;64;0;287;0;333
22;64;0;287;0;333
22;64;0;287;0;333
22;64;0;287;0;333
23;64;0;287;0;333
23;64;0;287;0;333
23;64;0;287;0;333
23;64;0;287;0;333
23;64;0;287;0;333
24;64;0;287;0;333
24;64;0;287;0;333
24;64;0;287;0;333
25;64;0;287;0;333
25;64;0;287;0;333
26;64;0;287;0;333
27;64;0;287;0;333
27;64;0;287;0;333
28;64;0;287;0;333
28;64;0;287;0;333
29;64;0;287;0;333
30;64;0;287;0;333
30;64;0;287;0;333
31;64;0;287;0;333
32;64;0;287;0;333
33;64;0;287;0;333
34;64;0;287;0;333
35;64;0;287;0;333
36;64;0;287;0;333
36;64;0;287;0;333
37;64;0;287;0;333
37;64;0;287;0;333
38;64;0;287;0;333
39;64;0;287;0;333
40;64;0;287;0;333
41;64;0;287;0;333
42;64;0;287;0;333
43;64;0;1266;0;333
44;64;0;1266;0;333
45;64;0;1266;0;333
46;64;0;1266;0;333
47;64;0;1266;0;333
48;64;0;1266;0;333
49;64;0;629;0;333
50;64;0;287;0;333
51;64;0;287;0;333
1;65;0;1266;0;333
2;65;0;1266;0;333
3;65;0;1266;0;333
4;65;0;1266;0;333
5;65;0;287;0;333
6;65;0;287;0;333
7;65;0;1266;0;333
8;65;0;1266;0;333
9;65;0;1266;0;333
10;65;0;1266;0;333
11;65;0;1266;0;333
12;65;0;1266;0;333
13;65;0;1273;0;333
14;65;0;3100;0;333
15;65;0;3100;0;333
16;65;0;623;0;333
17;65;0;287;0;333
18;65;0;287;0;333
19;65;0;287;0;333
19;65;0;287;0;333
20;65;0;287;0;333
20;65;0;287;0;333
21;65;0;287;0;333
21;65;0;287;0;333
21;65;0;287;0;333
22;65;0;287;0;333
22;65;0;287;0;333
22;65;0;287;0;333
23;65;0;287;0;333
23;65;0;287;0;333
23;65;0;287;0;333
23;65;0;287;0;333
24;65;0;287;0;333
24;65;0;287;0;333
24;65;0;287;0;333
24;65;0;287;0;333
25;65;0;287;0;333
25;65;0;287;0;333
25;65;0;287;0;333
26;65;0;287;0;333
26;65;0;287;0;333
27;65;0;287;0;333
27;65;0;287;0;333
27;65;0;287;0;333
28;65;0;287;0;333
28;65;0;287;0;333
28;65;0;287;0;333
29;65;0;287;0;333
30;65;0;287;0;333
30;65;0;287;0;333
31;65;0;287;0;333
32;65;0;287;0;333
33;65;0;287;0;333
34;65;0;287;0;333
35;65;0;287;0;333
36;65;0;287;0;333
37;65;0;287;0;333
38;65;0;287;0;333
39;65;0;287;0;333
40;65;0;287;0;333
41;65;0;287;0;333
42;65;0;287;0;333
43;65;0;287;0;333
44;65;0;287;0;333
45;65;0;1266;0;333
46;65;0;1266;0;333
47;65;0;1266;0;333
48;65;0;627;0;333
49;65;0;629;0;333
50;65;0;287;0;333
51;65;0;287;0;333
0;66;0;627;0;333
1;66;0;287;0;333
2;66;0;287;0;333
3;66;0;287;0;333
4;66;0;287;0;333
5;66;0;287;0;333
6;66;0;287;0;333
7;66;0;1266;0;333
8;66;0;1266;0;333
9;66;0;1266;0;333
10;66;0;1265;0;333
11;66;0;1266;0;333
12;66;0;1266;0;333
13;66;0;1266;0;333
14;66;0;627;0;333
15;66;0;623;0;333
16;66;0;287;0;333
17;66;0;287;0;333
18;66;0;287;0;333
19;66;0;287;0;333
19;66;0;287;0;333
20;66;0;287;0;333
21;66;0;287;0;333
21;66;0;287;0;333
22;66;0;287;0;333
22;66;0;287;0;333
23;66;0;287;0;333
23;66;0;287;0;333
23;66;0;287;0;333
24;66;0;287;0;333
24;66;0;287;0;333
24;66;0;287;0;333
25;66;0;287;0;333
25;66;0;287;0;333
25;66;0;287;0;333
26;66;0;287;0;333
26;66;0;287;0;333
27;66;0;287;0;333
27;66;0;287;0;333
27;66;0;287;0;333
28;66;0;287;0;333
28;66;0;287;0;333
28;66;0;287;0;333
29;66;0;287;0;333
30;66;0;287;0;333
30;66;0;287;0;333
31;66;0;287;0;333
32;66;0;287;0;333
33;66;0;287;0;333
34;66;0;287;0;333
35;66;0;287;0;333
36;66;0;287;0;333
37;66;0;287;0;333
38;66;0;287;0;333
39;66;0;287;0;333
40;66;0;287;0;333
41;66;0;287;0;333
42;66;0;287;0;333
43;66;0;287;0;333
43;66;0;287;0;333
44;66;0;287;0;333
44;66;0;287;0;333
45;66;0;1265;0;333
46;66;0;1266;0;333
47;66;0;1266;0;333
48;66;0;1266;0;333
49;66;0;630;0;333
50;66;0;287;0;333
51;66;0;287;0;333
0;67;0;287;0;333
1;67;0;287;0;333
2;67;0;287;0;333
3;67;0;287;0;333
4;67;0;287;0;333
5;67;0;287;0;333
6;67;0;287;0;333
7;67;0;287;0;333
8;67;0;287;0;333
9;67;0;1266;0;333
10;67;0;1266;0;333
11;67;0;1266;0;333
12;67;0;1266;0;333
13;67;0;1266;0;333
14;67;0;623;0;333
15;67;0;287;0;333
16;67;0;287;0;333
17;67;0;287;0;333
18;67;0;287;0;333
19;67;0;287;0;333
20;67;0;287;0;333
21;67;0;287;0;333
21;67;0;287;0;333
22;67;0;287;0;333
22;67;0;287;0;333
23;67;0;287;0;333
23;67;0;287;0;333
24;67;0;287;0;333
24;67;0;287;0;333
24;67;0;287;0;333
25;67;0;287;0;333
25;67;0;287;0;333
25;67;0;287;0;333
26;67;0;287;0;333
26;67;0;287;0;333
27;67;0;287;0;333
27;67;0;287;0;333
28;67;0;287;0;333
28;67;0;287;0;333
29;67;0;287;0;333
30;67;0;287;0;333
30;67;0;287;0;333
31;67;0;287;0;333
31;67;0;287;0;333
32;67;0;287;0;333
32;67;0;287;0;333
33;67;0;287;0;333
33;67;0;287;0;333
34;67;0;287;0;333
34;67;0;287;0;333
35;67;0;287;0;333
36;67;0;287;0;333
37;67;0;287;0;333
38;67;0;287;0;333
39;67;0;287;0;333
39;67;0;287;0;333
40;67;0;287;0;333
40;67;0;287;0;333
41;67;0;287;0;333
41;67;0;287;0;333
42;67;0;287;0;333
42;67;0;287;0;333
43;67;0;287;0;333
43;67;0;287;0;333
44;67;0;287;0;333
45;67;0;1266;0;333
46;67;0;1266;0;333
47;67;0;1266;0;333
48;67;0;1266;0;333
49;67;0;623;0;333
50;67;0;287;0;333
51;67;0;287;0;333
0;68;0;287;0;333
1;68;0;287;0;333
2;68;0;287;0;333
3;68;0;287;0;333
4;68;0;287;0;333
5;68;0;287;0;333
6;68;0;287;0;333
7;68;0;287;0;333
8;68;0;287;0;333
9;68;0;287;0;333
10;68;0;1266;0;333
11;68;0;1266;0;333
12;68;0;1266;0;333
13;68;0;1266;0;333
14;68;0;629;0;333
15;68;0;630;0;333
16;68;0;287;0;333
17;68;0;287;0;333
18;68;0;287;0;333
19;68;0;287;0;333
20;68;0;287;0;333
21;68;0;287;0;333
22;68;0;287;0;333
23;68;0;287;0;333
24;68;0;287;0;333
24;68;0;287;0;333
25;68;0;287;0;333
25;68;0;287;0;333
26;68;0;287;0;333
26;68;0;287;0;333
27;68;0;287;0;333
27;68;0;287;0;333
28;68;0;287;0;333
28;68;0;287;0;333
29;68;0;287;0;333
30;68;0;287;0;333
31;68;0;287;0;333
32;68;0;287;0;333
33;68;0;287;0;333
34;68;0;287;0;333
35;68;0;287;0;333
36;68;0;287;0;333
37;68;0;287;0;333
38;68;0;287;0;333
39;68;0;287;0;333
40;68;0;287;0;333
41;68;0;287;0;333
42;68;0;287;0;333
42;68;0;287;0;333
43;68;0;287;0;333
43;68;0;287;0;333
43;68;0;287;0;333
44;68;0;287;0;333
44;68;0;287;0;333
45;68;0;1266;0;333
46;68;0;1266;0;333
47;68;0;1266;0;333
48;68;0;1266;0;333
49;68;0;623;0;333
50;68;0;287;0;333
51;68;0;287;0;333
0;69;0;622;0;333
1;69;0;622;0;333
2;69;0;622;0;333
3;69;0;622;0;333
4;69;0;622;0;333
5;69;0;630;0;333
6;69;0;287;0;333
7;69;0;287;0;333
8;69;0;287;0;333
9;69;0;287;0;333
10;69;0;3094;0;333
11;69;0;1266;0;333
12;69;0;1266;0;333
13;69;0;1272;0;333
14;69;0;3093;0;333
14;69;0;421;0;333
15;69;0;629;0;333
16;69;0;630;0;333
17;69;0;287;0;333
18;69;0;287;0;333
19;69;0;287;0;333
20;69;0;287;0;333
21;69;0;287;0;333
22;69;0;287;0;333
23;69;0;287;0;333
24;69;0;287;0;333
25;69;0;287;0;333
26;69;0;287;0;333
27;69;0;287;0;333
28;69;0;287;0;333
29;69;0;287;0;333
30;69;0;287;0;333
31;69;0;287;0;333
32;69;0;287;0;333
33;69;0;287;0;333
34;69;0;287;0;333
35;69;0;287;0;333
36;69;0;287;0;333
37;69;0;287;0;333
38;69;0;287;0;333
39;69;0;287;0;333
40;69;0;287;0;333
41;69;0;287;0;333
42;69;0;287;0;333
42;69;0;287;0;333
43;69;0;287;0;333
43;69;0;287;0;333
44;69;0;287;0;333
45;69;0;1266;0;333
46;69;0;1266;0;333
47;69;0;1266;0;333
48;69;0;1266;0;333
49;69;0;627;0;333
50;69;0;287;0;333
51;69;0;287;0;333
0;70;0;628;0;333
1;70;0;1273;0;333
2;70;0;628;0;333
4;70;0;629;0;333
5;70;0;623;0;333
6;70;0;287;0;333
7;70;0;287;0;333
8;70;0;287;0;333
9;70;0;287;0;333
10;70;0;1265;0;333
11;70;0;1266;0;333
12;70;0;1266;0;333
13;70;0;1265;0;333
14;70;0;1266;0;333
15;70;0;1273;0;333
16;70;0;623;0;333
17;70;0;287;0;333
18;70;0;287;0;333
19;70;0;287;0;333
20;70;0;287;0;333
21;70;0;287;0;333
22;70;0;287;0;333
23;70;0;287;0;333
24;70;0;287;0;333
25;70;0;287;0;333
26;70;0;287;0;333
27;70;0;287;0;333
28;70;0;287;0;333
29;70;0;287;0;333
30;70;0;287;0;333
31;70;0;287;0;333
32;70;0;287;0;333
33;70;0;287;0;333
34;70;0;287;0;333
35;70;0;287;0;333
36;70;0;287;0;333
37;70;0;287;0;333
38;70;0;287;0;333
39;70;0;287;0;333
40;70;0;287;0;333
41;70;0;287;0;333
42;70;0;287;0;333
42;70;0;287;0;333
43;70;0;287;0;333
43;70;0;287;0;333
44;70;0;287;0;333
45;70;0;1272;0;333
46;70;0;1272;0;333
47;70;0;1266;0;333
48;70;0;627;0;333
49;70;0;629;0;333
50;70;0;287;0;333
51;70;0;287;0;333
1;71;0;1266;0;333
2;71;0;1272;0;333
3;71;0;35;0;333
4;71;0;1266;0;333
5;71;0;623;0;333
6;71;0;287;0;333
7;71;0;287;0;333
8;71;0;287;0;333
9;71;0;622;0;333
10;71;0;1266;0;333
11;71;0;1266;0;333
12;71;0;1266;0;333
13;71;0;1266;0;333
14;71;0;1272;0;333
15;71;0;1273;0;333
16;71;0;623;0;333
17;71;0;287;0;333
18;71;0;287;0;333
19;71;0;287;0;333
20;71;0;287;0;333
21;71;0;287;0;333
22;71;0;287;0;333
23;71;0;287;0;333
24;71;0;287;0;333
25;71;0;287;0;333
26;71;0;287;0;333
27;71;0;287;0;333
28;71;0;287;0;333
29;71;0;287;0;333
30;71;0;287;0;333
31;71;0;287;0;333
31;71;0;622;0;333
32;71;0;287;0;333
32;71;0;622;0;333
33;71;0;287;0;333
33;71;0;622;0;333
34;71;0;287;0;333
34;71;0;622;0;333
35;71;0;287;0;333
36;71;0;287;0;333
37;71;0;287;0;333
38;71;0;287;0;333
39;71;0;287;0;333
40;71;0;287;0;333
41;71;0;287;0;333
42;71;0;287;0;333
42;71;0;287;0;333
43;71;0;287;0;333
43;71;0;287;0;333
44;71;0;287;0;333
45;71;0;628;0;333
46;71;0;1266;0;333
47;71;0;1266;0;333
48;71;0;1266;0;333
49;71;0;623;0;333
50;71;0;287;0;333
51;71;0;287;0;333
1;72;0;1266;0;333
2;72;0;1266;0;333
3;72;0;1272;0;333
4;72;0;1266;0;333
5;72;0;623;0;333
6;72;0;287;0;333
7;72;0;287;0;333
8;72;0;287;0;333
9;72;0;1266;0;333
10;72;0;1266;0;333
11;72;0;627;0;333
12;72;0;626;0;333
13;72;0;1266;0;333
14;72;0;220;0;333
15;72;0;627;0;333
16;72;0;623;0;333
17;72;0;287;0;333
18;72;0;287;0;333
19;72;0;287;0;333
20;72;0;628;0;333
20;72;0;628;0;333
20;72;0;628;0;333
21;72;0;629;0;333
21;72;0;628;0;333
22;72;0;628;0;333
23;72;0;1266;0;333
24;72;0;626;0;333
25;72;0;597;0;333
26;72;0;597;0;333
27;72;0;597;0;333
28;72;0;627;0;333
29;72;0;628;0;333
30;72;0;627;0;333
30;72;0;628;0;333
31;72;0;622;0;333
32;72;0;622;0;333
33;72;0;622;0;333
34;72;0;622;0;333
35;72;0;1266;0;333
36;72;0;628;0;333
37;72;0;627;0;333
38;72;0;1266;0;333
39;72;0;287;0;333
40;72;0;287;0;333
41;72;0;287;0;333
42;72;0;627;0;333
43;72;0;626;0;333
44;72;0;1272;0;333
45;72;0;1266;0;333
46;72;0;1272;0;333
47;72;0;627;0;333
48;72;0;626;0;333
49;72;0;623;0;333
50;72;0;287;0;333
51;72;0;287;0;333
1;73;0;1266;0;333
2;73;0;1266;0;333
3;73;0;1266;0;333
4;73;0;1266;0;333
5;73;0;629;0;333
6;73;0;630;0;333
7;73;0;287;0;333
8;73;0;287;0;333
9;73;0;1266;0;333
10;73;0;1272;0;333
11;73;0;629;0;333
12;73;0;628;0;333
13;73;0;1266;0;333
14;73;0;1266;0;333
15;73;0;914;0;333
16;73;0;623;0;333
17;73;0;287;0;333
18;73;0;287;0;333
19;73;0;287;0;333
19;73;0;628;0;333
20;73;0;628;0;333
20;73;0;628;0;333
21;73;0;628;0;333
22;73;0;628;0;333
23;73;0;914;0;333
24;73;0;915;0;333
25;73;0;1266;0;333
26;73;0;1266;0;333
27;73;0;914;0;333
28;73;0;629;0;333
29;73;0;628;0;333
30;73;0;629;0;333
31;73;0;628;0;333
32;73;0;1266;0;333
33;73;0;628;0;333
34;73;0;914;0;333
35;73;0;1266;0;333
35;73;0;422;0;333
36;73;0;914;0;333
37;73;0;629;0;333
38;73;0;1266;0;333
39;73;0;627;0;333
40;73;0;626;0;333
41;73;0;1266;0;333
42;73;0;626;0;333
43;73;0;626;0;333
44;73;0;1266;0;333
45;73;0;1266;0;333
46;73;0;1266;0;333
47;73;0;629;0;333
48;73;0;628;0;333
49;73;0;623;0;333
50;73;0;287;0;333
51;73;0;287;0;333
1;74;0;1266;0;333
2;74;0;914;0;333
3;74;0;1266;0;333
4;74;0;1266;0;333
5;74;0;1266;0;333
6;74;0;629;0;333
7;74;0;622;0;333
8;74;0;622;0;333
9;74;0;628;0;333
10;74;0;1266;0;333
11;74;0;1273;0;333
12;74;0;1266;0;333
13;74;0;1266;0;333
14;74;0;1272;0;333
15;74;0;914;0;333
16;74;0;626;0;333
17;74;0;622;0;333
18;74;0;622;0;333
19;74;0;622;0;333
20;74;0;1266;0;333
21;74;0;914;0;333
22;74;0;915;0;333
23;74;0;1266;0;333
24;74;0;1266;0;333
25;74;0;1266;0;333
26;74;0;1265;0;333
27;74;0;1266;0;333
28;74;0;1266;0;333
29;74;0;1266;0;333
30;74;0;1266;0;333
31;74;0;1266;0;333
32;74;0;1265;0;333
33;74;0;1266;0;333
34;74;0;1266;0;333
35;74;0;1266;0;333
36;74;0;1266;0;333
37;74;0;1266;0;333
38;74;0;914;0;333
39;74;0;629;0;333
40;74;0;628;0;333
41;74;0;1266;0;333
42;74;0;626;0;333
43;74;0;628;0;333
44;74;0;1266;0;333
45;74;0;1266;0;333
46;74;0;1265;0;333
47;74;0;914;0;333
48;74;0;1266;0;333
49;74;0;623;0;333
50;74;0;287;0;333
51;74;0;287;0;333
1;75;0;1272;0;333
2;75;0;1266;0;333
3;75;0;1266;0;333
4;75;0;1266;0;333
5;75;0;1265;0;333
6;75;0;1273;0;333
7;75;0;628;0;333
8;75;0;3095;0;333
8;75;0;914;0;333
9;75;0;914;0;333
10;75;0;1266;0;333
11;75;0;1272;0;333
12;75;0;1266;0;333
13;75;0;1266;0;333
14;75;0;1266;0;333
15;75;0;1266;0;333
16;75;0;1266;0;333
17;75;0;914;0;333
18;75;0;914;0;333
19;75;0;1266;0;333
20;75;0;915;0;333
21;75;0;1265;0;333
22;75;0;1266;0;333
23;75;0;1266;0;333
24;75;0;1265;0;333
25;75;0;1265;0;333
26;75;0;1266;0;333
27;75;0;1266;0;333
28;75;0;1266;0;333
29;75;0;1272;0;333
30;75;0;1266;0;333
31;75;0;1266;0;333
32;75;0;1266;0;333
33;75;0;1266;0;333
34;75;0;1266;0;333
35;75;0;1266;0;333
36;75;0;1266;0;333
37;75;0;1266;0;333
38;75;0;1266;0;333
39;75;0;1266;0;333
40;75;0;1266;0;333
41;75;0;1266;0;333
42;75;0;1266;0;333
43;75;0;1266;0;333
44;75;0;1266;0;333
45;75;0;1266;0;333
46;75;0;1265;0;333
47;75;0;1266;0;333
48;75;0;627;0;333
49;75;0;629;0;333
50;75;0;287;0;333
51;75;0;287;0;333
1;76;0;1273;0;333
2;76;0;1272;0;333
3;76;0;1266;0;333
4;76;0;1272;0;333
5;76;0;1266;0;333
6;76;0;1272;0;333
7;76;0;1266;0;333
8;76;0;1266;0;333
9;76;0;1266;0;333
10;76;0;1265;0;333
11;76;0;1266;0;333
12;76;0;1266;0;333
13;76;0;914;0;333
14;76;0;1266;0;333
15;76;0;1266;0;333
16;76;0;1266;0;333
17;76;0;1266;0;333
18;76;0;1265;0;333
19;76;0;1266;0;333
20;76;0;1266;0;333
21;76;0;1266;0;333
22;76;0;1266;0;333
23;76;0;1266;0;333
24;76;0;1273;0;333
25;76;0;1266;0;333
26;76;0;1266;0;333
27;76;0;627;0;333
28;76;0;626;0;333
29;76;0;1266;0;333
30;76;0;1266;0;333
31;76;0;1266;0;333
32;76;0;627;0;333
33;76;0;1266;0;333
34;76;0;1266;0;333
35;76;0;1266;0;333
36;76;0;1266;0;333
37;76;0;1266;0;333
38;76;0;1266;0;333
39;76;0;1266;0;333
40;76;0;1266;0;333
41;76;0;1266;0;333
42;76;0;1266;0;333
43;76;0;1266;0;333
44;76;0;1266;0;333
45;76;0;1266;0;333
46;76;0;1266;0;333
47;76;0;1272;0;333
48;76;0;1266;0;333
49;76;0;628;0;333
50;76;0;287;0;333
51;76;0;287;0;333
1;77;0;1266;0;333
2;77;0;1265;0;333
3;77;0;1272;0;333
4;77;0;1273;0;333
5;77;0;1266;0;333
6;77;0;1266;0;333
7;77;0;1266;0;333
8;77;0;1266;0;333
9;77;0;1266;0;333
10;77;0;1265;0;333
11;77;0;1266;0;333
12;77;0;1272;0;333
13;77;0;1266;0;333
14;77;0;1266;0;333
15;77;0;1272;0;333
16;77;0;1266;0;333
17;77;0;1266;0;333
18;77;0;1266;0;333
19;77;0;1265;0;333
20;77;0;1265;0;333
21;77;0;1266;0;333
22;77;0;1273;0;333
23;77;0;1265;0;333
24;77;0;1266;0;333
25;77;0;1266;0;333
26;77;0;914;0;333
27;77;0;629;0;333
28;77;0;628;0;333
29;77;0;1266;0;333
30;77;0;1266;0;333
31;77;0;1266;0;333
32;77;0;626;0;333
33;77;0;628;0;333
34;77;0;1272;0;333
35;77;0;1266;0;333
36;77;0;1272;0;333
37;77;0;1266;0;333
38;77;0;627;0;333
39;77;0;626;0;333
40;77;0;1266;0;333
41;77;0;1266;0;333
42;77;0;1266;0;333
43;77;0;1266;0;333
44;77;0;914;0;333
45;77;0;627;0;333
46;77;0;626;0;333
47;77;0;1266;0;333
48;77;0;1266;0;333
48;77;0;422;0;333
49;77;0;626;0;333
50;77;0;287;0;333
51;77;0;287;0;333
38;78;0;629;0;333
39;78;0;628;0;333
45;78;0;629;0;333
46;78;0;628;0;333
50;78;0;287;0;333
51;78;0;287;0;333
