17;0;0;287;0;333
18;0;0;287;0;333
19;0;0;287;0;333
20;0;0;287;0;333
21;0;0;287;0;333
22;0;0;287;0;333
23;0;0;287;0;333
24;0;0;287;0;333
25;0;0;287;0;333
26;0;0;287;0;333
27;0;0;287;0;333
28;0;0;287;0;333
29;0;0;287;0;333
30;0;0;287;0;333
31;0;0;287;0;333
32;0;0;287;0;333
33;0;0;287;0;333
34;0;0;287;0;333
35;0;0;287;0;333
36;0;0;287;0;333
37;0;0;287;0;333
38;0;0;287;0;333
39;0;0;287;0;333
40;0;0;287;0;333
41;0;0;287;0;333
42;0;0;287;0;333
43;0;0;287;0;333
44;0;0;287;0;333
45;0;0;287;0;333
46;0;0;287;0;333
47;0;0;287;0;333
48;0;0;287;0;333
17;1;0;287;0;333
18;1;0;287;0;333
19;1;0;287;0;333
20;1;0;287;0;333
21;1;0;287;0;333
22;1;0;287;0;333
23;1;0;287;0;333
24;1;0;287;0;333
25;1;0;287;0;333
26;1;0;287;0;333
27;1;0;287;0;333
27;1;0;287;0;333
28;1;0;287;0;333
29;1;0;287;0;333
30;1;0;287;0;333
31;1;0;287;0;333
32;1;0;287;0;333
33;1;0;287;0;333
34;1;0;287;0;333
35;1;0;287;0;333
36;1;0;287;0;333
37;1;0;287;0;333
38;1;0;287;0;333
39;1;0;287;0;333
40;1;0;287;0;333
41;1;0;287;0;333
42;1;0;287;0;333
43;1;0;287;0;333
44;1;0;287;0;333
45;1;0;287;0;333
46;1;0;287;0;333
47;1;0;287;0;333
48;1;0;287;0;333
17;2;0;287;0;333
18;2;0;287;0;333
19;2;0;287;0;333
20;2;0;287;0;333
21;2;0;287;0;333
22;2;0;287;0;333
23;2;0;287;0;333
24;2;0;287;0;333
25;2;0;287;0;333
26;2;0;287;0;333
27;2;0;287;0;333
28;2;0;287;0;333
29;2;0;287;0;333
30;2;0;287;0;333
31;2;0;287;0;333
32;2;0;287;0;333
33;2;0;287;0;333
34;2;0;287;0;333
35;2;0;287;0;333
36;2;0;287;0;333
37;2;0;287;0;333
38;2;0;287;0;333
38;2;0;287;0;333
39;2;0;287;0;333
40;2;0;287;0;333
41;2;0;287;0;333
42;2;0;287;0;333
43;2;0;287;0;333
44;2;0;287;0;333
45;2;0;287;0;333
46;2;0;287;0;333
47;2;0;287;0;333
48;2;0;287;0;333
17;3;0;287;0;333
18;3;0;287;0;333
19;3;0;287;0;333
20;3;0;287;0;333
21;3;0;287;0;333
22;3;0;287;0;333
23;3;0;287;0;333
24;3;0;287;0;333
25;3;0;287;0;333
26;3;0;287;0;333
27;3;0;287;0;333
28;3;0;287;0;333
29;3;0;287;0;333
30;3;0;287;0;333
30;3;0;287;0;333
31;3;0;287;0;333
32;3;0;287;0;333
33;3;0;287;0;333
34;3;0;287;0;333
35;3;0;287;0;333
36;3;0;287;0;333
37;3;0;287;0;333
38;3;0;287;0;333
39;3;0;287;0;333
40;3;0;287;0;333
41;3;0;287;0;333
42;3;0;287;0;333
43;3;0;287;0;333
44;3;0;287;0;333
45;3;0;287;0;333
46;3;0;287;0;333
47;3;0;287;0;333
48;3;0;287;0;333
17;4;0;287;0;333
18;4;0;287;0;333
19;4;0;287;0;333
20;4;0;287;0;333
21;4;0;287;0;333
22;4;0;287;0;333
23;4;0;287;0;333
24;4;0;287;0;333
25;4;0;622;0;333
26;4;0;622;0;333
27;4;0;622;0;333
28;4;0;630;0;333
29;4;0;287;0;333
30;4;0;287;0;333
31;4;0;597;0;333
32;4;0;622;0;333
33;4;0;597;0;333
34;4;0;622;0;333
35;4;0;597;0;333
36;4;0;622;0;333
37;4;0;597;0;333
38;4;0;630;0;333
39;4;0;287;0;333
40;4;0;287;0;333
41;4;0;287;0;333
42;4;0;287;0;333
43;4;0;287;0;333
44;4;0;287;0;333
45;4;0;287;0;333
46;4;0;287;0;333
47;4;0;287;0;333
48;4;0;287;0;333
17;5;0;287;0;333
17;5;0;287;0;333
18;5;0;287;0;333
18;5;0;287;0;333
19;5;0;287;0;333
19;5;0;287;0;333
20;5;0;287;0;333
20;5;0;287;0;333
21;5;0;287;0;333
21;5;0;287;0;333
22;5;0;287;0;333
22;5;0;287;0;333
23;5;0;287;0;333
23;5;0;287;0;333
24;5;0;287;0;333
26;5;0;319;0;333
28;5;0;623;0;333
29;5;0;287;0;333
30;5;0;287;0;333
31;5;0;339;0;333
34;5;0;171;0;333
37;5;0;2850;0;333
38;5;0;169;0;333
39;5;0;597;0;333
40;5;0;622;0;333
41;5;0;630;0;333
42;5;0;287;0;333
43;5;0;287;0;333
43;5;0;287;0;333
44;5;0;287;0;333
45;5;0;287;0;333
46;5;0;287;0;333
47;5;0;287;0;333
48;5;0;287;0;333
17;6;0;287;0;333
18;6;0;287;0;333
19;6;0;287;0;333
20;6;0;287;0;333
21;6;0;287;0;333
22;6;0;287;0;333
23;6;0;287;0;333
24;6;0;622;0;333
28;6;0;623;0;333
29;6;0;287;0;333
30;6;0;287;0;333
31;6;0;599;0;333
34;6;0;2850;0;333
41;6;0;345;0;333
41;6;0;342;0;333
42;6;0;287;0;333
43;6;0;287;0;333
43;6;0;287;0;333
44;6;0;287;0;333
45;6;0;287;0;333
46;6;0;287;0;333
47;6;0;287;0;333
48;6;0;287;0;333
17;7;0;287;0;333
18;7;0;287;0;333
19;7;0;287;0;333
20;7;0;287;0;333
21;7;0;287;0;333
22;7;0;287;0;333
23;7;0;287;0;333
28;7;0;629;0;333
29;7;0;622;0;333
30;7;0;622;0;333
31;7;0;102;0;333
40;7;0;304;0;333
41;7;0;921;0;333
41;7;0;342;0;333
42;7;0;287;0;333
43;7;0;287;0;333
43;7;0;287;0;333
44;7;0;287;0;333
45;7;0;287;0;333
46;7;0;287;0;333
47;7;0;287;0;333
48;7;0;287;0;333
17;8;0;287;0;333
18;8;0;287;0;333
19;8;0;287;0;333
20;8;0;287;0;333
21;8;0;287;0;333
22;8;0;287;0;333
23;8;0;287;0;333
29;8;0;628;0;333
30;8;0;220;0;333
31;8;0;339;0;333
34;8;0;2850;0;333
35;8;0;2850;0;333
36;8;0;2850;0;333
40;8;0;304;0;333
41;8;0;921;0;333
41;8;0;347;0;333
42;8;0;287;0;333
43;8;0;287;0;333
43;8;0;287;0;333
44;8;0;287;0;333
45;8;0;287;0;333
46;8;0;287;0;333
47;8;0;287;0;333
48;8;0;287;0;333
17;9;0;287;0;333
18;9;0;287;0;333
19;9;0;287;0;333
20;9;0;287;0;333
21;9;0;287;0;333
22;9;0;287;0;333
23;9;0;287;0;333
33;9;0;2850;0;333
34;9;0;320;0;333
35;9;0;320;0;333
36;9;0;320;0;333
37;9;0;2850;0;333
41;9;0;623;0;333
42;9;0;287;0;333
43;9;0;287;0;333
43;9;0;287;0;333
44;9;0;287;0;333
44;9;0;287;0;333
44;9;0;287;0;333
45;9;0;287;0;333
45;9;0;287;0;333
46;9;0;287;0;333
47;9;0;287;0;333
48;9;0;287;0;333
17;10;0;287;0;333
18;10;0;287;0;333
19;10;0;287;0;333
20;10;0;287;0;333
21;10;0;287;0;333
22;10;0;287;0;333
23;10;0;287;0;333
34;10;0;2850;0;333
35;10;0;2850;0;333
36;10;0;2850;0;333
40;10;0;339;0;333
41;10;0;287;0;333
42;10;0;287;0;333
43;10;0;287;0;333
43;10;0;287;0;333
43;10;0;287;0;333
44;10;0;287;0;333
45;10;0;287;0;333
46;10;0;287;0;333
47;10;0;287;0;333
48;10;0;287;0;333
17;11;0;287;0;333
18;11;0;287;0;333
19;11;0;287;0;333
20;11;0;287;0;333
21;11;0;287;0;333
22;11;0;287;0;333
23;11;0;287;0;333
40;11;0;339;0;333
41;11;0;287;0;333
42;11;0;287;0;333
42;11;0;287;0;333
42;11;0;287;0;333
43;11;0;287;0;333
43;11;0;287;0;333
43;11;0;287;0;333
43;11;0;287;0;333
43;11;0;287;0;333
44;11;0;287;0;333
45;11;0;287;0;333
46;11;0;287;0;333
47;11;0;287;0;333
48;11;0;287;0;333
17;12;0;287;0;333
18;12;0;287;0;333
19;12;0;287;0;333
20;12;0;287;0;333
21;12;0;287;0;333
22;12;0;287;0;333
23;12;0;287;0;333
24;12;0;287;0;333
40;12;0;339;0;333
41;12;0;287;0;333
42;12;0;287;0;333
43;12;0;287;0;333
44;12;0;287;0;333
45;12;0;287;0;333
46;12;0;287;0;333
47;12;0;287;0;333
48;12;0;287;0;333
49;12;0;287;0;333
17;13;0;287;0;333
18;13;0;287;0;333
19;13;0;287;0;333
20;13;0;287;0;333
21;13;0;287;0;333
22;13;0;287;0;333
23;13;0;287;0;333
24;13;0;287;0;333
40;13;0;596;0;333
41;13;0;287;0;333
42;13;0;287;0;333
43;13;0;287;0;333
44;13;0;287;0;333
45;13;0;287;0;333
46;13;0;287;0;333
47;13;0;287;0;333
48;13;0;287;0;333
49;13;0;287;0;333
17;14;0;287;0;333
18;14;0;287;0;333
19;14;0;287;0;333
20;14;0;287;0;333
21;14;0;287;0;333
22;14;0;287;0;333
23;14;0;287;0;333
24;14;0;287;0;333
34;14;0;2488;0;333
39;14;0;629;0;333
40;14;0;630;0;333
41;14;0;287;0;333
42;14;0;287;0;333
43;14;0;287;0;333
43;14;0;287;0;333
44;14;0;287;0;333
45;14;0;287;0;333
46;14;0;287;0;333
47;14;0;287;0;333
48;14;0;287;0;333
49;14;0;287;0;333
9;15;0;361;0;333
17;15;0;287;0;333
18;15;0;287;0;333
19;15;0;287;0;333
20;15;0;287;0;333
21;15;0;287;0;333
22;15;0;287;0;333
23;15;0;287;0;333
24;15;0;287;0;333
24;15;0;287;0;333
34;15;0;2850;0;333
37;15;0;321;35;333
40;15;0;629;0;333
41;15;0;287;0;333
42;15;0;287;0;333
43;15;0;287;0;333
43;15;0;287;0;333
44;15;0;287;0;333
45;15;0;287;0;333
46;15;0;287;0;333
47;15;0;287;0;333
48;15;0;287;0;333
49;15;0;287;0;333
17;16;0;287;0;333
18;16;0;287;0;333
19;16;0;287;0;333
20;16;0;287;0;333
21;16;0;287;0;333
22;16;0;287;0;333
23;16;0;287;0;333
24;16;0;287;0;333
24;16;0;287;0;333
25;16;0;287;0;333
26;16;0;287;0;333
40;16;0;221;0;333
41;16;0;287;0;333
42;16;0;287;0;333
43;16;0;287;0;333
43;16;0;287;0;333
44;16;0;287;0;333
45;16;0;287;0;333
46;16;0;287;0;333
47;16;0;287;0;333
48;16;0;287;0;333
49;16;0;287;0;333
17;17;0;287;0;333
18;17;0;287;0;333
19;17;0;287;0;333
20;17;0;287;0;333
21;17;0;287;0;333
22;17;0;287;0;333
23;17;0;287;0;333
23;17;0;287;0;333
24;17;0;287;0;333
24;17;0;287;0;333
25;17;0;287;0;333
25;17;0;287;0;333
25;17;0;287;0;333
26;17;0;287;0;333
27;17;0;287;0;333
27;17;0;287;0;333
41;17;0;287;0;333
42;17;0;287;0;333
43;17;0;287;0;333
43;17;0;287;0;333
44;17;0;287;0;333
45;17;0;287;0;333
46;17;0;287;0;333
47;17;0;287;0;333
48;17;0;287;0;333
49;17;0;287;0;333
50;17;0;287;0;333
51;17;0;287;0;333
52;17;0;287;0;333
53;17;0;287;0;333
17;18;0;287;0;333
18;18;0;287;0;333
19;18;0;287;0;333
20;18;0;287;0;333
21;18;0;287;0;333
22;18;0;287;0;333
23;18;0;287;0;333
23;18;0;287;0;333
24;18;0;287;0;333
25;18;0;287;0;333
25;18;0;287;0;333
26;18;0;287;0;333
26;18;0;287;0;333
26;18;0;287;0;333
27;18;0;287;0;333
27;18;0;287;0;333
39;18;0;1246;0;333
40;18;0;627;0;333
41;18;0;287;0;333
42;18;0;287;0;333
43;18;0;287;0;333
43;18;0;287;0;333
44;18;0;287;0;333
45;18;0;287;0;333
46;18;0;287;0;333
47;18;0;287;0;333
48;18;0;287;0;333
49;18;0;287;0;333
50;18;0;287;0;333
51;18;0;287;0;333
52;18;0;287;0;333
53;18;0;287;0;333
17;19;0;287;0;333
18;19;0;287;0;333
19;19;0;287;0;333
20;19;0;287;0;333
21;19;0;287;0;333
22;19;0;287;0;333
23;19;0;287;0;333
23;19;0;287;0;333
23;19;0;287;0;333
24;19;0;287;0;333
24;19;0;287;0;333
24;19;0;287;0;333
25;19;0;287;0;333
25;19;0;287;0;333
25;19;0;287;0;333
26;19;0;287;0;333
26;19;0;287;0;333
26;19;0;287;0;333
27;19;0;287;0;333
27;19;0;287;0;333
28;19;0;287;0;333
28;19;0;287;0;333
29;19;0;287;0;333
39;19;0;515;0;333
40;19;0;629;0;333
41;19;0;345;0;333
41;19;0;342;0;333
42;19;0;287;0;333
43;19;0;287;0;333
43;19;0;287;0;333
44;19;0;287;0;333
45;19;0;287;0;333
46;19;0;287;0;333
47;19;0;287;0;333
48;19;0;287;0;333
49;19;0;287;0;333
50;19;0;287;0;333
51;19;0;287;0;333
52;19;0;287;0;333
53;19;0;287;0;333
17;20;0;287;0;333
17;20;0;287;0;333
18;20;0;287;0;333
18;20;0;287;0;333
19;20;0;287;0;333
19;20;0;287;0;333
20;20;0;287;0;333
20;20;0;287;0;333
20;20;0;287;0;333
21;20;0;287;0;333
21;20;0;287;0;333
22;20;0;287;0;333
22;20;0;287;0;333
22;20;0;287;0;333
23;20;0;287;0;333
23;20;0;287;0;333
23;20;0;287;0;333
23;20;0;287;0;333
23;20;0;287;0;333
24;20;0;287;0;333
24;20;0;287;0;333
24;20;0;287;0;333
24;20;0;287;0;333
25;20;0;287;0;333
25;20;0;287;0;333
25;20;0;287;0;333
25;20;0;287;0;333
26;20;0;287;0;333
26;20;0;287;0;333
26;20;0;287;0;333
26;20;0;287;0;333
27;20;0;287;0;333
27;20;0;287;0;333
27;20;0;287;0;333
28;20;0;287;0;333
28;20;0;287;0;333
28;20;0;287;0;333
28;20;0;287;0;333
29;20;0;287;0;333
30;20;0;287;0;333
35;20;0;250;0;333
40;20;0;119;0;333
41;20;0;921;0;333
41;20;0;342;0;333
42;20;0;287;0;333
43;20;0;287;0;333
43;20;0;287;0;333
44;20;0;287;0;333
45;20;0;287;0;333
46;20;0;287;0;333
47;20;0;287;0;333
48;20;0;287;0;333
49;20;0;287;0;333
50;20;0;287;0;333
51;20;0;287;0;333
52;20;0;287;0;333
53;20;0;287;0;333
54;20;0;287;0;333
17;21;0;287;0;333
18;21;0;287;0;333
19;21;0;287;0;333
20;21;0;287;0;333
20;21;0;287;0;333
21;21;0;287;0;333
22;21;0;287;0;333
22;21;0;287;0;333
23;21;0;287;0;333
23;21;0;287;0;333
23;21;0;287;0;333
24;21;0;287;0;333
24;21;0;287;0;333
24;21;0;287;0;333
24;21;0;287;0;333
25;21;0;287;0;333
25;21;0;287;0;333
25;21;0;287;0;333
26;21;0;287;0;333
26;21;0;287;0;333
26;21;0;287;0;333
27;21;0;287;0;333
27;21;0;287;0;333
27;21;0;287;0;333
28;21;0;287;0;333
28;21;0;287;0;333
28;21;0;287;0;333
29;21;0;287;0;333
30;21;0;287;0;333
41;21;0;346;0;333
41;21;0;342;0;333
42;21;0;287;0;333
43;21;0;287;0;333
43;21;0;287;0;333
44;21;0;287;0;333
45;21;0;287;0;333
46;21;0;287;0;333
47;21;0;287;0;333
48;21;0;287;0;333
49;21;0;287;0;333
50;21;0;287;0;333
51;21;0;287;0;333
52;21;0;287;0;333
53;21;0;287;0;333
54;21;0;287;0;333
17;22;0;287;0;333
18;22;0;287;0;333
19;22;0;287;0;333
20;22;0;287;0;333
21;22;0;287;0;333
22;22;0;287;0;333
23;22;0;287;0;333
24;22;0;287;0;333
25;22;0;287;0;333
26;22;0;287;0;333
27;22;0;287;0;333
28;22;0;287;0;333
29;22;0;287;0;333
30;22;0;287;0;333
30;22;0;287;0;333
40;22;0;339;0;333
41;22;0;629;0;333
42;22;0;622;0;333
43;22;0;622;0;333
44;22;0;630;0;333
45;22;0;287;0;333
46;22;0;287;0;333
47;22;0;287;0;333
48;22;0;287;0;333
49;22;0;287;0;333
50;22;0;287;0;333
51;22;0;287;0;333
52;22;0;287;0;333
53;22;0;287;0;333
54;22;0;287;0;333
17;23;0;287;0;333
18;23;0;287;0;333
19;23;0;287;0;333
20;23;0;287;0;333
21;23;0;287;0;333
22;23;0;287;0;333
23;23;0;287;0;333
24;23;0;287;0;333
25;23;0;287;0;333
26;23;0;287;0;333
27;23;0;287;0;333
28;23;0;287;0;333
29;23;0;287;0;333
30;23;0;287;0;333
40;23;0;513;0;333
41;23;0;513;0;333
42;23;0;1360;0;333
43;23;0;1367;0;333
44;23;0;629;0;333
45;23;0;622;0;333
46;23;0;622;0;333
47;23;0;630;0;333
48;23;0;287;0;333
49;23;0;287;0;333
50;23;0;287;0;333
51;23;0;287;0;333
52;23;0;287;0;333
53;23;0;287;0;333
54;23;0;287;0;333
17;24;0;287;0;333
18;24;0;287;0;333
19;24;0;287;0;333
20;24;0;287;0;333
21;24;0;287;0;333
22;24;0;287;0;333
23;24;0;287;0;333
24;24;0;287;0;333
25;24;0;287;0;333
26;24;0;287;0;333
26;24;0;287;0;333
27;24;0;287;0;333
27;24;0;287;0;333
28;24;0;287;0;333
28;24;0;287;0;333
29;24;0;287;0;333
29;24;0;287;0;333
30;24;0;287;0;333
30;24;0;287;0;333
31;24;0;287;0;333
32;24;0;287;0;333
41;24;0;1360;0;333
47;24;0;629;0;333
48;24;0;630;0;333
49;24;0;287;0;333
50;24;0;287;0;333
51;24;0;287;0;333
52;24;0;287;0;333
53;24;0;287;0;333
54;24;0;287;0;333
26;25;0;287;0;333
26;25;0;287;0;333
27;25;0;287;0;333
28;25;0;287;0;333
29;25;0;287;0;333
30;25;0;287;0;333
30;25;0;287;0;333
31;25;0;287;0;333
32;25;0;287;0;333
32;25;0;287;0;333
48;25;0;629;0;333
49;25;0;622;0;333
50;25;0;597;0;333
51;25;0;630;0;333
52;25;0;287;0;333
53;25;0;287;0;333
54;25;0;287;0;333
26;26;0;287;0;333
26;26;0;287;0;333
27;26;0;287;0;333
28;26;0;287;0;333
28;26;0;287;0;333
29;26;0;287;0;333
29;26;0;287;0;333
30;26;0;287;0;333
30;26;0;287;0;333
31;26;0;287;0;333
32;26;0;287;0;333
32;26;0;287;0;333
48;26;0;1245;0;333
51;26;0;623;0;333
52;26;0;287;0;333
53;26;0;287;0;333
54;26;0;287;0;333
26;27;0;287;0;333
27;27;0;287;0;333
28;27;0;287;0;333
29;27;0;287;0;333
30;27;0;287;0;333
30;27;0;287;0;333
31;27;0;287;0;333
32;27;0;287;0;333
32;27;0;287;0;333
33;27;0;287;0;333
48;27;0;1245;0;333
51;27;0;596;0;333
52;27;0;287;0;333
53;27;0;287;0;333
54;27;0;287;0;333
29;28;0;287;0;333
30;28;0;287;0;333
30;28;0;287;0;333
31;28;0;287;0;333
31;28;0;287;0;333
32;28;0;287;0;333
33;28;0;287;0;333
34;28;0;287;0;333
35;28;0;287;0;333
48;28;0;627;0;333
49;28;0;626;0;333
51;28;0;623;0;333
52;28;0;287;0;333
53;28;0;287;0;333
54;28;0;287;0;333
29;29;0;287;0;333
30;29;0;287;0;333
30;29;0;287;0;333
31;29;0;287;0;333
31;29;0;287;0;333
32;29;0;287;0;333
33;29;0;287;0;333
34;29;0;287;0;333
35;29;0;287;0;333
36;29;0;287;0;333
37;29;0;287;0;333
38;29;0;287;0;333
39;29;0;287;0;333
40;29;0;287;0;333
41;29;0;287;0;333
48;29;0;629;0;333
49;29;0;628;0;333
51;29;0;596;0;333
52;29;0;287;0;333
53;29;0;287;0;333
54;29;0;287;0;333
29;30;0;287;0;333
30;30;0;287;0;333
31;30;0;287;0;333
31;30;0;287;0;333
32;30;0;287;0;333
33;30;0;287;0;333
34;30;0;287;0;333
35;30;0;287;0;333
36;30;0;287;0;333
37;30;0;287;0;333
38;30;0;287;0;333
39;30;0;287;0;333
40;30;0;287;0;333
41;30;0;287;0;333
42;30;0;287;0;333
43;30;0;287;0;333
49;30;0;596;0;333
50;30;0;287;0;333
51;30;0;287;0;333
52;30;0;287;0;333
53;30;0;287;0;333
54;30;0;287;0;333
43;31;0;287;0;333
49;31;0;596;0;333
50;31;0;287;0;333
51;31;0;287;0;333
51;31;0;287;0;333
52;31;0;287;0;333
53;31;0;287;0;333
54;31;0;287;0;333
43;32;0;287;0;333
50;32;0;630;0;333
51;32;0;287;0;333
51;32;0;287;0;333
52;32;0;287;0;333
53;32;0;287;0;333
54;32;0;287;0;333
43;33;0;287;0;333
50;33;0;629;0;333
51;33;0;630;0;333
52;33;0;287;0;333
53;33;0;287;0;333
54;33;0;287;0;333
43;34;0;287;0;333
46;34;0;1254;0;333
52;34;0;596;0;333
52;34;0;596;0;333
53;34;0;287;0;333
54;34;0;287;0;333
43;35;0;287;0;333
43;35;0;287;0;333
44;35;0;287;0;333
45;35;0;1245;0;333
47;35;0;915;0;333
52;35;0;596;0;333
52;35;0;596;0;333
53;35;0;287;0;333
54;35;0;287;0;333
43;36;0;287;0;333
44;36;0;1245;0;333
47;36;0;914;0;333
51;36;0;1273;0;333
52;36;0;596;0;333
53;36;0;287;0;333
54;36;0;597;0;333
43;37;0;287;0;333
51;37;0;1273;0;333
52;37;0;1246;0;333
52;37;0;596;0;333
53;37;0;287;0;333
54;37;0;287;0;333
43;38;0;287;0;333
50;38;0;623;0;333
51;38;0;287;0;333
52;38;0;1245;0;333
52;38;0;287;0;333
53;38;0;287;0;333
54;38;0;287;0;333
42;39;0;287;0;333
43;39;0;287;0;333
43;39;0;287;0;333
43;39;0;287;0;333
43;39;0;287;0;333
44;39;0;287;0;333
44;39;0;287;0;333
45;39;0;287;0;333
50;39;0;623;0;333
51;39;0;287;0;333
52;39;0;287;0;333
53;39;0;287;0;333
54;39;0;287;0;333
42;40;0;287;0;333
43;40;0;613;0;333
44;40;0;613;0;333
45;40;0;613;0;333
45;40;0;613;0;333
46;40;0;613;0;333
47;40;0;613;0;333
48;40;0;653;3001;333
49;40;0;657;3001;333
50;40;0;613;0;333
51;40;0;613;0;333
52;40;0;287;0;333
53;40;0;287;0;333
54;40;0;287;0;333
6;41;0;287;0;333
7;41;0;287;0;333
8;41;0;287;0;333
9;41;0;287;0;333
10;41;0;287;0;333
11;41;0;287;0;333
12;41;0;287;0;333
13;41;0;287;0;333
14;41;0;287;0;333
15;41;0;287;0;333
16;41;0;287;0;333
17;41;0;287;0;333
18;41;0;287;0;333
19;41;0;287;0;333
20;41;0;287;0;333
21;41;0;287;0;333
22;41;0;287;0;333
23;41;0;287;0;333
23;41;0;287;0;333
42;41;0;287;0;333
43;41;0;613;0;333
47;41;0;401;0;333
50;41;0;513;0;333
51;41;0;613;0;333
52;41;0;287;0;333
53;41;0;287;0;333
54;41;0;287;0;333
6;42;0;287;0;333
7;42;0;287;0;333
8;42;0;287;0;333
8;42;0;287;0;333
9;42;0;287;0;333
10;42;0;287;0;333
11;42;0;287;0;333
12;42;0;287;0;333
13;42;0;287;0;333
14;42;0;287;0;333
15;42;0;629;0;333
16;42;0;630;0;333
17;42;0;622;0;333
18;42;0;622;0;333
19;42;0;1266;0;333
20;42;0;627;0;333
21;42;0;287;0;333
22;42;0;287;0;333
23;42;0;287;0;333
23;42;0;287;0;333
42;42;0;287;0;333
43;42;0;613;0;333
51;42;0;613;0;333
52;42;0;287;0;333
53;42;0;287;0;333
54;42;0;287;0;333
6;43;0;287;0;333
7;43;0;287;0;333
8;43;0;287;0;333
9;43;0;287;0;333
10;43;0;287;0;333
11;43;0;622;0;333
12;43;0;622;0;333
12;43;0;622;0;333
12;43;0;622;0;333
13;43;0;622;0;333
14;43;0;622;0;333
15;43;0;1266;0;333
15;43;0;421;0;333
16;43;0;1245;0;333
17;43;0;1245;0;333
18;43;0;1245;0;333
19;43;0;1273;0;333
20;43;0;630;0;333
21;43;0;287;0;333
22;43;0;287;0;333
23;43;0;287;0;333
23;43;0;287;0;333
42;43;0;287;0;333
43;43;0;613;0;333
50;43;0;727;0;333
51;43;0;613;0;333
6;44;0;287;0;333
7;44;0;287;0;333
8;44;0;287;0;333
9;44;0;287;0;333
10;44;0;3093;0;333
10;44;0;287;0;333
11;44;0;629;0;333
12;44;0;1266;0;333
13;44;0;1273;0;333
14;44;0;1273;0;333
15;44;0;1265;0;333
16;44;0;1266;0;333
17;44;0;1266;0;333
18;44;0;1272;0;333
19;44;0;1272;0;333
20;44;0;1266;0;333
21;44;0;287;0;333
22;44;0;287;0;333
23;44;0;287;0;333
23;44;0;287;0;333
42;44;0;287;0;333
43;44;0;613;0;333
51;44;0;613;0;333
6;45;0;287;0;333
7;45;0;287;0;333
8;45;0;622;0;333
9;45;0;622;0;333
10;45;0;622;0;333
11;45;0;629;0;333
12;45;0;1245;0;333
13;45;0;1266;0;333
14;45;0;1266;0;333
15;45;0;1266;0;333
16;45;0;1266;0;333
17;45;0;628;0;333
18;45;0;1266;0;333
19;45;0;629;0;333
20;45;0;1266;0;333
21;45;0;287;0;333
22;45;0;287;0;333
23;45;0;287;0;333
42;45;0;287;0;333
43;45;0;613;0;333
46;45;0;627;0;333
47;45;0;626;0;333
50;45;0;321;35;333
51;45;0;613;0;333
6;46;0;622;0;333
7;46;0;622;0;333
8;46;0;628;0;333
9;46;0;1245;0;333
10;46;0;1245;0;333
11;46;0;1246;0;333
12;46;0;915;0;333
13;46;0;1266;0;333
14;46;0;1266;0;333
15;46;0;3093;0;333
16;46;0;628;0;333
17;46;0;1245;0;333
18;46;0;628;0;333
19;46;0;629;0;333
20;46;0;1266;0;333
21;46;0;287;0;333
22;46;0;287;0;333
23;46;0;287;0;333
24;46;0;287;0;333
25;46;0;287;0;333
25;46;0;287;0;333
26;46;0;287;0;333
27;46;0;287;0;333
28;46;0;287;0;333
29;46;0;287;0;333
30;46;0;287;0;333
31;46;0;287;0;333
32;46;0;287;0;333
33;46;0;287;0;333
34;46;0;287;0;333
35;46;0;287;0;333
36;46;0;287;0;333
37;46;0;287;0;333
38;46;0;287;0;333
39;46;0;287;0;333
39;46;0;287;0;333
39;46;0;287;0;333
40;46;0;287;0;333
41;46;0;287;0;333
42;46;0;287;0;333
43;46;0;613;0;333
46;46;0;629;0;333
47;46;0;628;0;333
51;46;0;613;0;333
52;46;0;287;0;333
53;46;0;287;0;333
54;46;0;287;0;333
55;46;0;287;0;333
56;46;0;287;0;333
57;46;0;287;0;333
58;46;0;287;0;333
59;46;0;287;0;333
60;46;0;287;0;333
61;46;0;287;0;333
62;46;0;287;0;333
63;46;0;287;0;333
64;46;0;287;0;333
65;46;0;287;0;333
66;46;0;287;0;333
67;46;0;287;0;333
68;46;0;287;0;333
69;46;0;287;0;333
70;46;0;287;0;333
71;46;0;287;0;333
72;46;0;287;0;333
6;47;0;628;0;333
7;47;0;1273;0;333
8;47;0;1246;0;333
9;47;0;1266;0;333
10;47;0;1266;0;333
11;47;0;1272;0;333
12;47;0;1266;0;333
13;47;0;1272;0;333
14;47;0;1246;0;333
15;47;0;629;0;333
16;47;0;915;0;333
16;47;0;1245;0;333
17;47;0;1272;0;333
18;47;0;1246;0;333
19;47;0;1266;0;333
20;47;0;1266;0;333
21;47;0;287;0;333
22;47;0;287;0;333
23;47;0;287;0;333
24;47;0;287;0;333
24;47;0;287;0;333
25;47;0;287;0;333
25;47;0;287;0;333
26;47;0;287;0;333
27;47;0;287;0;333
28;47;0;287;0;333
29;47;0;287;0;333
30;47;0;287;0;333
31;47;0;287;0;333
32;47;0;287;0;333
33;47;0;287;0;333
34;47;0;287;0;333
35;47;0;287;0;333
36;47;0;287;0;333
37;47;0;287;0;333
38;47;0;287;0;333
39;47;0;287;0;333
40;47;0;287;0;333
41;47;0;287;0;333
42;47;0;287;0;333
43;47;0;613;0;333
50;47;0;403;0;333
51;47;0;613;0;333
52;47;0;287;0;333
53;47;0;287;0;333
54;47;0;287;0;333
55;47;0;287;0;333
56;47;0;287;0;333
57;47;0;287;0;333
58;47;0;287;0;333
59;47;0;287;0;333
60;47;0;287;0;333
61;47;0;287;0;333
62;47;0;287;0;333
63;47;0;287;0;333
64;47;0;287;0;333
65;47;0;287;0;333
66;47;0;287;0;333
67;47;0;287;0;333
68;47;0;287;0;333
69;47;0;287;0;333
70;47;0;287;0;333
71;47;0;287;0;333
72;47;0;287;0;333
79;47;0;287;0;333
80;47;0;287;0;333
80;47;0;287;0;333
81;47;0;287;0;333
81;47;0;287;0;333
82;47;0;287;0;333
82;47;0;287;0;333
83;47;0;287;0;333
84;47;0;287;0;333
6;48;0;1266;0;333
7;48;0;1246;0;333
8;48;0;1266;0;333
9;48;0;1266;0;333
10;48;0;1266;0;333
11;48;0;1272;0;333
12;48;0;1272;0;333
13;48;0;1272;0;333
14;48;0;1266;0;333
15;48;0;1273;0;333
16;48;0;1272;0;333
17;48;0;1266;0;333
18;48;0;1273;0;333
19;48;0;627;0;333
20;48;0;627;0;333
21;48;0;287;0;333
22;48;0;287;0;333
23;48;0;287;0;333
24;48;0;287;0;333
25;48;0;287;0;333
26;48;0;287;0;333
27;48;0;287;0;333
28;48;0;287;0;333
29;48;0;287;0;333
30;48;0;287;0;333
31;48;0;287;0;333
32;48;0;287;0;333
33;48;0;287;0;333
34;48;0;287;0;333
35;48;0;287;0;333
36;48;0;287;0;333
37;48;0;287;0;333
38;48;0;287;0;333
39;48;0;287;0;333
40;48;0;287;0;333
41;48;0;287;0;333
42;48;0;287;0;333
43;48;0;613;0;333
51;48;0;613;0;333
52;48;0;287;0;333
53;48;0;287;0;333
54;48;0;287;0;333
55;48;0;287;0;333
56;48;0;287;0;333
57;48;0;287;0;333
58;48;0;287;0;333
59;48;0;287;0;333
60;48;0;287;0;333
61;48;0;287;0;333
62;48;0;287;0;333
63;48;0;287;0;333
64;48;0;287;0;333
65;48;0;287;0;333
66;48;0;287;0;333
67;48;0;287;0;333
68;48;0;287;0;333
69;48;0;287;0;333
70;48;0;287;0;333
71;48;0;287;0;333
72;48;0;287;0;333
78;48;0;287;0;333
79;48;0;287;0;333
80;48;0;287;0;333
81;48;0;287;0;333
82;48;0;287;0;333
83;48;0;287;0;333
84;48;0;287;0;333
6;49;0;1266;0;333
7;49;0;627;0;333
8;49;0;626;0;333
9;49;0;626;0;333
10;49;0;1266;0;333
11;49;0;1266;0;333
12;49;0;1272;0;333
13;49;0;1266;0;333
14;49;0;1272;0;333
15;49;0;1265;0;333
16;49;0;1266;0;333
17;49;0;1265;0;333
18;49;0;1266;0;333
19;49;0;1266;0;333
20;49;0;597;0;333
21;49;0;597;0;333
22;49;0;597;0;333
23;49;0;597;0;333
24;49;0;628;0;333
25;49;0;1266;0;333
26;49;0;628;0;333
27;49;0;628;0;333
28;49;0;628;0;333
29;49;0;1266;0;333
30;49;0;597;0;333
31;49;0;622;0;333
32;49;0;597;0;333
33;49;0;629;0;333
34;49;0;629;0;333
35;49;0;628;0;333
36;49;0;597;0;333
37;49;0;622;0;333
38;49;0;597;0;333
39;49;0;628;0;333
40;49;0;628;0;333
41;49;0;287;0;333
42;49;0;287;0;333
43;49;0;613;0;333
51;49;0;613;0;333
52;49;0;287;0;333
53;49;0;287;0;333
54;49;0;287;0;333
55;49;0;287;0;333
56;49;0;287;0;333
57;49;0;287;0;333
58;49;0;287;0;333
59;49;0;287;0;333
60;49;0;287;0;333
61;49;0;287;0;333
62;49;0;287;0;333
63;49;0;287;0;333
64;49;0;287;0;333
65;49;0;287;0;333
66;49;0;287;0;333
67;49;0;287;0;333
68;49;0;287;0;333
69;49;0;287;0;333
70;49;0;287;0;333
71;49;0;287;0;333
72;49;0;287;0;333
77;49;0;287;0;333
78;49;0;287;0;333
79;49;0;597;0;333
80;49;0;597;0;333
81;49;0;597;0;333
82;49;0;630;0;333
83;49;0;287;0;333
84;49;0;287;0;333
85;49;0;287;0;333
2;50;0;627;0;333
3;50;0;626;0;333
6;50;0;1266;0;333
7;50;0;626;0;333
8;50;0;3094;0;333
8;50;0;1246;0;333
9;50;0;1246;0;333
10;50;0;1266;0;333
11;50;0;1266;0;333
12;50;0;1272;0;333
13;50;0;1272;0;333
14;50;0;1273;0;333
15;50;0;1266;0;333
16;50;0;1266;0;333
17;50;0;1266;0;333
18;50;0;1266;0;333
19;50;0;1266;0;333
20;50;0;1266;0;333
21;50;0;1266;0;333
22;50;0;1266;0;333
23;50;0;1266;0;333
24;50;0;1266;0;333
25;50;0;1266;0;333
26;50;0;1266;0;333
27;50;0;1246;0;333
28;50;0;1245;0;333
29;50;0;3096;0;333
30;50;0;1266;0;333
31;50;0;1266;0;333
32;50;0;1266;0;333
33;50;0;3093;0;333
34;50;0;1265;0;333
35;50;0;1266;0;333
36;50;0;1266;0;333
37;50;0;1272;0;333
38;50;0;1266;0;333
39;50;0;628;0;333
40;50;0;628;0;333
41;50;0;287;0;333
42;50;0;287;0;333
43;50;0;613;0;333
44;50;0;1266;0;333
51;50;0;613;0;333
52;50;0;287;0;333
53;50;0;287;0;333
54;50;0;287;0;333
55;50;0;287;0;333
56;50;0;287;0;333
57;50;0;287;0;333
58;50;0;287;0;333
59;50;0;287;0;333
60;50;0;287;0;333
61;50;0;287;0;333
62;50;0;287;0;333
63;50;0;287;0;333
64;50;0;287;0;333
65;50;0;287;0;333
66;50;0;287;0;333
67;50;0;287;0;333
68;50;0;287;0;333
69;50;0;628;0;333
70;50;0;627;0;333
71;50;0;629;0;333
72;50;0;287;0;333
77;50;0;287;0;333
82;50;0;596;0;333
83;50;0;287;0;333
84;50;0;287;0;333
85;50;0;287;0;333
2;51;0;629;0;333
3;51;0;628;0;333
4;51;0;1266;0;333
5;51;0;1266;0;333
6;51;0;1266;0;333
7;51;0;915;0;333
8;51;0;1266;0;333
9;51;0;1266;0;333
10;51;0;1266;0;333
11;51;0;1266;0;333
12;51;0;1272;0;333
13;51;0;1266;0;333
14;51;0;1266;0;333
15;51;0;627;0;333
16;51;0;1266;0;333
17;51;0;1266;0;333
18;51;0;1266;0;333
19;51;0;1266;0;333
20;51;0;1266;0;333
21;51;0;1266;0;333
22;51;0;1266;0;333
23;51;0;1266;0;333
24;51;0;1266;0;333
25;51;0;1266;0;333
26;51;0;1266;0;333
27;51;0;1266;0;333
28;51;0;1266;0;333
29;51;0;629;0;333
30;51;0;629;0;333
31;51;0;628;0;333
32;51;0;1266;0;333
33;51;0;1266;0;333
34;51;0;1266;0;333
35;51;0;1266;0;333
36;51;0;1266;0;333
37;51;0;1266;0;333
38;51;0;1266;0;333
39;51;0;1266;0;333
40;51;0;3095;0;333
41;51;0;287;0;333
42;51;0;287;0;333
43;51;0;613;0;333
44;51;0;613;0;333
45;51;0;613;0;333
46;51;0;613;0;333
47;51;0;652;3001;333
48;51;0;656;3001;333
49;51;0;613;0;333
50;51;0;613;0;333
51;51;0;613;0;333
52;51;0;287;0;333
53;51;0;287;0;333
54;51;0;287;0;333
55;51;0;287;0;333
56;51;0;1272;0;333
57;51;0;626;0;333
58;51;0;626;0;333
59;51;0;626;0;333
60;51;0;287;0;333
61;51;0;287;0;333
62;51;0;287;0;333
63;51;0;287;0;333
64;51;0;287;0;333
65;51;0;287;0;333
66;51;0;1272;0;333
67;51;0;626;0;333
68;51;0;626;0;333
69;51;0;1272;0;333
70;51;0;1272;0;333
71;51;0;623;0;333
72;51;0;287;0;333
77;51;0;287;0;333
81;51;0;1254;0;333
82;51;0;623;0;333
83;51;0;287;0;333
84;51;0;287;0;333
85;51;0;287;0;333
3;52;0;1266;0;333
4;52;0;1266;0;333
5;52;0;1266;0;333
6;52;0;1265;0;333
7;52;0;1265;0;333
8;52;0;1266;0;333
9;52;0;1272;0;333
10;52;0;1265;0;333
11;52;0;1266;0;333
12;52;0;1266;0;333
13;52;0;1272;0;333
14;52;0;627;0;333
15;52;0;1266;0;333
16;52;0;1266;0;333
17;52;0;1272;0;333
18;52;0;1246;0;333
19;52;0;1246;0;333
20;52;0;598;0;333
21;52;0;1266;0;333
22;52;0;598;0;333
22;52;0;598;0;333
23;52;0;598;0;333
24;52;0;1266;0;333
25;52;0;1266;0;333
26;52;0;1272;0;333
27;52;0;1265;0;333
28;52;0;1266;0;333
29;52;0;1266;0;333
30;52;0;1266;0;333
31;52;0;1266;0;333
32;52;0;1266;0;333
33;52;0;1266;0;333
34;52;0;1266;0;333
35;52;0;1272;0;333
36;52;0;1266;0;333
37;52;0;1266;0;333
38;52;0;1266;0;333
39;52;0;1266;0;333
41;52;0;287;0;333
42;52;0;287;0;333
43;52;0;629;0;333
44;52;0;628;0;333
45;52;0;628;0;333
46;52;0;628;0;333
49;52;0;627;0;333
51;52;0;628;0;333
52;52;0;287;0;333
53;52;0;287;0;333
54;52;0;287;0;333
55;52;0;287;0;333
56;52;0;628;0;333
57;52;0;1266;0;333
58;52;0;1266;0;333
59;52;0;626;0;333
60;52;0;287;0;333
61;52;0;287;0;333
62;52;0;287;0;333
63;52;0;287;0;333
64;52;0;287;0;333
65;52;0;287;0;333
66;52;0;626;0;333
67;52;0;1272;0;333
68;52;0;1272;0;333
69;52;0;1272;0;333
70;52;0;1272;0;333
71;52;0;623;0;333
72;52;0;287;0;333
77;52;0;287;0;333
80;52;0;28;0;333
82;52;0;596;0;333
83;52;0;287;0;333
84;52;0;287;0;333
85;52;0;287;0;333
3;53;0;1266;0;333
4;53;0;1266;0;333
5;53;0;1266;0;333
6;53;0;1266;0;333
7;53;0;1266;0;333
8;53;0;1273;0;333
9;53;0;1266;0;333
10;53;0;1266;0;333
11;53;0;1273;0;333
12;53;0;627;0;333
13;53;0;629;0;333
14;53;0;629;0;333
15;53;0;1266;0;333
16;53;0;1272;0;333
17;53;0;1265;0;333
18;53;0;1273;0;333
19;53;0;629;0;333
20;53;0;627;0;333
21;53;0;628;0;333
22;53;0;629;0;333
23;53;0;626;0;333
24;53;0;1273;0;333
25;53;0;1266;0;333
26;53;0;1266;0;333
27;53;0;1266;0;333
28;53;0;1272;0;333
29;53;0;1265;0;333
30;53;0;1266;0;333
31;53;0;1266;0;333
32;53;0;1266;0;333
33;53;0;1273;0;333
34;53;0;627;0;333
35;53;0;626;0;333
36;53;0;1272;0;333
37;53;0;1272;0;333
38;53;0;1266;0;333
39;53;0;1266;0;333
41;53;0;3093;0;333
42;53;0;628;0;333
43;53;0;628;0;333
46;53;0;1266;0;333
49;53;0;629;0;333
50;53;0;287;0;333
51;53;0;287;0;333
52;53;0;287;0;333
53;53;0;626;0;333
54;53;0;627;0;333
55;53;0;287;0;333
56;53;0;628;0;333
57;53;0;1265;0;333
58;53;0;1272;0;333
59;53;0;629;0;333
60;53;0;626;0;333
61;53;0;630;0;333
62;53;0;287;0;333
63;53;0;287;0;333
64;53;0;287;0;333
65;53;0;626;0;333
66;53;0;1272;0;333
67;53;0;1272;0;333
68;53;0;1272;0;333
69;53;0;1272;0;333
70;53;0;1272;0;333
71;53;0;630;0;333
72;53;0;287;0;333
75;53;0;287;0;333
76;53;0;287;0;333
77;53;0;287;0;333
79;53;0;914;0;333
82;53;0;623;0;333
83;53;0;287;0;333
84;53;0;287;0;333
85;53;0;287;0;333
3;54;0;1266;0;333
4;54;0;1266;0;333
5;54;0;1266;0;333
6;54;0;1266;0;333
7;54;0;1246;0;333
8;54;0;627;0;333
9;54;0;629;0;333
10;54;0;1266;0;333
11;54;0;1273;0;333
12;54;0;629;0;333
13;54;0;3096;0;333
13;54;0;1273;0;333
14;54;0;1273;0;333
15;54;0;1272;0;333
16;54;0;1266;0;333
17;54;0;1266;0;333
18;54;0;1266;0;333
19;54;0;1266;0;333
20;54;0;1266;0;333
21;54;0;1265;0;333
22;54;0;1266;0;333
23;54;0;1266;0;333
24;54;0;1266;0;333
25;54;0;1272;0;333
26;54;0;1272;0;333
27;54;0;1266;0;333
28;54;0;1266;0;333
29;54;0;1266;0;333
30;54;0;1266;0;333
31;54;0;1266;0;333
32;54;0;1266;0;333
33;54;0;1266;0;333
34;54;0;629;0;333
35;54;0;628;0;333
36;54;0;629;0;333
37;54;0;1272;0;333
38;54;0;1266;0;333
39;54;0;1266;0;333
40;54;0;1265;0;333
42;54;0;1265;0;333
43;54;0;1266;0;333
48;54;0;1265;0;333
49;54;0;3093;0;333
49;54;0;420;0;333
50;54;0;627;0;333
51;54;0;626;0;333
52;54;0;626;0;333
53;54;0;3093;0;333
54;54;0;626;0;333
55;54;0;628;0;333
56;54;0;628;0;333
57;54;0;1266;0;333
58;54;0;1272;0;333
59;54;0;1272;0;333
60;54;0;3093;0;333
61;54;0;629;0;333
62;54;0;628;0;333
63;54;0;627;0;333
64;54;0;627;0;333
65;54;0;1272;0;333
66;54;0;1272;0;333
67;54;0;1272;0;333
68;54;0;627;0;333
69;54;0;626;0;333
70;54;0;3093;0;333
71;54;0;627;0;333
72;54;0;287;0;333
73;54;0;287;0;333
74;54;0;287;0;333
75;54;0;287;0;333
79;54;0;914;0;333
82;54;0;596;0;333
83;54;0;287;0;333
84;54;0;287;0;333
85;54;0;287;0;333
86;54;0;287;0;333
87;54;0;287;0;333
88;54;0;287;0;333
89;54;0;287;0;333
90;54;0;287;0;333
91;54;0;287;0;333
92;54;0;287;0;333
93;54;0;287;0;333
94;54;0;287;0;333
3;55;0;1265;0;333
4;55;0;35;0;333
5;55;0;1266;0;333
6;55;0;1265;0;333
7;55;0;1273;0;333
8;55;0;627;0;333
9;55;0;3094;0;333
10;55;0;1266;0;333
11;55;0;1272;0;333
12;55;0;1266;0;333
13;55;0;1266;0;333
14;55;0;1266;0;333
15;55;0;1266;0;333
16;55;0;1266;0;333
17;55;0;1266;0;333
18;55;0;1265;0;333
19;55;0;1266;0;333
20;55;0;1266;0;333
21;55;0;1266;0;333
22;55;0;1265;0;333
23;55;0;1266;0;333
24;55;0;627;0;333
25;55;0;627;0;333
26;55;0;627;0;333
27;55;0;627;0;333
28;55;0;1266;0;333
29;55;0;1266;0;333
30;55;0;1266;0;333
31;55;0;1265;0;333
32;55;0;1266;0;333
33;55;0;1266;0;333
34;55;0;3093;0;333
35;55;0;629;0;333
36;55;0;629;0;333
37;55;0;1266;0;333
38;55;0;1266;0;333
39;55;0;1266;0;333
52;55;0;1272;0;333
53;55;0;1272;0;333
54;55;0;1272;0;333
55;55;0;1272;0;333
56;55;0;1272;0;333
57;55;0;1265;0;333
58;55;0;1272;0;333
59;55;0;1272;0;333
60;55;0;1272;0;333
61;55;0;1272;0;333
62;55;0;1272;0;333
63;55;0;1272;0;333
64;55;0;1272;0;333
65;55;0;1272;0;333
66;55;0;1272;0;333
67;55;0;1272;0;333
68;55;0;629;0;333
69;55;0;628;0;333
70;55;0;1272;0;333
71;55;0;626;0;333
72;55;0;597;0;333
72;55;0;626;0;333
73;55;0;629;0;333
74;55;0;597;0;333
75;55;0;287;0;333
83;55;0;622;0;333
84;55;0;597;0;333
85;55;0;622;0;333
86;55;0;597;0;333
87;55;0;622;0;333
88;55;0;597;0;333
89;55;0;622;0;333
91;55;0;287;0;333
92;55;0;287;0;333
93;55;0;287;0;333
94;55;0;287;0;333
3;56;0;1265;0;333
4;56;0;1266;0;333
5;56;0;1266;0;333
6;56;0;1266;0;333
7;56;0;1272;0;333
8;56;0;1266;0;333
9;56;0;1265;0;333
10;56;0;1266;0;333
11;56;0;1266;0;333
12;56;0;1266;0;333
13;56;0;1266;0;333
14;56;0;1266;0;333
15;56;0;1266;0;333
16;56;0;1266;0;333
17;56;0;1266;0;333
18;56;0;1272;0;333
19;56;0;1266;0;333
20;56;0;1266;0;333
21;56;0;1272;0;333
22;56;0;1266;0;333
23;56;0;1266;0;333
24;56;0;627;0;333
24;56;0;627;0;333
25;56;0;627;0;333
26;56;0;627;0;333
27;56;0;627;0;333
28;56;0;627;0;333
29;56;0;627;0;333
30;56;0;1266;0;333
31;56;0;1266;0;333
32;56;0;1266;0;333
33;56;0;1266;0;333
34;56;0;1266;0;333
35;56;0;1272;0;333
36;56;0;1266;0;333
37;56;0;1266;0;333
38;56;0;1266;0;333
39;56;0;1266;0;333
40;56;0;1265;0;333
49;56;0;1265;0;333
52;56;0;1272;0;333
53;56;0;1272;0;333
54;56;0;1265;0;333
55;56;0;1265;0;333
56;56;0;1265;0;333
57;56;0;1272;0;333
58;56;0;1272;0;333
59;56;0;627;0;333
60;56;0;626;0;333
61;56;0;1272;0;333
62;56;0;1272;0;333
63;56;0;1272;0;333
64;56;0;1272;0;333
65;56;0;1272;0;333
66;56;0;1272;0;333
67;56;0;1272;0;333
68;56;0;1272;0;333
69;56;0;1265;0;333
70;56;0;1272;0;333
71;56;0;1272;0;333
72;56;0;1272;0;333
73;56;0;1246;0;333
74;56;0;629;0;333
75;56;0;630;0;333
76;56;0;287;0;333
83;56;0;613;0;333
84;56;0;270;0;333
86;56;0;2836;0;333
90;56;0;513;0;333
91;56;0;596;0;333
91;56;0;8;0;333
92;56;0;287;0;333
93;56;0;287;0;333
94;56;0;287;0;333
3;57;0;1266;0;333
4;57;0;1272;0;333
5;57;0;1266;0;333
6;57;0;1266;0;333
7;57;0;1266;0;333
8;57;0;1266;0;333
9;57;0;1266;0;333
10;57;0;1266;0;333
11;57;0;627;0;333
12;57;0;1265;0;333
13;57;0;1266;0;333
14;57;0;627;0;333
15;57;0;627;0;333
16;57;0;629;0;333
16;57;0;629;0;333
17;57;0;629;0;333
18;57;0;1265;0;333
19;57;0;629;0;333
20;57;0;1265;0;333
21;57;0;629;0;333
22;57;0;1266;0;333
23;57;0;287;0;333
24;57;0;287;0;333
25;57;0;287;0;333
26;57;0;287;0;333
27;57;0;629;0;333
28;57;0;1266;0;333
29;57;0;627;0;333
30;57;0;628;0;333
31;57;0;628;0;333
32;57;0;1266;0;333
33;57;0;1266;0;333
34;57;0;1266;0;333
35;57;0;1266;0;333
36;57;0;1266;0;333
37;57;0;1266;0;333
38;57;0;1266;0;333
39;57;0;1266;0;333
41;57;0;1265;0;333
42;57;0;1265;0;333
47;57;0;1266;0;333
50;57;0;627;0;333
51;57;0;626;0;333
52;57;0;1272;0;333
53;57;0;1272;0;333
54;57;0;1265;0;333
55;57;0;1272;0;333
56;57;0;1272;0;333
57;57;0;1265;0;333
58;57;0;1272;0;333
59;57;0;629;0;333
60;57;0;628;0;333
61;57;0;1272;0;333
62;57;0;1272;0;333
63;57;0;1272;0;333
64;57;0;1272;0;333
65;57;0;1272;0;333
66;57;0;1272;0;333
67;57;0;1272;0;333
68;57;0;1272;0;333
69;57;0;1272;0;333
70;57;0;1272;0;333
71;57;0;1272;0;333
72;57;0;1265;0;333
75;57;0;629;0;333
76;57;0;630;0;333
77;57;0;287;0;333
83;57;0;401;0;333
91;57;0;513;0;333
92;57;0;287;0;333
93;57;0;287;0;333
94;57;0;287;0;333
3;58;0;1266;0;333
4;58;0;1272;0;333
5;58;0;1266;0;333
6;58;0;1266;0;333
7;58;0;1266;0;333
8;58;0;627;0;333
9;58;0;1266;0;333
10;58;0;626;0;333
11;58;0;1266;0;333
12;58;0;627;0;333
13;58;0;627;0;333
14;58;0;1266;0;333
15;58;0;1266;0;333
16;58;0;626;0;333
16;58;0;626;0;333
16;58;0;626;0;333
17;58;0;626;0;333
17;58;0;629;0;333
17;58;0;629;0;333
18;58;0;1266;0;333
19;58;0;629;0;333
20;58;0;1266;0;333
21;58;0;629;0;333
22;58;0;1266;0;333
23;58;0;287;0;333
24;58;0;287;0;333
25;58;0;287;0;333
26;58;0;287;0;333
27;58;0;629;0;333
28;58;0;627;0;333
29;58;0;1266;0;333
30;58;0;628;0;333
31;58;0;628;0;333
32;58;0;628;0;333
33;58;0;628;0;333
34;58;0;628;0;333
34;58;0;626;0;333
35;58;0;626;0;333
36;58;0;626;0;333
37;58;0;626;0;333
37;58;0;626;0;333
38;58;0;626;0;333
39;58;0;1266;0;333
40;58;0;1265;0;333
42;58;0;629;0;333
43;58;0;629;0;333
44;58;0;628;0;333
44;58;0;629;0;333
45;58;0;628;0;333
46;58;0;628;0;333
47;58;0;1265;0;333
48;58;0;1266;0;333
50;58;0;629;0;333
51;58;0;628;0;333
52;58;0;1272;0;333
53;58;0;1272;0;333
54;58;0;1265;0;333
55;58;0;1272;0;333
56;58;0;1272;0;333
57;58;0;1272;0;333
58;58;0;1272;0;333
59;58;0;1265;0;333
60;58;0;1272;0;333
61;58;0;1272;0;333
62;58;0;1272;0;333
63;58;0;1272;0;333
64;58;0;1272;0;333
65;58;0;1272;0;333
66;58;0;1272;0;333
67;58;0;1272;0;333
68;58;0;1272;0;333
69;58;0;1265;0;333
70;58;0;1272;0;333
71;58;0;1272;0;333
72;58;0;1272;0;333
73;58;0;1266;0;333
74;58;0;1266;0;333
75;58;0;1266;0;333
76;58;0;629;0;333
77;58;0;623;0;333
84;58;0;172;0;333
86;58;0;172;0;333
89;58;0;212;0;333
91;58;0;596;0;333
92;58;0;287;0;333
93;58;0;287;0;333
94;58;0;287;0;333
3;59;0;1266;0;333
4;59;0;1266;0;333
5;59;0;1266;0;333
6;59;0;1266;0;333
7;59;0;627;0;333
8;59;0;629;0;333
9;59;0;628;0;333
10;59;0;626;0;333
11;59;0;626;0;333
12;59;0;1266;0;333
13;59;0;287;0;333
13;59;0;627;0;333
14;59;0;287;0;333
15;59;0;287;0;333
16;59;0;287;0;333
17;59;0;287;0;333
17;59;0;287;0;333
18;59;0;287;0;333
18;59;0;287;0;333
18;59;0;287;0;333
19;59;0;287;0;333
19;59;0;287;0;333
19;59;0;287;0;333
20;59;0;287;0;333
20;59;0;287;0;333
21;59;0;287;0;333
21;59;0;629;0;333
22;59;0;1265;0;333
23;59;0;287;0;333
24;59;0;287;0;333
25;59;0;287;0;333
25;59;0;287;0;333
26;59;0;287;0;333
26;59;0;287;0;333
27;59;0;287;0;333
28;59;0;1266;0;333
29;59;0;1266;0;333
30;59;0;1266;0;333
31;59;0;1266;0;333
32;59;0;628;0;333
33;59;0;628;0;333
34;59;0;628;0;333
34;59;0;626;0;333
35;59;0;626;0;333
36;59;0;1266;0;333
37;59;0;626;0;333
38;59;0;626;0;333
38;59;0;627;0;333
39;59;0;627;0;333
40;59;0;627;0;333
42;59;0;629;0;333
43;59;0;629;0;333
44;59;0;628;0;333
44;59;0;629;0;333
45;59;0;628;0;333
46;59;0;628;0;333
47;59;0;1265;0;333
48;59;0;1265;0;333
51;59;0;1272;0;333
52;59;0;1265;0;333
53;59;0;1272;0;333
54;59;0;1265;0;333
55;59;0;1272;0;333
56;59;0;1272;0;333
57;59;0;1272;0;333
58;59;0;1266;0;333
59;59;0;1272;0;333
60;59;0;1272;0;333
61;59;0;1272;0;333
62;59;0;1272;0;333
63;59;0;1272;0;333
64;59;0;1272;0;333
65;59;0;1272;0;333
66;59;0;1272;0;333
67;59;0;1272;0;333
68;59;0;1272;0;333
69;59;0;1272;0;333
70;59;0;1272;0;333
71;59;0;1272;0;333
72;59;0;1272;0;333
73;59;0;627;0;333
74;59;0;626;0;333
75;59;0;1265;0;333
76;59;0;1266;0;333
77;59;0;596;0;333
78;59;0;287;0;333
88;59;0;213;0;333
89;59;0;320;0;333
90;59;0;215;0;333
92;59;0;287;0;333
93;59;0;287;0;333
94;59;0;287;0;333
2;60;0;627;0;333
3;60;0;627;0;333
4;60;0;627;0;333
5;60;0;627;0;333
6;60;0;627;0;333
7;60;0;629;0;333
8;60;0;629;0;333
9;60;0;1266;0;333
10;60;0;1266;0;333
11;60;0;1266;0;333
12;60;0;287;0;333
12;60;0;287;0;333
13;60;0;287;0;333
13;60;0;287;0;333
13;60;0;287;0;333
14;60;0;287;0;333
14;60;0;287;0;333
14;60;0;287;0;333
15;60;0;287;0;333
16;60;0;287;0;333
17;60;0;287;0;333
17;60;0;287;0;333
18;60;0;287;0;333
18;60;0;287;0;333
18;60;0;287;0;333
19;60;0;287;0;333
19;60;0;287;0;333
19;60;0;287;0;333
20;60;0;287;0;333
20;60;0;287;0;333
20;60;0;287;0;333
20;60;0;287;0;333
21;60;0;287;0;333
21;60;0;287;0;333
21;60;0;287;0;333
22;60;0;287;0;333
22;60;0;287;0;333
23;60;0;287;0;333
23;60;0;287;0;333
24;60;0;3092;0;333
24;60;0;287;0;333
24;60;0;287;0;333
24;60;0;287;0;333
25;60;0;3092;0;333
25;60;0;287;0;333
25;60;0;287;0;333
25;60;0;287;0;333
25;60;0;287;0;333
26;60;0;3092;0;333
26;60;0;287;0;333
26;60;0;287;0;333
26;60;0;287;0;333
26;60;0;287;0;333
27;60;0;3092;0;333
27;60;0;287;0;333
28;60;0;3092;0;333
29;60;0;1266;0;333
30;60;0;1266;0;333
31;60;0;1266;0;333
32;60;0;1266;0;333
33;60;0;1266;0;333
34;60;0;1266;0;333
35;60;0;1266;0;333
36;60;0;1272;0;333
37;60;0;629;0;333
38;60;0;1266;0;333
39;60;0;627;0;333
40;60;0;627;0;333
41;60;0;3092;0;333
42;60;0;3092;0;333
43;60;0;3092;0;333
44;60;0;627;0;333
44;60;0;628;0;333
45;60;0;627;0;333
45;60;0;628;0;333
46;60;0;627;0;333
46;60;0;628;0;333
47;60;0;627;0;333
49;60;0;629;0;333
50;60;0;629;0;333
50;60;0;626;0;333
51;60;0;629;0;333
51;60;0;626;0;333
51;60;0;626;0;333
52;60;0;626;0;333
52;60;0;626;0;333
53;60;0;626;0;333
54;60;0;1272;0;333
55;60;0;1272;0;333
56;60;0;1272;0;333
57;60;0;1266;0;333
58;60;0;1272;0;333
59;60;0;1272;0;333
60;60;0;628;0;333
61;60;0;628;0;333
62;60;0;1272;0;333
63;60;0;1272;0;333
64;60;0;1272;0;333
65;60;0;1272;0;333
66;60;0;1272;0;333
67;60;0;1272;0;333
68;60;0;1272;0;333
69;60;0;1272;0;333
70;60;0;1272;0;333
71;60;0;1272;0;333
72;60;0;1272;0;333
73;60;0;629;0;333
74;60;0;628;0;333
75;60;0;1266;0;333
76;60;0;1266;0;333
77;60;0;1266;0;333
78;60;0;287;0;333
79;60;0;287;0;333
88;60;0;213;0;333
89;60;0;320;0;333
90;60;0;215;0;333
91;60;0;596;0;333
92;60;0;287;0;333
93;60;0;287;0;333
94;60;0;287;0;333
3;61;0;287;0;333
4;61;0;287;0;333
5;61;0;287;0;333
6;61;0;287;0;333
7;61;0;287;0;333
8;61;0;287;0;333
9;61;0;287;0;333
10;61;0;287;0;333
11;61;0;287;0;333
12;61;0;287;0;333
12;61;0;287;0;333
13;61;0;287;0;333
13;61;0;287;0;333
13;61;0;287;0;333
13;61;0;287;0;333
14;61;0;287;0;333
14;61;0;287;0;333
14;61;0;287;0;333
14;61;0;287;0;333
15;61;0;287;0;333
16;61;0;287;0;333
17;61;0;287;0;333
18;61;0;287;0;333
19;61;0;287;0;333
20;61;0;287;0;333
20;61;0;287;0;333
20;61;0;287;0;333
21;61;0;287;0;333
21;61;0;287;0;333
22;61;0;287;0;333
22;61;0;287;0;333
23;61;0;287;0;333
23;61;0;287;0;333
24;61;0;3092;0;333
24;61;0;287;0;333
24;61;0;287;0;333
24;61;0;287;0;333
25;61;0;3092;0;333
25;61;0;287;0;333
25;61;0;287;0;333
25;61;0;287;0;333
25;61;0;287;0;333
26;61;0;3092;0;333
26;61;0;287;0;333
26;61;0;287;0;333
26;61;0;287;0;333
26;61;0;287;0;333
27;61;0;3092;0;333
27;61;0;287;0;333
28;61;0;3092;0;333
29;61;0;1266;0;333
30;61;0;1266;0;333
31;61;0;3092;0;333
32;61;0;3092;0;333
33;61;0;3092;0;333
34;61;0;3092;0;333
35;61;0;1266;0;333
36;61;0;1272;0;333
37;61;0;629;0;333
38;61;0;1266;0;333
39;61;0;1266;0;333
41;61;0;3092;0;333
42;61;0;3092;0;333
43;61;0;3092;0;333
44;61;0;627;0;333
45;61;0;627;0;333
46;61;0;627;0;333
47;61;0;627;0;333
49;61;0;629;0;333
50;61;0;629;0;333
51;61;0;629;0;333
51;61;0;629;0;333
51;61;0;626;0;333
52;61;0;629;0;333
52;61;0;626;0;333
53;61;0;629;0;333
53;61;0;626;0;333
54;61;0;1272;0;333
55;61;0;1272;0;333
56;61;0;628;0;333
57;61;0;628;0;333
58;61;0;628;0;333
59;61;0;1266;0;333
60;61;0;628;0;333
61;61;0;628;0;333
62;61;0;1265;0;333
63;61;0;628;0;333
64;61;0;628;0;333
65;61;0;628;0;333
66;61;0;1272;0;333
67;61;0;1272;0;333
68;61;0;1272;0;333
69;61;0;1272;0;333
70;61;0;1265;0;333
71;61;0;1272;0;333
72;61;0;1272;0;333
73;61;0;1266;0;333
74;61;0;1266;0;333
75;61;0;1266;0;333
76;61;0;1266;0;333
77;61;0;1266;0;333
78;61;0;623;0;333
79;61;0;287;0;333
89;61;0;214;0;333
92;61;0;287;0;333
93;61;0;287;0;333
94;61;0;287;0;333
3;62;0;287;0;333
4;62;0;287;0;333
5;62;0;287;0;333
6;62;0;287;0;333
7;62;0;287;0;333
8;62;0;287;0;333
8;62;0;287;0;333
9;62;0;287;0;333
9;62;0;287;0;333
10;62;0;287;0;333
10;62;0;287;0;333
11;62;0;287;0;333
12;62;0;287;0;333
13;62;0;287;0;333
13;62;0;287;0;333
13;62;0;287;0;333
13;62;0;287;0;333
14;62;0;287;0;333
14;62;0;287;0;333
14;62;0;287;0;333
14;62;0;287;0;333
15;62;0;287;0;333
16;62;0;287;0;333
17;62;0;3092;0;333
18;62;0;3092;0;333
19;62;0;3092;0;333
20;62;0;3092;0;333
20;62;0;287;0;333
21;62;0;3092;0;333
21;62;0;287;0;333
22;62;0;3092;0;333
22;62;0;287;0;333
22;62;0;287;0;333
23;62;0;287;0;333
23;62;0;287;0;333
24;62;0;3092;0;333
24;62;0;287;0;333
24;62;0;287;0;333
25;62;0;3092;0;333
25;62;0;287;0;333
25;62;0;287;0;333
26;62;0;3092;0;333
26;62;0;287;0;333
26;62;0;287;0;333
27;62;0;3092;0;333
28;62;0;3092;0;333
31;62;0;3092;0;333
32;62;0;3092;0;333
33;62;0;3092;0;333
34;62;0;3092;0;333
40;62;0;1265;0;333
41;62;0;3092;0;333
42;62;0;3092;0;333
43;62;0;3092;0;333
46;62;0;1265;0;333
48;62;0;1265;0;333
50;62;0;1265;0;333
51;62;0;629;0;333
51;62;0;626;0;333
52;62;0;629;0;333
52;62;0;626;0;333
53;62;0;629;0;333
53;62;0;626;0;333
53;62;0;626;0;333
54;62;0;626;0;333
55;62;0;626;0;333
56;62;0;628;0;333
57;62;0;628;0;333
58;62;0;626;0;333
58;62;0;628;0;333
59;62;0;626;0;333
60;62;0;626;0;333
61;62;0;626;0;333
62;62;0;626;0;333
63;62;0;626;0;333
63;62;0;628;0;333
64;62;0;628;0;333
65;62;0;628;0;333
66;62;0;628;0;333
67;62;0;628;0;333
68;62;0;628;0;333
69;62;0;628;0;333
70;62;0;628;0;333
71;62;0;1272;0;333
72;62;0;1265;0;333
73;62;0;1266;0;333
74;62;0;1266;0;333
75;62;0;1266;0;333
76;62;0;1266;0;333
77;62;0;1266;0;333
78;62;0;596;0;333
79;62;0;287;0;333
83;62;0;613;0;333
88;62;0;321;27;333
89;62;0;613;0;333
90;62;0;596;0;333
91;62;0;287;0;333
92;62;0;287;0;333
93;62;0;287;0;333
94;62;0;287;0;333
3;63;0;287;0;333
4;63;0;287;0;333
5;63;0;287;0;333
6;63;0;287;0;333
7;63;0;287;0;333
7;63;0;287;0;333
8;63;0;287;0;333
8;63;0;287;0;333
9;63;0;287;0;333
9;63;0;287;0;333
10;63;0;287;0;333
10;63;0;287;0;333
11;63;0;287;0;333
12;63;0;287;0;333
13;63;0;287;0;333
13;63;0;287;0;333
14;63;0;3092;0;333
14;63;0;287;0;333
15;63;0;3092;0;333
16;63;0;3092;0;333
17;63;0;3092;0;333
18;63;0;3092;0;333
19;63;0;3092;0;333
20;63;0;3092;0;333
21;63;0;3092;0;333
22;63;0;3092;0;333
22;63;0;287;0;333
23;63;0;3092;0;333
23;63;0;287;0;333
24;63;0;3092;0;333
25;63;0;3092;0;333
26;63;0;3092;0;333
27;63;0;3092;0;333
28;63;0;3092;0;333
29;63;0;3092;0;333
30;63;0;3092;0;333
31;63;0;3092;0;333
31;63;0;3092;0;333
32;63;0;3092;0;333
32;63;0;3092;0;333
33;63;0;3092;0;333
33;63;0;3092;0;333
34;63;0;3092;0;333
34;63;0;3092;0;333
35;63;0;3092;0;333
36;63;0;3092;0;333
37;63;0;3092;0;333
38;63;0;3092;0;333
39;63;0;3092;0;333
40;63;0;3092;0;333
41;63;0;3092;0;333
42;63;0;3092;0;333
43;63;0;3092;0;333
44;63;0;3092;0;333
45;63;0;3092;0;333
46;63;0;3092;0;333
47;63;0;3092;0;333
48;63;0;3092;0;333
49;63;0;3092;0;333
50;63;0;3092;0;333
51;63;0;1266;0;333
52;63;0;1272;0;333
53;63;0;626;0;333
54;63;0;626;0;333
55;63;0;626;0;333
56;63;0;628;0;333
57;63;0;628;0;333
58;63;0;626;0;333
58;63;0;628;0;333
59;63;0;626;0;333
60;63;0;626;0;333
61;63;0;626;0;333
62;63;0;626;0;333
63;63;0;626;0;333
64;63;0;1272;0;333
65;63;0;1272;0;333
66;63;0;628;0;333
67;63;0;628;0;333
68;63;0;628;0;333
69;63;0;628;0;333
69;63;0;627;0;333
70;63;0;628;0;333
70;63;0;627;0;333
71;63;0;627;0;333
72;63;0;627;0;333
73;63;0;1266;0;333
74;63;0;1266;0;333
75;63;0;1266;0;333
76;63;0;1266;0;333
77;63;0;1266;0;333
78;63;0;623;0;333
79;63;0;287;0;333
83;63;0;401;0;333
89;63;0;401;0;333
91;63;0;287;0;333
92;63;0;287;0;333
93;63;0;287;0;333
94;63;0;287;0;333
3;64;0;287;0;333
4;64;0;287;0;333
5;64;0;287;0;333
6;64;0;287;0;333
7;64;0;287;0;333
8;64;0;287;0;333
9;64;0;287;0;333
10;64;0;287;0;333
11;64;0;3092;0;333
12;64;0;3092;0;333
13;64;0;3092;0;333
14;64;0;3092;0;333
15;64;0;3092;0;333
16;64;0;3092;0;333
17;64;0;3092;0;333
18;64;0;3092;0;333
19;64;0;3092;0;333
20;64;0;3092;0;333
21;64;0;3092;0;333
22;64;0;3092;0;333
23;64;0;3092;0;333
24;64;0;3092;0;333
25;64;0;3092;0;333
26;64;0;3092;0;333
27;64;0;3092;0;333
28;64;0;3092;0;333
29;64;0;3092;0;333
30;64;0;3092;0;333
31;64;0;3092;0;333
32;64;0;3092;0;333
33;64;0;3092;0;333
34;64;0;3092;0;333
35;64;0;3092;0;333
36;64;0;3092;0;333
37;64;0;3092;0;333
38;64;0;3092;0;333
39;64;0;3092;0;333
39;64;0;3092;0;333
40;64;0;3092;0;333
41;64;0;3092;0;333
42;64;0;3092;0;333
43;64;0;3092;0;333
44;64;0;3092;0;333
45;64;0;3092;0;333
45;64;0;3092;0;333
46;64;0;3092;0;333
46;64;0;3092;0;333
47;64;0;3092;0;333
47;64;0;3092;0;333
48;64;0;3092;0;333
48;64;0;3092;0;333
49;64;0;3092;0;333
50;64;0;3092;0;333
51;64;0;3092;0;333
52;64;0;1265;0;333
53;64;0;1265;0;333
54;64;0;1265;0;333
55;64;0;1272;0;333
56;64;0;1272;0;333
57;64;0;1266;0;333
58;64;0;1265;0;333
59;64;0;1272;0;333
60;64;0;1266;0;333
61;64;0;1265;0;333
62;64;0;1272;0;333
63;64;0;1272;0;333
64;64;0;1272;0;333
65;64;0;1272;0;333
66;64;0;1265;0;333
67;64;0;1272;0;333
68;64;0;1272;0;333
69;64;0;627;0;333
70;64;0;627;0;333
71;64;0;627;0;333
72;64;0;627;0;333
73;64;0;1266;0;333
74;64;0;1266;0;333
75;64;0;1266;0;333
76;64;0;1266;0;333
77;64;0;1266;0;333
78;64;0;596;0;333
79;64;0;287;0;333
91;64;0;596;0;333
92;64;0;287;0;333
93;64;0;287;0;333
94;64;0;287;0;333
6;65;0;3092;0;333
7;65;0;3092;0;333
8;65;0;3092;0;333
9;65;0;3092;0;333
10;65;0;3092;0;333
11;65;0;3092;0;333
12;65;0;3092;0;333
13;65;0;3092;0;333
14;65;0;3092;0;333
15;65;0;3092;0;333
16;65;0;3092;0;333
17;65;0;3092;0;333
18;65;0;3092;0;333
19;65;0;3092;0;333
20;65;0;3092;0;333
20;65;0;3092;0;333
21;65;0;3092;0;333
21;65;0;3092;0;333
22;65;0;3092;0;333
22;65;0;3092;0;333
23;65;0;3092;0;333
24;65;0;3092;0;333
25;65;0;3092;0;333
26;65;0;3092;0;333
27;65;0;3092;0;333
31;65;0;3092;0;333
32;65;0;3092;0;333
33;65;0;3092;0;333
34;65;0;3092;0;333
35;65;0;629;0;333
36;65;0;629;0;333
37;65;0;629;0;333
37;65;0;627;0;333
38;65;0;629;0;333
39;65;0;3092;0;333
40;65;0;3092;0;333
41;65;0;3092;0;333
42;65;0;3092;0;333
43;65;0;3092;0;333
44;65;0;3092;0;333
45;65;0;3092;0;333
46;65;0;3092;0;333
47;65;0;3092;0;333
48;65;0;3092;0;333
49;65;0;3090;0;333
49;65;0;3092;0;333
50;65;0;3092;0;333
51;65;0;3092;0;333
52;65;0;3092;0;333
53;65;0;3092;0;333
54;65;0;3092;0;333
55;65;0;3092;0;333
56;65;0;3092;0;333
57;65;0;3092;0;333
58;65;0;3092;0;333
59;65;0;3092;0;333
60;65;0;3092;0;333
61;65;0;3092;0;333
62;65;0;3092;0;333
63;65;0;3092;0;333
64;65;0;3092;0;333
65;65;0;3092;0;333
66;65;0;3092;0;333
67;65;0;3092;0;333
68;65;0;1272;0;333
69;65;0;627;0;333
70;65;0;627;0;333
71;65;0;627;0;333
72;65;0;626;0;333
73;65;0;626;0;333
74;65;0;1266;0;333
75;65;0;1266;0;333
76;65;0;1266;0;333
77;65;0;1266;0;333
78;65;0;623;0;333
79;65;0;287;0;333
91;65;0;596;0;333
92;65;0;287;0;333
93;65;0;287;0;333
94;65;0;287;0;333
6;66;0;3092;0;333
7;66;0;3092;0;333
8;66;0;3092;0;333
9;66;0;3092;0;333
10;66;0;3092;0;333
11;66;0;3092;0;333
12;66;0;3092;0;333
13;66;0;3092;0;333
14;66;0;3092;0;333
15;66;0;3092;0;333
15;66;0;3092;0;333
16;66;0;3092;0;333
16;66;0;3092;0;333
17;66;0;3092;0;333
18;66;0;3092;0;333
19;66;0;3092;0;333
20;66;0;3092;0;333
21;66;0;3092;0;333
22;66;0;3092;0;333
23;66;0;3092;0;333
24;66;0;3092;0;333
25;66;0;3092;0;333
26;66;0;3092;0;333
27;66;0;3092;0;333
31;66;0;3095;0;333
32;66;0;3092;0;333
33;66;0;3092;0;333
34;66;0;3092;0;333
36;66;0;627;0;333
38;66;0;627;0;333
39;66;0;3092;0;333
40;66;0;3092;0;333
41;66;0;3092;0;333
42;66;0;3092;0;333
43;66;0;3092;0;333
44;66;0;3092;0;333
45;66;0;3092;0;333
46;66;0;3092;0;333
47;66;0;3092;0;333
48;66;0;3092;0;333
49;66;0;3092;0;333
50;66;0;3092;0;333
50;66;0;3092;0;333
51;66;0;3092;0;333
52;66;0;3092;0;333
53;66;0;3092;0;333
54;66;0;3092;0;333
55;66;0;3092;0;333
56;66;0;3092;0;333
57;66;0;3092;0;333
58;66;0;3092;0;333
59;66;0;3092;0;333
60;66;0;3092;0;333
61;66;0;3092;0;333
62;66;0;3092;0;333
63;66;0;3092;0;333
64;66;0;3092;0;333
65;66;0;3092;0;333
66;66;0;3092;0;333
67;66;0;3092;0;333
68;66;0;1272;0;333
69;66;0;627;0;333
70;66;0;627;0;333
71;66;0;627;0;333
72;66;0;626;0;333
73;66;0;1266;0;333
74;66;0;1265;0;333
75;66;0;1266;0;333
76;66;0;1265;0;333
77;66;0;1266;0;333
79;66;0;654;3050;333
91;66;0;596;0;333
92;66;0;287;0;333
93;66;0;287;0;333
94;66;0;287;0;333
6;67;0;3092;0;333
7;67;0;3092;0;333
8;67;0;3092;0;333
9;67;0;3092;0;333
10;67;0;3092;0;333
11;67;0;3092;0;333
12;67;0;3092;0;333
13;67;0;3092;0;333
14;67;0;3092;0;333
15;67;0;3092;0;333
15;67;0;3092;0;333
16;67;0;3092;0;333
16;67;0;3092;0;333
17;67;0;3092;0;333
18;67;0;3092;0;333
19;67;0;3092;0;333
20;67;0;3092;0;333
21;67;0;3092;0;333
22;67;0;3092;0;333
32;67;0;3092;0;333
33;67;0;3092;0;333
34;67;0;3092;0;333
36;67;0;627;0;333
37;67;0;627;0;333
39;67;0;3092;0;333
41;67;0;629;0;333
42;67;0;3092;0;333
43;67;0;3092;0;333
44;67;0;3092;0;333
45;67;0;1266;0;333
46;67;0;232;0;333
47;67;0;232;0;333
48;67;0;915;0;333
49;67;0;627;0;333
50;67;0;3092;0;333
50;67;0;3092;0;333
51;67;0;3092;0;333
52;67;0;3092;0;333
53;67;0;3092;0;333
54;67;0;3092;0;333
55;67;0;3092;0;333
56;67;0;3092;0;333
57;67;0;3092;0;333
58;67;0;3092;0;333
59;67;0;3092;0;333
60;67;0;3092;0;333
61;67;0;3092;0;333
62;67;0;3092;0;333
63;67;0;3092;0;333
64;67;0;3092;0;333
65;67;0;3092;0;333
66;67;0;3092;0;333
67;67;0;3092;0;333
68;67;0;1272;0;333
69;67;0;626;0;333
70;67;0;626;0;333
70;67;0;626;0;333
71;67;0;1272;0;333
72;67;0;1272;0;333
73;67;0;1266;0;333
74;67;0;627;0;333
75;67;0;626;0;333
76;67;0;1266;0;333
77;67;0;1266;0;333
79;67;0;658;3050;333
85;67;0;2850;0;333
86;67;0;2850;0;333
91;67;0;596;0;333
92;67;0;287;0;333
93;67;0;287;0;333
94;67;0;287;0;333
6;68;0;3092;0;333
7;68;0;3092;0;333
8;68;0;3092;0;333
9;68;0;3092;0;333
10;68;0;3092;0;333
11;68;0;3092;0;333
12;68;0;3092;0;333
13;68;0;3092;0;333
14;68;0;3092;0;333
15;68;0;3092;0;333
16;68;0;3092;0;333
17;68;0;3092;0;333
18;68;0;3092;0;333
31;68;0;3097;0;333
32;68;0;3092;0;333
33;68;0;3092;0;333
34;68;0;3092;0;333
38;68;0;628;0;333
39;68;0;915;0;333
40;68;0;915;0;333
41;68;0;629;0;333
42;68;0;629;0;333
43;68;0;629;0;333
44;68;0;629;0;333
45;68;0;1266;0;333
46;68;0;1265;0;333
47;68;0;1266;0;333
48;68;0;3093;0;333
48;68;0;232;0;333
49;68;0;629;0;333
50;68;0;3092;0;333
51;68;0;3092;0;333
52;68;0;3092;0;333
53;68;0;3092;0;333
54;68;0;3092;0;333
55;68;0;3092;0;333
56;68;0;3092;0;333
57;68;0;3092;0;333
58;68;0;3092;0;333
59;68;0;3092;0;333
60;68;0;3092;0;333
61;68;0;3092;0;333
62;68;0;3092;0;333
63;68;0;3092;0;333
64;68;0;3092;0;333
65;68;0;3092;0;333
66;68;0;3092;0;333
67;68;0;3092;0;333
68;68;0;1272;0;333
69;68;0;626;0;333
70;68;0;626;0;333
71;68;0;1265;0;333
72;68;0;1265;0;333
73;68;0;627;0;333
74;68;0;629;0;333
75;68;0;628;0;333
76;68;0;626;0;333
77;68;0;1266;0;333
79;68;0;287;0;333
83;68;0;613;0;333
84;68;0;524;0;333
85;68;0;524;0;333
89;68;0;613;0;333
91;68;0;623;0;333
92;68;0;287;0;333
93;68;0;287;0;333
94;68;0;287;0;333
6;69;0;3092;0;333
7;69;0;3092;0;333
8;69;0;3092;0;333
9;69;0;3092;0;333
10;69;0;3092;0;333
11;69;0;3092;0;333
12;69;0;3092;0;333
13;69;0;3092;0;333
14;69;0;3092;0;333
15;69;0;3092;0;333
16;69;0;3092;0;333
17;69;0;3092;0;333
18;69;0;3092;0;333
28;69;0;3098;0;333
31;69;0;3100;0;333
32;69;0;3092;0;333
33;69;0;3092;0;333
34;69;0;3092;0;333
35;69;0;3097;0;333
36;69;0;3100;0;333
37;69;0;915;0;333
38;69;0;3095;0;333
40;69;0;1265;0;333
41;69;0;915;0;333
42;69;0;3095;0;333
43;69;0;232;0;333
44;69;0;232;0;333
45;69;0;1266;0;333
46;69;0;1266;0;333
47;69;0;1266;0;333
48;69;0;1266;0;333
49;69;0;915;0;333
50;69;0;3092;0;333
50;69;0;3092;0;333
51;69;0;3092;0;333
51;69;0;3092;0;333
51;69;0;3092;0;333
52;69;0;3092;0;333
52;69;0;3092;0;333
52;69;0;3092;0;333
53;69;0;3092;0;333
53;69;0;3092;0;333
53;69;0;3092;0;333
53;69;0;3092;0;333
54;69;0;3092;0;333
54;69;0;3092;0;333
54;69;0;3092;0;333
55;69;0;3090;0;333
56;69;0;3092;0;333
57;69;0;3092;0;333
58;69;0;3092;0;333
59;69;0;3092;0;333
60;69;0;3092;0;333
61;69;0;3092;0;333
62;69;0;3092;0;333
63;69;0;3092;0;333
64;69;0;3092;0;333
65;69;0;3092;0;333
66;69;0;3092;0;333
67;69;0;3092;0;333
68;69;0;1265;0;333
69;69;0;626;0;333
70;69;0;1266;0;333
71;69;0;1266;0;333
72;69;0;914;0;333
73;69;0;629;0;333
74;69;0;628;0;333
75;69;0;629;0;333
76;69;0;628;0;333
77;69;0;1266;0;333
78;69;0;623;0;333
79;69;0;287;0;333
83;69;0;401;0;333
84;69;0;2850;0;333
85;69;0;2850;0;333
89;69;0;218;0;333
91;69;0;623;0;333
92;69;0;287;0;333
93;69;0;287;0;333
94;69;0;287;0;333
6;70;0;3092;0;333
7;70;0;3092;0;333
8;70;0;3092;0;333
9;70;0;3092;0;333
10;70;0;3092;0;333
11;70;0;3092;0;333
12;70;0;3092;0;333
13;70;0;3092;0;333
14;70;0;3092;0;333
15;70;0;3092;0;333
16;70;0;3092;0;333
17;70;0;3092;0;333
18;70;0;3092;0;333
26;70;0;3100;0;333
27;70;0;3098;0;333
30;70;0;3099;0;333
32;70;0;3092;0;333
33;70;0;3092;0;333
34;70;0;3095;0;333
37;70;0;3097;0;333
39;70;0;1265;0;333
41;70;0;1266;0;333
42;70;0;1266;0;333
43;70;0;1266;0;333
44;70;0;1265;0;333
45;70;0;1266;0;333
46;70;0;1266;0;333
47;70;0;1266;0;333
48;70;0;232;0;333
49;70;0;1266;0;333
50;70;0;3092;0;333
51;70;0;3092;0;333
52;70;0;3092;0;333
53;70;0;3092;0;333
53;70;0;3092;0;333
54;70;0;3092;0;333
54;70;0;3092;0;333
55;70;0;3088;0;333
56;70;0;3092;0;333
57;70;0;3092;0;333
58;70;0;3092;0;333
59;70;0;3092;0;333
60;70;0;3092;0;333
61;70;0;3092;0;333
62;70;0;3092;0;333
63;70;0;3092;0;333
64;70;0;3092;0;333
65;70;0;3092;0;333
66;70;0;3092;0;333
67;70;0;3092;0;333
69;70;0;626;0;333
70;70;0;1266;0;333
71;70;0;1266;0;333
72;70;0;1266;0;333
73;70;0;1266;0;333
74;70;0;1266;0;333
75;70;0;1266;0;333
76;70;0;1265;0;333
77;70;0;1266;0;333
78;70;0;596;0;333
79;70;0;287;0;333
91;70;0;596;0;333
92;70;0;287;0;333
93;70;0;287;0;333
94;70;0;287;0;333
6;71;0;3092;0;333
7;71;0;3092;0;333
8;71;0;3092;0;333
9;71;0;3092;0;333
10;71;0;3092;0;333
11;71;0;3092;0;333
12;71;0;3092;0;333
13;71;0;3092;0;333
14;71;0;3092;0;333
15;71;0;3092;0;333
16;71;0;3092;0;333
17;71;0;3092;0;333
18;71;0;3092;0;333
24;71;0;3097;0;333
26;71;0;915;0;333
27;71;0;3097;0;333
39;71;0;3098;0;333
41;71;0;1265;0;333
42;71;0;1265;0;333
43;71;0;1266;0;333
44;71;0;1266;0;333
45;71;0;1266;0;333
46;71;0;1266;0;333
47;71;0;232;0;333
48;71;0;3090;0;333
49;71;0;1266;0;333
50;71;0;3092;0;333
51;71;0;3092;0;333
52;71;0;3088;0;333
53;71;0;3092;0;333
53;71;0;3092;0;333
54;71;0;3092;0;333
54;71;0;3092;0;333
55;71;0;3092;0;333
56;71;0;3092;0;333
57;71;0;3092;0;333
58;71;0;3092;0;333
59;71;0;3092;0;333
60;71;0;3092;0;333
61;71;0;3092;0;333
62;71;0;3092;0;333
63;71;0;3092;0;333
64;71;0;3092;0;333
65;71;0;3092;0;333
66;71;0;3092;0;333
67;71;0;3092;0;333
67;71;0;626;0;333
68;71;0;626;0;333
69;71;0;626;0;333
70;71;0;1266;0;333
71;71;0;1266;0;333
72;71;0;914;0;333
73;71;0;627;0;333
74;71;0;1266;0;333
75;71;0;1266;0;333
76;71;0;1265;0;333
77;71;0;1266;0;333
78;71;0;623;0;333
79;71;0;287;0;333
90;71;0;1911;0;333
91;71;0;623;0;333
92;71;0;287;0;333
93;71;0;287;0;333
94;71;0;287;0;333
6;72;0;3092;0;333
7;72;0;3092;0;333
8;72;0;3092;0;333
9;72;0;3092;0;333
10;72;0;3092;0;333
11;72;0;3092;0;333
12;72;0;3092;0;333
13;72;0;3092;0;333
14;72;0;3092;0;333
15;72;0;3092;0;333
16;72;0;3092;0;333
22;72;0;3100;0;333
23;72;0;3099;0;333
26;72;0;3095;0;333
38;72;0;3100;0;333
39;72;0;915;0;333
41;72;0;1266;0;333
42;72;0;1266;0;333
43;72;0;1265;0;333
44;72;0;1265;0;333
45;72;0;1266;0;333
46;72;0;1266;0;333
47;72;0;627;0;333
48;72;0;3092;0;333
49;72;0;3092;0;333
50;72;0;3092;0;333
51;72;0;3092;0;333
52;72;0;3092;0;333
53;72;0;3092;0;333
53;72;0;3092;0;333
54;72;0;3092;0;333
55;72;0;3092;0;333
56;72;0;3085;0;333
57;72;0;3092;0;333
58;72;0;3085;0;333
59;72;0;3092;0;333
60;72;0;3092;0;333
61;72;0;3085;0;333
62;72;0;3085;0;333
63;72;0;3092;0;333
64;72;0;3085;0;333
65;72;0;3092;0;333
66;72;0;3085;0;333
67;72;0;3085;0;333
67;72;0;626;0;333
68;72;0;626;0;333
69;72;0;626;0;333
70;72;0;1266;0;333
71;72;0;1265;0;333
72;72;0;626;0;333
73;72;0;629;0;333
74;72;0;1266;0;333
75;72;0;1266;0;333
76;72;0;1265;0;333
77;72;0;1266;0;333
78;72;0;596;0;333
79;72;0;287;0;333
80;72;0;287;0;333
91;72;0;596;0;333
92;72;0;287;0;333
93;72;0;287;0;333
94;72;0;287;0;333
6;73;0;3092;0;333
7;73;0;3092;0;333
8;73;0;3092;0;333
9;73;0;3092;0;333
10;73;0;3092;0;333
11;73;0;3092;0;333
12;73;0;3092;0;333
13;73;0;3092;0;333
14;73;0;3092;0;333
15;73;0;3092;0;333
16;73;0;3092;0;333
38;73;0;3099;0;333
41;73;0;1266;0;333
42;73;0;1265;0;333
43;73;0;1266;0;333
44;73;0;1266;0;333
45;73;0;915;0;333
46;73;0;627;0;333
47;73;0;3088;0;333
47;73;0;3088;0;333
47;73;0;627;0;333
48;73;0;3092;0;333
48;73;0;3088;0;333
48;73;0;3088;0;333
49;73;0;3092;0;333
49;73;0;3088;0;333
50;73;0;3092;0;333
50;73;0;3088;0;333
51;73;0;3092;0;333
52;73;0;3092;0;333
53;73;0;3092;0;333
54;73;0;3092;0;333
55;73;0;3092;0;333
56;73;0;3091;0;333
57;73;0;3095;0;333
57;73;0;422;0;333
59;73;0;915;0;333
60;73;0;3098;0;333
63;73;0;1265;0;333
64;73;0;1265;0;333
69;73;0;1266;0;333
70;73;0;1266;0;333
71;73;0;1266;0;333
72;73;0;1266;0;333
73;73;0;1266;0;333
74;73;0;1266;0;333
75;73;0;1265;0;333
76;73;0;1266;0;333
77;73;0;1266;0;333
79;73;0;630;0;333
80;73;0;287;0;333
81;73;0;287;0;333
82;73;0;287;0;333
82;73;0;287;0;333
83;73;0;287;0;333
83;73;0;287;0;333
84;73;0;287;0;333
84;73;0;287;0;333
85;73;0;287;0;333
91;73;0;623;0;333
92;73;0;287;0;333
93;73;0;287;0;333
94;73;0;287;0;333
6;74;0;3092;0;333
7;74;0;3092;0;333
8;74;0;3092;0;333
9;74;0;3092;0;333
10;74;0;3092;0;333
11;74;0;3092;0;333
12;74;0;3092;0;333
13;74;0;3092;0;333
14;74;0;3092;0;333
15;74;0;3092;0;333
16;74;0;3092;0;333
39;74;0;1266;0;333
41;74;0;1266;0;333
42;74;0;1266;0;333
43;74;0;1266;0;333
44;74;0;232;0;333
45;74;0;1266;0;333
46;74;0;1266;0;333
47;74;0;3088;0;333
47;74;0;3088;0;333
48;74;0;3092;0;333
48;74;0;3088;0;333
48;74;0;3088;0;333
49;74;0;3092;0;333
49;74;0;3088;0;333
50;74;0;3092;0;333
50;74;0;3088;0;333
51;74;0;3092;0;333
52;74;0;3092;0;333
53;74;0;3092;0;333
54;74;0;3092;0;333
55;74;0;3091;0;333
56;74;0;1266;0;333
57;74;0;1266;0;333
58;74;0;1266;0;333
59;74;0;1266;0;333
69;74;0;1266;0;333
70;74;0;1265;0;333
71;74;0;1265;0;333
72;74;0;1266;0;333
73;74;0;1266;0;333
74;74;0;1266;0;333
75;74;0;1266;0;333
76;74;0;914;0;333
77;74;0;627;0;333
78;74;0;628;0;333
79;74;0;627;0;333
80;74;0;287;0;333
81;74;0;287;0;333
82;74;0;287;0;333
82;74;0;287;0;333
83;74;0;287;0;333
83;74;0;287;0;333
84;74;0;287;0;333
84;74;0;287;0;333
84;74;0;287;0;333
85;74;0;287;0;333
85;74;0;287;0;333
86;74;0;287;0;333
87;74;0;287;0;333
88;74;0;287;0;333
89;74;0;287;0;333
90;74;0;287;0;333
91;74;0;287;0;333
92;74;0;287;0;333
93;74;0;287;0;333
94;74;0;287;0;333
6;75;0;3092;0;333
7;75;0;3092;0;333
8;75;0;3092;0;333
9;75;0;3092;0;333
10;75;0;3092;0;333
11;75;0;3092;0;333
12;75;0;3092;0;333
13;75;0;3092;0;333
14;75;0;3092;0;333
15;75;0;3092;0;333
16;75;0;3092;0;333
23;75;0;3097;0;333
40;75;0;1266;0;333
41;75;0;1266;0;333
42;75;0;1265;0;333
43;75;0;1266;0;333
44;75;0;627;0;333
45;75;0;3090;0;333
46;75;0;3088;0;333
47;75;0;3088;0;333
47;75;0;3088;0;333
48;75;0;3092;0;333
48;75;0;3088;0;333
49;75;0;3092;0;333
49;75;0;3088;0;333
50;75;0;3092;0;333
50;75;0;3088;0;333
51;75;0;3092;0;333
52;75;0;3092;0;333
53;75;0;3091;0;333
54;75;0;3091;0;333
54;75;0;3091;0;333
55;75;0;1266;0;333
56;75;0;1266;0;333
57;75;0;1266;0;333
58;75;0;1266;0;333
59;75;0;1266;0;333
64;75;0;3098;0;333
69;75;0;1266;0;333
70;75;0;1265;0;333
71;75;0;1266;0;333
72;75;0;1266;0;333
73;75;0;1266;0;333
74;75;0;1266;0;333
75;75;0;1266;0;333
76;75;0;1265;0;333
77;75;0;627;0;333
78;75;0;628;0;333
79;75;0;287;0;333
80;75;0;287;0;333
80;75;0;287;0;333
81;75;0;287;0;333
81;75;0;287;0;333
82;75;0;287;0;333
82;75;0;287;0;333
82;75;0;287;0;333
83;75;0;287;0;333
83;75;0;287;0;333
83;75;0;287;0;333
84;75;0;287;0;333
84;75;0;287;0;333
84;75;0;287;0;333
84;75;0;287;0;333
85;75;0;287;0;333
85;75;0;287;0;333
86;75;0;287;0;333
87;75;0;287;0;333
88;75;0;287;0;333
89;75;0;287;0;333
90;75;0;287;0;333
91;75;0;287;0;333
92;75;0;287;0;333
93;75;0;287;0;333
94;75;0;287;0;333
6;76;0;3092;0;333
7;76;0;3092;0;333
8;76;0;3092;0;333
9;76;0;3092;0;333
10;76;0;3092;0;333
11;76;0;3092;0;333
12;76;0;3092;0;333
13;76;0;3092;0;333
14;76;0;3092;0;333
22;76;0;3097;0;333
38;76;0;3098;0;333
40;76;0;1266;0;333
41;76;0;1266;0;333
42;76;0;1266;0;333
43;76;0;1266;0;333
44;76;0;915;0;333
45;76;0;3092;0;333
45;76;0;3088;0;333
46;76;0;3092;0;333
47;76;0;3092;0;333
47;76;0;3088;0;333
48;76;0;3092;0;333
48;76;0;3088;0;333
49;76;0;3092;0;333
49;76;0;3088;0;333
50;76;0;3092;0;333
50;76;0;3088;0;333
51;76;0;3092;0;333
52;76;0;3092;0;333
53;76;0;1266;0;333
54;76;0;1266;0;333
55;76;0;1266;0;333
56;76;0;1266;0;333
57;76;0;1266;0;333
58;76;0;1266;0;333
59;76;0;1266;0;333
65;76;0;1266;0;333
66;76;0;1266;0;333
67;76;0;1266;0;333
68;76;0;1265;0;333
69;76;0;1266;0;333
70;76;0;1266;0;333
71;76;0;1266;0;333
72;76;0;1266;0;333
73;76;0;1265;0;333
74;76;0;1266;0;333
75;76;0;627;0;333
76;76;0;627;0;333
77;76;0;627;0;333
78;76;0;629;0;333
78;76;0;627;0;333
78;76;0;628;0;333
78;76;0;628;0;333
79;76;0;287;0;333
80;76;0;287;0;333
80;76;0;287;0;333
81;76;0;287;0;333
81;76;0;287;0;333
82;76;0;287;0;333
82;76;0;287;0;333
82;76;0;287;0;333
83;76;0;287;0;333
83;76;0;287;0;333
83;76;0;287;0;333
84;76;0;287;0;333
84;76;0;287;0;333
84;76;0;287;0;333
84;76;0;287;0;333
84;76;0;287;0;333
85;76;0;287;0;333
85;76;0;287;0;333
85;76;0;287;0;333
86;76;0;287;0;333
87;76;0;287;0;333
88;76;0;287;0;333
89;76;0;287;0;333
90;76;0;287;0;333
91;76;0;287;0;333
92;76;0;287;0;333
93;76;0;287;0;333
94;76;0;287;0;333
6;77;0;3092;0;333
7;77;0;3092;0;333
8;77;0;3092;0;333
9;77;0;3092;0;333
10;77;0;3092;0;333
11;77;0;3092;0;333
12;77;0;3092;0;333
13;77;0;3092;0;333
14;77;0;3092;0;333
36;77;0;3098;0;333
37;77;0;3098;0;333
37;77;0;3097;0;333
38;77;0;3098;0;333
39;77;0;915;0;333
40;77;0;1265;0;333
41;77;0;1266;0;333
42;77;0;1266;0;333
43;77;0;1266;0;333
44;77;0;627;0;333
45;77;0;3092;0;333
45;77;0;3088;0;333
46;77;0;3092;0;333
47;77;0;3092;0;333
48;77;0;3092;0;333
49;77;0;3092;0;333
50;77;0;3092;0;333
51;77;0;3092;0;333
52;77;0;1266;0;333
53;77;0;1266;0;333
54;77;0;1266;0;333
55;77;0;1266;0;333
56;77;0;1266;0;333
57;77;0;1266;0;333
58;77;0;1266;0;333
59;77;0;1266;0;333
61;77;0;606;0;333
62;77;0;602;0;333
63;77;0;601;0;333
65;77;0;1266;0;333
66;77;0;1266;0;333
67;77;0;1266;0;333
68;77;0;1266;0;333
69;77;0;1266;0;333
70;77;0;1266;0;333
71;77;0;1266;0;333
72;77;0;627;0;333
73;77;0;627;0;333
74;77;0;1266;0;333
75;77;0;627;0;333
76;77;0;627;0;333
77;77;0;627;0;333
78;77;0;627;0;333
78;77;0;628;0;333
79;77;0;287;0;333
80;77;0;287;0;333
81;77;0;287;0;333
82;77;0;287;0;333
82;77;0;287;0;333
83;77;0;287;0;333
83;77;0;287;0;333
84;77;0;287;0;333
84;77;0;287;0;333
84;77;0;287;0;333
84;77;0;287;0;333
85;77;0;287;0;333
85;77;0;287;0;333
85;77;0;287;0;333
86;77;0;287;0;333
87;77;0;287;0;333
88;77;0;287;0;333
89;77;0;287;0;333
90;77;0;287;0;333
91;77;0;287;0;333
92;77;0;287;0;333
93;77;0;287;0;333
94;77;0;287;0;333
6;78;0;3092;0;333
7;78;0;3092;0;333
8;78;0;3092;0;333
9;78;0;3092;0;333
10;78;0;3092;0;333
11;78;0;3092;0;333
12;78;0;3092;0;333
13;78;0;3092;0;333
14;78;0;3092;0;333
22;78;0;3098;0;333
23;78;0;915;0;333
36;78;0;3095;0;333
37;78;0;915;0;333
38;78;0;3100;0;333
39;78;0;1265;0;333
40;78;0;1266;0;333
41;78;0;1266;0;333
42;78;0;1266;0;333
43;78;0;627;0;333
44;78;0;3090;0;333
45;78;0;3092;0;333
46;78;0;3092;0;333
47;78;0;3092;0;333
48;78;0;3092;0;333
49;78;0;3092;0;333
50;78;0;3092;0;333
51;78;0;3092;0;333
52;78;0;1266;0;333
53;78;0;915;0;333
54;78;0;1266;0;333
55;78;0;1266;0;333
56;78;0;1266;0;333
57;78;0;1266;0;333
58;78;0;1266;0;333
59;78;0;1266;0;333
65;78;0;1266;0;333
66;78;0;1266;0;333
67;78;0;1266;0;333
68;78;0;1266;0;333
69;78;0;1266;0;333
70;78;0;627;0;333
71;78;0;1266;0;333
72;78;0;1266;0;333
73;78;0;1266;0;333
74;78;0;1266;0;333
75;78;0;1266;0;333
76;78;0;1266;0;333
77;78;0;1266;0;333
79;78;0;287;0;333
80;78;0;287;0;333
80;78;0;287;0;333
81;78;0;287;0;333
82;78;0;287;0;333
83;78;0;287;0;333
84;78;0;287;0;333
84;78;0;287;0;333
84;78;0;287;0;333
85;78;0;287;0;333
85;78;0;287;0;333
86;78;0;287;0;333
87;78;0;287;0;333
88;78;0;287;0;333
89;78;0;287;0;333
90;78;0;287;0;333
91;78;0;287;0;333
92;78;0;287;0;333
93;78;0;287;0;333
94;78;0;287;0;333
6;79;0;3092;0;333
7;79;0;3092;0;333
8;79;0;3092;0;333
9;79;0;3092;0;333
10;79;0;3092;0;333
11;79;0;3092;0;333
12;79;0;3092;0;333
23;79;0;3097;0;333
24;79;0;3100;0;333
38;79;0;1266;0;333
39;79;0;1266;0;333
40;79;0;1266;0;333
41;79;0;1266;0;333
42;79;0;1266;0;333
43;79;0;3095;0;333
43;79;0;422;0;333
44;79;0;3088;0;333
45;79;0;3092;0;333
46;79;0;3092;0;333
47;79;0;3092;0;333
48;79;0;3089;0;333
49;79;0;3091;0;333
50;79;0;3091;0;333
50;79;0;3085;0;333
51;79;0;3091;0;333
52;79;0;915;0;333
53;79;0;1266;0;333
54;79;0;1266;0;333
55;79;0;627;0;333
56;79;0;3092;0;333
57;79;0;3092;0;333
69;79;0;1266;0;333
70;79;0;629;0;333
71;79;0;287;0;333
72;79;0;287;0;333
73;79;0;287;0;333
74;79;0;287;0;333
75;79;0;287;0;333
76;79;0;287;0;333
77;79;0;287;0;333
78;79;0;287;0;333
79;79;0;287;0;333
79;79;0;287;0;333
80;79;0;287;0;333
80;79;0;287;0;333
81;79;0;287;0;333
81;79;0;287;0;333
82;79;0;287;0;333
82;79;0;287;0;333
83;79;0;287;0;333
83;79;0;287;0;333
84;79;0;287;0;333
84;79;0;287;0;333
84;79;0;287;0;333
84;79;0;287;0;333
85;79;0;287;0;333
85;79;0;287;0;333
85;79;0;287;0;333
86;79;0;287;0;333
86;79;0;287;0;333
87;79;0;287;0;333
87;79;0;287;0;333
88;79;0;287;0;333
88;79;0;287;0;333
89;79;0;287;0;333
89;79;0;287;0;333
90;79;0;287;0;333
90;79;0;287;0;333
91;79;0;287;0;333
91;79;0;287;0;333
92;79;0;287;0;333
93;79;0;287;0;333
94;79;0;287;0;333
6;80;0;3092;0;333
7;80;0;3092;0;333
8;80;0;3092;0;333
9;80;0;3092;0;333
10;80;0;3092;0;333
11;80;0;3092;0;333
12;80;0;3092;0;333
36;80;0;3099;0;333
38;80;0;1266;0;333
39;80;0;1265;0;333
40;80;0;1266;0;333
41;80;0;1266;0;333
42;80;0;1266;0;333
43;80;0;3093;0;333
44;80;0;3088;0;333
45;80;0;3092;0;333
46;80;0;3092;0;333
47;80;0;3092;0;333
48;80;0;1266;0;333
49;80;0;628;0;333
50;80;0;628;0;333
51;80;0;1266;0;333
52;80;0;1266;0;333
53;80;0;1266;0;333
54;80;0;1266;0;333
55;80;0;3092;0;333
56;80;0;3092;0;333
57;80;0;3092;0;333
69;80;0;1266;0;333
70;80;0;627;0;333
71;80;0;287;0;333
72;80;0;287;0;333
73;80;0;287;0;333
74;80;0;287;0;333
75;80;0;287;0;333
76;80;0;287;0;333
77;80;0;287;0;333
78;80;0;287;0;333
79;80;0;287;0;333
80;80;0;287;0;333
81;80;0;287;0;333
82;80;0;287;0;333
83;80;0;287;0;333
84;80;0;287;0;333
85;80;0;287;0;333
86;80;0;287;0;333
87;80;0;287;0;333
88;80;0;287;0;333
89;80;0;287;0;333
90;80;0;287;0;333
91;80;0;287;0;333
92;80;0;287;0;333
93;80;0;287;0;333
94;80;0;287;0;333
6;81;0;3092;0;333
7;81;0;3092;0;333
8;81;0;3092;0;333
9;81;0;3092;0;333
10;81;0;3092;0;333
11;81;0;3092;0;333
12;81;0;3092;0;333
31;81;0;3092;0;333
32;81;0;3092;0;333
35;81;0;3097;0;333
36;81;0;3100;0;333
38;81;0;1266;0;333
39;81;0;1266;0;333
40;81;0;1266;0;333
41;81;0;1266;0;333
42;81;0;1266;0;333
43;81;0;627;0;333
44;81;0;3092;0;333
45;81;0;3092;0;333
46;81;0;3092;0;333
47;81;0;3092;0;333
48;81;0;628;0;333
49;81;0;628;0;333
50;81;0;3094;0;333
51;81;0;1266;0;333
52;81;0;1266;0;333
53;81;0;1266;0;333
54;81;0;915;0;333
55;81;0;3092;0;333
56;81;0;3092;0;333
56;81;0;3092;0;333
57;81;0;3092;0;333
69;81;0;1266;0;333
70;81;0;629;0;333
71;81;0;287;0;333
72;81;0;287;0;333
73;81;0;287;0;333
74;81;0;287;0;333
75;81;0;287;0;333
76;81;0;287;0;333
77;81;0;287;0;333
78;81;0;287;0;333
79;81;0;287;0;333
80;81;0;287;0;333
81;81;0;287;0;333
82;81;0;287;0;333
83;81;0;287;0;333
84;81;0;287;0;333
85;81;0;287;0;333
86;81;0;287;0;333
87;81;0;287;0;333
88;81;0;287;0;333
89;81;0;287;0;333
90;81;0;287;0;333
91;81;0;287;0;333
92;81;0;287;0;333
93;81;0;287;0;333
94;81;0;287;0;333
6;82;0;3092;0;333
7;82;0;3092;0;333
8;82;0;3092;0;333
9;82;0;3092;0;333
10;82;0;3092;0;333
11;82;0;3092;0;333
12;82;0;3092;0;333
26;82;0;3097;0;333
29;82;0;915;0;333
30;82;0;3099;0;333
31;82;0;3092;0;333
32;82;0;3092;0;333
40;82;0;1265;0;333
41;82;0;1265;0;333
42;82;0;1266;0;333
43;82;0;1266;0;333
44;82;0;915;0;333
45;82;0;626;0;333
46;82;0;3085;0;333
47;82;0;3085;0;333
48;82;0;915;0;333
49;82;0;3094;0;333
50;82;0;1266;0;333
51;82;0;1266;0;333
52;82;0;1266;0;333
53;82;0;1266;0;333
54;82;0;1266;0;333
55;82;0;626;0;333
56;82;0;3092;0;333
57;82;0;3092;0;333
63;82;0;3099;0;333
70;82;0;629;0;333
71;82;0;3092;0;333
72;82;0;3092;0;333
6;83;0;3092;0;333
7;83;0;3092;0;333
8;83;0;3092;0;333
9;83;0;3092;0;333
10;83;0;3092;0;333
11;83;0;3092;0;333
12;83;0;3092;0;333
26;83;0;3097;0;333
30;83;0;3092;0;333
31;83;0;3092;0;333
40;83;0;1266;0;333
48;83;0;1266;0;333
49;83;0;1266;0;333
50;83;0;1266;0;333
51;83;0;1266;0;333
52;83;0;1266;0;333
53;83;0;1266;0;333
54;83;0;1266;0;333
55;83;0;628;0;333
56;83;0;3092;0;333
57;83;0;3092;0;333
58;83;0;626;0;333
63;83;0;3099;0;333
64;83;0;3098;0;333
70;83;0;3093;0;333
70;83;0;629;0;333
71;83;0;3092;0;333
72;83;0;3092;0;333
6;84;0;3092;0;333
7;84;0;3092;0;333
8;84;0;3092;0;333
9;84;0;3092;0;333
10;84;0;3092;0;333
25;84;0;3100;0;333
26;84;0;3098;0;333
27;84;0;915;0;333
28;84;0;3098;0;333
30;84;0;3092;0;333
31;84;0;3092;0;333
32;84;0;3092;0;333
33;84;0;3092;0;333
34;84;0;3092;0;333
38;84;0;915;0;333
39;84;0;915;0;333
48;84;0;1266;0;333
49;84;0;1266;0;333
50;84;0;1266;0;333
51;84;0;1266;0;333
52;84;0;1266;0;333
53;84;0;1266;0;333
54;84;0;1266;0;333
55;84;0;1266;0;333
56;84;0;3095;0;333
57;84;0;626;0;333
58;84;0;3094;0;333
70;84;0;629;0;333
71;84;0;3092;0;333
72;84;0;3092;0;333
13;85;0;607;0;333
30;85;0;3092;0;333
31;85;0;3092;0;333
32;85;0;3092;0;333
33;85;0;3092;0;333
34;85;0;3092;0;333
38;85;0;3100;0;333
39;85;0;915;0;333
43;85;0;915;0;333
48;85;0;3099;0;333
49;85;0;915;0;333
57;85;0;422;0;333
60;85;0;3097;0;333
71;85;0;3092;0;333
72;85;0;3092;0;333
13;86;0;609;0;333
30;86;0;915;0;333
31;86;0;3098;0;333
34;86;0;3092;0;333
38;86;0;3095;0;333
42;86;0;3098;0;333
43;86;0;3100;0;333
44;86;0;915;0;333
48;86;0;3100;0;333
52;86;0;3098;0;333
59;86;0;915;0;333
60;86;0;3097;0;333
71;86;0;3092;0;333
72;86;0;3092;0;333
7;87;0;2805;0;333
9;87;0;12;0;333
11;87;0;2805;0;333
13;87;0;612;0;333
15;87;0;2805;0;333
30;87;0;3098;0;333
31;87;0;3100;0;333
34;87;0;3092;0;333
35;87;0;3099;0;333
52;87;0;3098;0;333
54;87;0;3100;0;333
55;87;0;3099;0;333
59;87;0;3098;0;333
68;87;0;3093;0;333
69;87;0;3092;0;333
70;87;0;3092;0;333
71;87;0;3092;0;333
71;87;0;3092;0;333
72;87;0;3092;0;333
72;87;0;3092;0;333
10;88;0;212;0;333
11;88;0;212;0;333
12;88;0;212;0;333
31;88;0;3095;0;333
69;88;0;3092;0;333
70;88;0;3092;0;333
71;88;0;3092;0;333
71;88;0;3092;0;333
72;88;0;3092;0;333
72;88;0;3092;0;333
7;89;0;12;0;333
10;89;0;212;0;333
11;89;0;212;0;333
12;89;0;212;0;333
15;89;0;606;0;333
16;89;0;603;0;333
17;89;0;601;0;333
69;89;0;3092;0;333
70;89;0;3092;0;333
71;89;0;3092;0;333
72;89;0;3092;0;333
33;90;0;3092;0;333
34;90;0;3092;0;333
69;90;0;3092;0;333
70;90;0;3092;0;333
71;90;0;3092;0;333
72;90;0;3092;0;333
7;91;0;2805;0;333
9;91;0;3108;0;333
14;91;0;361;0;333
15;91;0;2805;0;333
32;91;0;3098;0;333
33;91;0;3092;0;333
34;91;0;3092;0;333
44;91;0;915;0;333
45;91;0;3100;0;333
54;91;0;915;0;333
55;91;0;3097;0;333
61;91;0;3097;0;333
65;91;0;3092;0;333
66;91;0;3092;0;333
67;91;0;3092;0;333
69;91;0;3092;0;333
70;91;0;3092;0;333
71;91;0;3092;0;333
72;91;0;3092;0;333
20;92;0;3092;0;333
21;92;0;3092;0;333
22;92;0;3092;0;333
23;92;0;3092;0;333
33;92;0;3092;0;333
34;92;0;3092;0;333
36;92;0;3100;0;333
37;92;0;3099;0;333
38;92;0;915;0;333
44;92;0;3095;0;333
45;92;0;3099;0;333
64;92;0;915;0;333
65;92;0;3092;0;333
66;92;0;3092;0;333
66;92;0;3092;0;333
67;92;0;3092;0;333
67;92;0;3092;0;333
67;92;0;3092;0;333
68;92;0;3092;0;333
68;92;0;3092;0;333
69;92;0;3092;0;333
69;92;0;3092;0;333
70;92;0;3092;0;333
71;92;0;3092;0;333
72;92;0;3092;0;333
7;93;0;12;0;333
10;93;0;214;0;333
11;93;0;214;0;333
12;93;0;214;0;333
15;93;0;12;0;333
20;93;0;3092;0;333
21;93;0;3092;0;333
22;93;0;3092;0;333
23;93;0;3092;0;333
25;93;0;915;0;333
26;93;0;915;0;333
27;93;0;3092;0;333
28;93;0;3092;0;333
33;93;0;3092;0;333
34;93;0;3092;0;333
49;93;0;3098;0;333
64;93;0;3092;0;333
65;93;0;3092;0;333
65;93;0;3092;0;333
66;93;0;3092;0;333
66;93;0;3092;0;333
67;93;0;3092;0;333
67;93;0;3092;0;333
68;93;0;3092;0;333
68;93;0;3092;0;333
69;93;0;3092;0;333
69;93;0;3092;0;333
70;93;0;3092;0;333
71;93;0;3092;0;333
72;93;0;3092;0;333
10;94;0;214;0;333
11;94;0;214;0;333
12;94;0;214;0;333
20;94;0;3092;0;333
21;94;0;3092;0;333
22;94;0;3092;0;333
23;94;0;3092;0;333
25;94;0;3092;0;333
26;94;0;3092;0;333
27;94;0;3092;0;333
27;94;0;3092;0;333
28;94;0;3092;0;333
30;94;0;3092;0;333
33;94;0;3092;0;333
34;94;0;3092;0;333
40;94;0;3093;0;333
41;94;0;3100;0;333
57;94;0;3093;0;333
58;94;0;3092;0;333
63;94;0;915;0;333
64;94;0;3092;0;333
65;94;0;3092;0;333
65;94;0;3092;0;333
66;94;0;3092;0;333
66;94;0;3092;0;333
67;94;0;3092;0;333
67;94;0;3092;0;333
68;94;0;3092;0;333
68;94;0;3092;0;333
69;94;0;3092;0;333
69;94;0;3092;0;333
70;94;0;3092;0;333
71;94;0;3092;0;333
72;94;0;3092;0;333
7;95;0;2805;0;333
9;95;0;12;0;333
11;95;0;2805;0;333
13;95;0;12;0;333
15;95;0;2805;0;333
19;95;0;3092;0;333
20;95;0;3092;0;333
20;95;0;3092;0;333
21;95;0;3092;0;333
21;95;0;3092;0;333
22;95;0;3092;0;333
22;95;0;3092;0;333
23;95;0;3092;0;333
23;95;0;3092;0;333
24;95;0;3092;0;333
25;95;0;3092;0;333
26;95;0;3092;0;333
27;95;0;3092;0;333
27;95;0;3092;0;333
28;95;0;3092;0;333
28;95;0;3092;0;333
29;95;0;3092;0;333
30;95;0;3092;0;333
30;95;0;3092;0;333
31;95;0;3092;0;333
33;95;0;3092;0;333
34;95;0;3092;0;333
35;95;0;628;0;333
46;95;0;915;0;333
47;95;0;628;0;333
48;95;0;3092;0;333
49;95;0;3092;0;333
50;95;0;3092;0;333
57;95;0;3092;0;333
58;95;0;3092;0;333
63;95;0;3093;0;333
64;95;0;3092;0;333
65;95;0;3092;0;333
65;95;0;3092;0;333
66;95;0;3092;0;333
66;95;0;3092;0;333
67;95;0;3092;0;333
68;95;0;3092;0;333
69;95;0;3092;0;333
70;95;0;3092;0;333
71;95;0;3092;0;333
72;95;0;3092;0;333
19;96;0;3092;0;333
19;96;0;3092;0;333
20;96;0;3092;0;333
20;96;0;3092;0;333
21;96;0;3092;0;333
21;96;0;3092;0;333
22;96;0;3092;0;333
22;96;0;3092;0;333
23;96;0;3092;0;333
23;96;0;3092;0;333
24;96;0;3092;0;333
24;96;0;3092;0;333
25;96;0;3092;0;333
26;96;0;3092;0;333
27;96;0;3092;0;333
28;96;0;3092;0;333
29;96;0;3092;0;333
30;96;0;3092;0;333
30;96;0;3092;0;333
31;96;0;3092;0;333
32;96;0;3092;0;333
33;96;0;3092;0;333
33;96;0;3092;0;333
34;96;0;3092;0;333
35;96;0;628;0;333
45;96;0;915;0;333
46;96;0;628;0;333
47;96;0;3092;0;333
48;96;0;3092;0;333
49;96;0;3092;0;333
50;96;0;3092;0;333
51;96;0;628;0;333
52;96;0;3094;0;333
57;96;0;915;0;333
58;96;0;915;0;333
64;96;0;915;0;333
65;96;0;3092;0;333
66;96;0;3092;0;333
67;96;0;3092;0;333
68;96;0;3092;0;333
69;96;0;3092;0;333
70;96;0;3092;0;333
71;96;0;3092;0;333
72;96;0;3092;0;333
30;97;0;3092;0;333
31;97;0;3092;0;333
32;97;0;3092;0;333
33;97;0;3092;0;333
34;97;0;3092;0;333
46;97;0;3092;0;333
47;97;0;3092;0;333
48;97;0;3092;0;333
49;97;0;3092;0;333
50;97;0;3092;0;333
65;97;0;3092;0;333
66;97;0;3092;0;333
67;97;0;3092;0;333
68;97;0;3092;0;333
69;97;0;3092;0;333
70;97;0;3092;0;333
71;97;0;3092;0;333
72;97;0;3092;0;333
