V: 2
L: 80
X: 0
Y: 0
W: 50
H: 50
0;0;6;0
1;0;6;0
2;0;6;0
3;0;6;0
4;0;6;0
5;0;6;0
6;0;6;0
7;0;6;0
8;0;6;0
9;0;6;0
10;0;6;0
11;0;6;0
12;0;6;0
13;0;6;0
14;0;6;0
15;0;6;0
16;0;6;0
17;0;6;0
18;0;6;0
19;0;6;0
20;0;6;0
21;0;6;0
22;0;6;0
23;0;6;0
24;0;6;0
25;0;6;0
26;0;6;0
27;0;6;0
28;0;6;0
29;0;6;0
30;0;6;0
31;0;6;0
32;0;6;0
33;0;6;0
34;0;6;0
35;0;6;0
36;0;6;0
37;0;6;0
38;0;6;0
39;0;6;0
40;0;6;0
41;0;6;0
42;0;6;0
43;0;6;0
44;0;6;0
45;0;6;0
46;0;6;0
47;0;6;0
48;0;6;0
49;0;6;0
0;1;6;0
1;1;6;0
2;1;6;0
3;1;6;0
4;1;6;0
5;1;6;0
6;1;6;0
7;1;6;0
8;1;6;0
9;1;6;0
10;1;6;0
11;1;6;0
12;1;6;0
13;1;6;0
14;1;6;0
15;1;6;0
16;1;6;0
17;1;6;0
18;1;6;0
19;1;6;0
20;1;6;0
21;1;6;0
22;1;6;0
23;1;6;0
24;1;6;0
25;1;6;0
26;1;6;0
27;1;6;0
28;1;6;0
29;1;6;0
30;1;6;0
31;1;6;0
32;1;6;0
33;1;6;0
34;1;6;0
35;1;6;0
36;1;6;0
37;1;6;0
38;1;6;0
39;1;6;0
40;1;6;0
41;1;6;0
42;1;6;0
43;1;6246;0
44;1;5222;0
45;1;6;0
46;1;6;0
47;1;6;0
48;1;6;0
49;1;6;0
0;2;6;0
1;2;6;0
2;2;6;0
3;2;6;0
4;2;6;0
5;2;6;0
6;2;6;0
7;2;6;0
8;2;6;0
9;2;6;0
10;2;6;0
11;2;6;0
12;2;6;0
13;2;6;0
14;2;6;0
15;2;6;0
16;2;6;0
17;2;6;0
18;2;6;0
19;2;6;0
20;2;6;0
21;2;6;0
22;2;6;0
23;2;6;0
24;2;6;0
25;2;6;0
26;2;6;0
27;2;6;0
28;2;6;0
29;2;6;0
30;2;6;0
31;2;6;0
32;2;6;0
33;2;6;0
34;2;6;0
35;2;6;0
36;2;6;0
37;2;6;0
38;2;6;0
39;2;6;0
40;2;6;0
41;2;6;0
42;2;8294;0
43;2;3;0
44;2;3;0
45;2;4198;0
46;2;6;0
47;2;6;0
48;2;6;0
49;2;6;0
0;3;6;0
1;3;6;0
2;3;6;0
3;3;6;0
4;3;6246;0
5;3;11366;0
6;3;11366;0
7;3;5222;0
8;3;6;0
9;3;6;0
10;3;6;0
11;3;6;0
12;3;6;0
13;3;6;0
14;3;6;0
15;3;6;0
16;3;6;0
17;3;6;0
18;3;6;0
19;3;6;0
20;3;6;0
21;3;6;0
22;3;6;0
23;3;6;0
24;3;6;0
25;3;6;0
26;3;6;0
27;3;6;0
28;3;6;0
29;3;6;0
30;3;6;0
31;3;6;0
32;3;6;0
33;3;6;0
34;3;6;0
35;3;6;0
36;3;6;0
37;3;6;0
38;3;6;0
39;3;6;0
40;3;6;0
41;3;6;0
42;3;12390;0
43;3;3;0
44;3;3;0
45;3;10342;0
46;3;6;0
47;3;6;0
48;3;6;0
49;3;6;0
0;4;6;0
1;4;6;0
2;4;6;0
3;4;8294;0
4;4;3;0
5;4;3;0
6;4;3;0
7;4;3;0
8;4;4198;0
9;4;6;0
10;4;6;0
11;4;6;0
12;4;6;0
13;4;6;0
14;4;6;0
15;4;6;0
16;4;6;0
17;4;6;0
18;4;6;0
19;4;6;0
20;4;6;0
21;4;6;0
22;4;6;0
23;4;6;0
24;4;6;0
25;4;6;0
26;4;6;0
27;4;6;0
28;4;6;0
29;4;6;0
30;4;6;0
31;4;6;0
32;4;6;0
33;4;6;0
34;4;6;0
35;4;6;0
36;4;6;0
37;4;6;0
38;4;6;0
39;4;6;0
40;4;6;0
41;4;6;0
42;4;12390;0
43;4;3;0
44;4;3;0
45;4;10342;0
46;4;6;0
47;4;6;0
48;4;6;0
49;4;6;0
0;5;6;0
1;5;6;0
2;5;6;0
3;5;12390;0
4;5;3;0
5;5;3;0
6;5;3;0
7;5;3;0
8;5;10342;0
9;5;6;0
10;5;6;0
11;5;6;0
12;5;6;0
13;5;6;0
14;5;6;0
15;5;6;0
16;5;6;0
17;5;6;0
18;5;6;0
19;5;6;0
20;5;6;0
21;5;6;0
22;5;6;0
23;5;6;0
24;5;6;0
25;5;6;0
26;5;6;0
27;5;6;0
28;5;6;0
29;5;6;0
30;5;6;0
31;5;6;0
32;5;6;0
33;5;6;0
34;5;6;0
35;5;6;0
36;5;6;0
37;5;6;0
38;5;6;0
39;5;6;0
40;5;6;0
41;5;6;0
42;5;12390;0
43;5;3;0
44;5;3;0
45;5;10342;0
46;5;6;0
47;5;6;0
48;5;6;0
49;5;6;0
0;6;6;0
1;6;6;0
2;6;6;0
3;6;7270;0
4;6;3;0
5;6;3;0
6;6;3;0
7;6;3;0
8;6;3174;0
9;6;6;0
10;6;6;0
11;6;6;0
12;6;6;0
13;6;6;0
14;6;6;0
15;6;6;0
16;6;6;0
17;6;6;0
18;6;6;0
19;6;6;0
20;6;6;0
21;6;6;0
22;6;6;0
23;6;6;0
24;6;6;0
25;6;6;0
26;6;6;0
27;6;6;0
28;6;6;0
29;6;6;0
30;6;6;0
31;6;6;0
32;6;6;0
33;6;6;0
34;6;6;0
35;6;6;0
36;6;6;0
37;6;6;0
38;6;6;0
39;6;6;0
40;6;6;0
41;6;6;0
42;6;7270;0
43;6;3;0
44;6;3;0
45;6;3174;0
46;6;6;0
47;6;6;0
48;6;6;0
49;6;6;0
0;7;6;0
1;7;6;0
2;7;6;0
3;7;6;0
4;7;2150;0
5;7;9318;0
6;7;9318;0
7;7;1126;0
8;7;6;0
9;7;6;0
10;7;6;0
11;7;6;0
12;7;6;0
13;7;6;0
14;7;6;0
15;7;6;0
16;7;6;0
17;7;6;0
18;7;6;0
19;7;6;0
20;7;6;0
21;7;6;0
22;7;6;0
23;7;6;0
24;7;6;0
25;7;6;0
26;7;6;0
27;7;6;0
28;7;6;0
29;7;6;0
30;7;6;0
31;7;6;0
32;7;6;0
33;7;6;0
34;7;6;0
35;7;6;0
36;7;6;0
37;7;6;0
38;7;6;0
39;7;6;0
40;7;6;0
41;7;6;0
42;7;6;0
43;7;2150;0
44;7;1126;0
45;7;6;0
46;7;6;0
47;7;6;0
48;7;6;0
49;7;6;0
0;8;6;0
1;8;6;0
2;8;6;0
3;8;6;0
4;8;6;0
5;8;6;0
6;8;6;0
7;8;6;0
8;8;6;0
9;8;6;0
10;8;6;0
11;8;6;0
12;8;6;0
13;8;6;0
14;8;6;0
15;8;6246;0
16;8;11366;0
17;8;11366;0
18;8;11366;0
19;8;5222;0
20;8;6;0
21;8;6;0
22;8;6;0
23;8;6;0
24;8;6;0
25;8;6;0
26;8;6;0
27;8;6;0
28;8;6;0
29;8;6246;0
30;8;11366;0
31;8;11366;0
32;8;11366;0
33;8;11366;0
34;8;11366;0
35;8;5222;0
36;8;6;0
37;8;6;0
38;8;6;0
39;8;6;0
40;8;6;0
41;8;6;0
42;8;6;0
43;8;6;0
44;8;6;0
45;8;6;0
46;8;6;0
47;8;6;0
48;8;6;0
49;8;6;0
0;9;6;0
1;9;6;0
2;9;6;0
3;9;6;0
4;9;6;0
5;9;6;0
6;9;6;0
7;9;6;0
8;9;6;0
9;9;6;0
10;9;6;0
11;9;6;0
12;9;6;0
13;9;6;0
14;9;8294;0
15;9;3;0
16;9;3;0
17;9;3;0
18;9;3;0
19;9;3;0
20;9;4198;0
21;9;6;0
22;9;6;0
23;9;6;0
24;9;6;0
25;9;6;0
26;9;6;0
27;9;6;0
28;9;8294;0
29;9;3;0
30;9;3;0
31;9;3;0
32;9;3;0
33;9;3;0
34;9;3;0
35;9;3;0
36;9;4198;0
37;9;6;0
38;9;6;0
39;9;6;0
40;9;6;0
41;9;6;0
42;9;6;0
43;9;6;0
44;9;6246;0
45;9;5222;0
46;9;6;0
47;9;6;0
48;9;6;0
49;9;6;0
0;10;6;0
1;10;6;0
2;10;6;0
3;10;6;0
4;10;6;0
5;10;6;0
6;10;6;0
7;10;6;0
8;10;6;0
9;10;6;0
10;10;6;0
11;10;6;0
12;10;6;0
13;10;6;0
14;10;12390;0
15;10;3;0
16;10;3;0
17;10;3;0
18;10;3;0
19;10;3;0
20;10;10342;0
21;10;6;0
22;10;6246;0
23;10;11366;0
24;10;11366;0
25;10;11366;0
26;10;11366;0
27;10;11366;0
28;10;28774;0
29;10;3;0
30;10;3;0
31;10;3;0
32;10;3;0
33;10;3;0
34;10;3;0
35;10;3;0
36;10;3174;0
37;10;6;0
38;10;6;0
39;10;6;0
40;10;6;0
41;10;6;0
42;10;6;0
43;10;8294;0
44;10;3;0
45;10;3;0
46;10;4198;0
47;10;6;0
48;10;6;0
49;10;6;0
0;11;6;0
1;11;6;0
2;11;6;0
3;11;6;0
4;11;6;0
5;11;6;0
6;11;6;0
7;11;6;0
8;11;6;0
9;11;6;0
10;11;6;0
11;11;6;0
12;11;6;0
13;11;6;0
14;11;12390;0
15;11;3;0
16;11;6211;0
17;11;5187;0
18;11;3;0
19;11;3;0
20;11;10342;0
21;11;8294;0
22;11;3;0
23;11;3;0
24;11;6211;0
25;11;11331;0
26;11;5187;0
27;11;3;0
28;11;3;0
29;11;3;0
30;11;25702;0
31;11;9318;0
32;11;9318;0
33;11;9318;0
34;11;9318;0
35;11;1126;0
36;11;6;0
37;11;6;0
38;11;6;0
39;11;6;0
40;11;6;0
41;11;6;0
42;11;6246;0
43;11;28774;0
44;11;3;0
45;11;3;0
46;11;10342;0
47;11;6;0
48;11;6;0
49;11;6;0
0;12;6;0
1;12;6;0
2;12;6;0
3;12;6;0
4;12;6;0
5;12;6;0
6;12;6;0
7;12;6;0
8;12;6;0
9;12;6;0
10;12;6;0
11;12;6;0
12;12;6;0
13;12;6;0
14;12;12390;0
15;12;8259;0
16;12;2;0
17;12;2;0
18;12;4163;0
19;12;3;0
20;12;10342;0
21;12;12390;0
22;12;3;0
23;12;8259;0
24;12;2;0
25;12;2;0
26;12;2;0
27;12;4163;0
28;12;3;0
29;12;3;0
30;12;27750;0
31;12;5222;0
32;12;6;0
33;12;6;0
34;12;6;0
35;12;6;0
36;12;6;0
37;12;6;0
38;12;6;0
39;12;6;0
40;12;6;0
41;12;8294;0
42;12;3;0
43;12;3;0
44;12;3;0
45;12;3;0
46;12;10342;0
47;12;6;0
48;12;6;0
49;12;6;0
0;13;6;0
1;13;6;0
2;13;6;0
3;13;6;0
4;13;6;0
5;13;6;0
6;13;6;0
7;13;6;0
8;13;6;0
9;13;6;0
10;13;6;0
11;13;6246;0
12;13;11366;0
13;13;11366;0
14;13;28774;0
15;13;7235;0
16;13;2;0
17;13;2;0
18;13;3139;0
19;13;3;0
20;13;27750;0
21;13;28774;0
22;13;3;0
23;13;7235;0
24;13;2;0
25;13;2;0
26;13;2;0
27;13;3139;0
28;13;3;0
29;13;3;0
30;13;3;0
31;13;3;0
32;13;4198;0
33;13;6;0
34;13;6;0
35;13;6;0
36;13;6;0
37;13;6;0
38;13;6;0
39;13;6;0
40;13;6;0
41;13;12390;0
42;13;3;0
43;13;3;0
44;13;3;0
45;13;3;0
46;13;3174;0
47;13;6;0
48;13;6;0
49;13;6;0
0;14;6;0
1;14;6;0
2;14;6;0
3;14;6;0
4;14;6;0
5;14;6;0
6;14;6;0
7;14;6;0
8;14;6;0
9;14;6;0
10;14;8294;0
11;14;3;0
12;14;3;0
13;14;3;0
14;14;3;0
15;14;3;0
16;14;2115;0
17;14;1091;0
18;14;3;0
19;14;3;0
20;14;3;0
21;14;3;0
22;14;3;0
23;14;3;0
24;14;2115;0
25;14;9283;0
26;14;1091;0
27;14;3;0
28;14;3;0
29;14;3;0
30;14;3;0
31;14;3;0
32;14;27750;0
33;14;11366;0
34;14;11366;0
35;14;5222;0
36;14;6;0
37;14;6;0
38;14;6;0
39;14;6;0
40;14;6;0
41;14;7270;0
42;14;3;0
43;14;17510;0
44;14;9318;0
45;14;1126;0
46;14;6;0
47;14;6;0
48;14;6;0
49;14;6;0
0;15;6;0
1;15;6;0
2;15;6;0
3;15;6;0
4;15;6;0
5;15;6;0
6;15;6;0
7;15;6;0
8;15;6;0
9;15;6;0
10;15;12390;0
11;15;3;0
12;15;6211;0
13;15;11331;0
14;15;5187;0
15;15;3;0
16;15;3;0
17;15;3;0
18;15;3;0
19;15;6403;0
20;15;11523;0
21;15;11523;0
22;15;11523;0
23;15;11523;0
24;15;11523;0
25;15;11523;0
26;15;11523;0
27;15;5379;0
28;15;3;0
29;15;3;0
30;15;3;0
31;15;3;0
32;15;3;0
33;15;3;0
34;15;3;0
35;15;3;0
36;15;4198;0
37;15;6;0
38;15;6;0
39;15;6;0
40;15;6;0
41;15;6;0
42;15;6;0
43;15;6;0
44;15;6;0
45;15;6;0
46;15;6;0
47;15;6;0
48;15;6;0
49;15;6;0
0;16;6;0
1;16;6;0
2;16;6;0
3;16;6;0
4;16;6;0
5;16;6;0
6;16;6;0
7;16;6;0
8;16;6246;0
9;16;11366;0
10;16;28774;0
11;16;3;0
12;16;2;0
13;16;2;0
14;16;2;0
15;16;3;0
16;16;3;0
17;16;3;0
18;16;8451;0
19;16;8;0
20;16;8;0
21;16;8;0
22;16;8;0
23;16;8;0
24;16;8;0
25;16;8;0
26;16;8;0
27;16;8;0
28;16;4355;0
29;16;3;0
30;16;3;0
31;16;3;0
32;16;3;0
33;16;3;0
34;16;3;0
35;16;3;0
36;16;10342;0
37;16;6;0
38;16;6;0
39;16;6;0
40;16;6;0
41;16;6;0
42;16;6;0
43;16;6;0
44;16;6;0
45;16;6;0
46;16;6;0
47;16;6;0
48;16;6;0
49;16;6;0
0;17;6;0
1;17;6;0
2;17;6;0
3;17;6;0
4;17;6;0
5;17;6;0
6;17;6;0
7;17;8294;0
8;17;3;0
9;17;3;0
10;17;3;0
11;17;3;0
12;17;2115;0
13;17;9283;0
14;17;1091;0
15;17;3;0
16;17;3;0
17;17;6403;0
18;17;28931;0
19;17;8;0
20;17;8;0
21;17;8;0
22;17;8;0
23;17;8;0
24;17;8;0
25;17;8;0
26;17;8;0
27;17;8;0
28;17;27907;0
29;17;11523;0
30;17;11523;0
31;17;5379;0
32;17;3;0
33;17;3;0
34;17;3;0
35;17;3;0
36;17;10342;0
37;17;6;0
38;17;6;0
39;17;6;0
40;17;6;0
41;17;6;0
42;17;6;0
43;17;6;0
44;17;6;0
45;17;6;0
46;17;6;0
47;17;6;0
48;17;6;0
49;17;6;0
0;18;6;0
1;18;6;0
2;18;6;0
3;18;6;0
4;18;6;0
5;18;6;0
6;18;6;0
7;18;12390;0
8;18;3;0
9;18;3;0
10;18;3;0
11;18;3;0
12;18;3;0
13;18;3;0
14;18;3;0
15;18;3;0
16;18;8451;0
17;18;8;0
18;18;8;0
19;18;8;0
20;18;8;0
21;18;8;0
22;18;8;0
23;18;8;0
24;18;8;0
25;18;8;0
26;18;8;0
27;18;8;0
28;18;8;0
29;18;8;0
30;18;8;0
31;18;8;0
32;18;22787;0
33;18;5379;0
34;18;3;0
35;18;3;0
36;18;27750;0
37;18;11366;0
38;18;5222;0
39;18;6;0
40;18;6;0
41;18;6;0
42;18;6;0
43;18;6;0
44;18;6;0
45;18;6;0
46;18;6;0
47;18;6;0
48;18;6;0
49;18;6;0
0;19;6;0
1;19;6;0
2;19;6;0
3;19;6;0
4;19;6;0
5;19;6;0
6;19;6;0
7;19;12390;0
8;19;3;0
9;19;3;0
10;19;3;0
11;19;3;0
12;19;3;0
13;19;3;0
14;19;6403;0
15;19;11523;0
16;19;28931;0
17;19;8;0
18;19;55;0
19;19;55;0
20;19;55;0
21;19;55;0
22;19;55;0
23;19;55;0
24;19;55;0
25;19;55;0
26;19;55;0
27;19;55;0
28;19;55;0
29;19;55;0
30;19;55;0
31;19;8;0
32;19;8;0
33;19;8;0
34;19;4355;0
35;19;3;0
36;19;6211;0
37;19;5187;0
38;19;3;0
39;19;22630;0
40;19;11366;0
41;19;5222;0
42;19;6;0
43;19;6;0
44;19;6;0
45;19;6;0
46;19;6;0
47;19;6;0
48;19;6;0
49;19;6;0
0;20;6;0
1;20;6;0
2;20;6;0
3;20;6;0
4;20;6;0
5;20;6;0
6;20;6;0
7;20;7270;0
8;20;3;0
9;20;3;0
10;20;3;0
11;20;3;0
12;20;6403;0
13;20;21763;0
14;20;8;0
15;20;8;0
16;20;8;0
17;20;8;0
18;20;55;0
19;20;55;0
20;20;55;0
21;20;55;0
22;20;55;0
23;20;55;0
24;20;55;0
25;20;55;0
26;20;55;0
27;20;55;0
28;20;55;0
29;20;55;0
30;20;55;0
31;20;8;0
32;20;8;0
33;20;8;0
34;20;10499;0
35;20;8259;0
36;20;2;0
37;20;2;0
38;20;4163;0
39;20;3;0
40;20;3;0
41;20;3;0
42;20;4198;0
43;20;6;0
44;20;6;0
45;20;6;0
46;20;6;0
47;20;6;0
48;20;6;0
49;20;6;0
0;21;6;0
1;21;6;0
2;21;6;0
3;21;6;0
4;21;6;0
5;21;6;0
6;21;6;0
7;21;6;0
8;21;2150;0
9;21;9318;0
10;21;26726;0
11;21;8451;0
12;21;8;0
13;21;8;0
14;21;8;0
15;21;8;0
16;21;8;0
17;21;8;0
18;21;55;0
19;21;55;0
20;21;55;0
21;21;55;0
22;21;55;0
23;21;55;0
24;21;55;0
25;21;55;0
26;21;45;0
27;21;46;0
28;21;46;0
29;21;47;0
30;21;55;0
31;21;8;0
32;21;8;0
33;21;8;0
34;21;10499;0
35;21;12355;0
36;21;2;0
37;21;2;0
38;21;10307;0
39;21;3;0
40;21;3;0
41;21;3;0
42;21;10342;0
43;21;6;0
44;21;6;0
45;21;6;0
46;21;6;0
47;21;6;0
48;21;6;0
49;21;6;0
0;22;6;0
1;22;6;0
2;22;6;0
3;22;6;0
4;22;6;0
5;22;6;0
6;22;6;0
7;22;6;0
8;22;6;0
9;22;6;0
10;22;12390;0
11;22;12547;0
12;22;8;0
13;22;25863;0
14;22;9479;0
15;22;9479;0
16;22;9479;0
17;22;1287;0
18;22;55;0
19;22;55;0
20;22;55;0
21;22;55;0
22;22;55;0
23;22;55;0
24;22;55;0
25;22;55;0
26;22;48;0
27;22;49;0
28;22;49;0
29;22;50;0
30;22;55;0
31;22;8;0
32;22;8;0
33;22;8;0
34;22;10499;0
35;22;7235;0
36;22;2;0
37;22;2;0
38;22;3139;0
39;22;3;0
40;22;3;0
41;22;3;0
42;22;3174;0
43;22;6;0
44;22;6;0
45;22;6;0
46;22;6;0
47;22;6;0
48;22;6;0
49;22;6;0
0;23;6;0
1;23;6;0
2;23;6;0
3;23;6;0
4;23;6;0
5;23;6;0
6;23;6;0
7;23;6;0
8;23;6246;0
9;23;11366;0
10;23;28774;0
11;23;12547;0
12;23;8;0
13;23;10503;0
14;23;7;0
15;23;7;0
16;23;7;0
17;23;7;0
18;23;55;0
19;23;55;0
20;23;55;0
21;23;55;0
22;23;55;0
23;23;55;0
24;23;55;0
25;23;55;0
26;23;48;0
27;23;49;0
28;23;49;0
29;23;50;0
30;23;55;0
31;23;8;0
32;23;8;0
33;23;8;0
34;23;27907;0
35;23;5379;0
36;23;2115;0
37;23;1091;0
38;23;3;0
39;23;17510;0
40;23;9318;0
41;23;1126;0
42;23;6;0
43;23;6;0
44;23;6;0
45;23;6;0
46;23;6;0
47;23;6;0
48;23;6;0
49;23;6;0
0;24;6;0
1;24;6;0
2;24;6;0
3;24;6;0
4;24;6;0
5;24;6;0
6;24;6;0
7;24;8294;0
8;24;3;0
9;24;3;0
10;24;3;0
11;24;12547;0
12;24;8;0
13;24;27911;0
14;24;11527;0
15;24;11527;0
16;24;11527;0
17;24;5383;0
18;24;55;0
19;24;55;0
20;24;55;0
21;24;55;0
22;24;55;0
23;24;55;0
24;24;55;0
25;24;55;0
26;24;51;0
27;24;52;0
28;24;52;0
29;24;53;0
30;24;55;0
31;24;8;0
32;24;8;0
33;24;8;0
34;24;8;0
35;24;8;0
36;24;4355;0
37;24;3;0
38;24;19558;0
39;24;6;0
40;24;6;0
41;24;6;0
42;24;6;0
43;24;6;0
44;24;6;0
45;24;6;0
46;24;8294;0
47;24;3;0
48;24;4198;0
49;24;6;0
0;25;6;0
1;25;6;0
2;25;6;0
3;25;6;0
4;25;6;0
5;25;6;0
6;25;6;0
7;25;12390;0
8;25;3;0
9;25;3;0
10;25;6211;0
11;25;7427;0
12;25;8;0
13;25;8;0
14;25;8;0
15;25;8;0
16;25;8;0
17;25;8;0
18;25;55;0
19;25;55;0
20;25;55;0
21;25;55;0
22;25;55;0
23;25;55;0
24;25;55;0
25;25;55;0
26;25;55;0
27;25;55;0
28;25;55;0
29;25;55;0
30;25;55;0
31;25;8;0
32;25;8;0
33;25;8;0
34;25;8;0
35;25;8;0
36;25;10499;0
37;25;3;0
38;25;10342;0
39;25;6;0
40;25;6;0
41;25;6;0
42;25;6;0
43;25;6;0
44;25;6;0
45;25;6;0
46;25;12390;0
47;25;3;0
48;25;10342;0
49;25;6;0
0;26;6;0
1;26;6;0
2;26;6;0
3;26;6;0
4;26;6;0
5;26;6;0
6;26;6;0
7;26;12390;0
8;26;3;0
9;26;8259;0
10;26;2;0
11;26;2;0
12;26;2306;0
13;26;26882;0
14;26;8;0
15;26;8;0
16;26;8;0
17;26;8;0
18;26;55;0
19;26;55;0
20;26;55;0
21;26;55;0
22;26;55;0
23;26;55;0
24;26;55;0
25;26;55;0
26;26;55;0
27;26;55;0
28;26;55;0
29;26;55;0
30;26;55;0
31;26;8;0
32;26;8;0
33;26;8;0
34;26;8;0
35;26;8;0
36;26;3331;0
37;26;3;0
38;26;27750;0
39;26;5222;0
40;26;6;0
41;26;6;0
42;26;6;0
43;26;6;0
44;26;6;0
45;26;6;0
46;26;7270;0
47;26;3;0
48;26;3174;0
49;26;6;0
0;27;6;0
1;27;6;0
2;27;6;0
3;27;6;0
4;27;6;0
5;27;6;0
6;27;6;0
7;27;24678;0
8;27;3;0
9;27;12355;0
10;27;2;0
11;27;2;0
12;27;2;0
13;27;7426;0
14;27;8;0
15;27;8;0
16;27;8;0
17;27;8;0
18;27;55;0
19;27;55;0
20;27;55;0
21;27;55;0
22;27;55;0
23;27;55;0
24;27;55;0
25;27;55;0
26;27;55;0
27;27;55;0
28;27;55;0
29;27;55;0
30;27;55;0
31;27;8;0
32;27;25859;0
33;27;9475;0
34;27;9475;0
35;27;1283;0
36;27;3;0
37;27;3;0
38;27;3;0
39;27;3;0
40;27;4198;0
41;27;6;0
42;27;6;0
43;27;6;0
44;27;6;0
45;27;6;0
46;27;6;0
47;27;6;0
48;27;6;0
49;27;6;0
0;28;6;0
1;28;6;0
2;28;6;0
3;28;6;0
4;28;6;0
5;28;6;0
6;28;8294;0
7;28;3;0
8;28;3;0
9;28;12355;0
10;28;2;0
11;28;2;0
12;28;2;0
13;28;2;0
14;28;2306;0
15;28;9475;0
16;28;18691;0
17;28;8;0
18;28;8;0
19;28;8;0
20;28;8;0
21;28;8;0
22;28;8;0
23;28;8;0
24;28;8;0
25;28;8;0
26;28;8;0
27;28;8;0
28;28;8;0
29;28;8;0
30;28;8;0
31;28;8;0
32;28;10499;0
33;28;3;0
34;28;3;0
35;28;3;0
36;28;3;0
37;28;3;0
38;28;3;0
39;28;3;0
40;28;3174;0
41;28;6;0
42;28;6;0
43;28;6;0
44;28;6;0
45;28;6;0
46;28;6;0
47;28;6;0
48;28;6;0
49;28;6;0
0;29;6;0
1;29;6;0
2;29;6;0
3;29;6;0
4;29;6;0
5;29;6;0
6;29;12390;0
7;29;3;0
8;29;3;0
9;29;12355;0
10;29;2;0
11;29;2;0
12;29;2;0
13;29;2;0
14;29;19523;0
15;29;3;0
16;29;3;0
17;29;2307;0
18;29;18691;0
19;29;8;0
20;29;8;0
21;29;8;0
22;29;8;0
23;29;8;0
24;29;8;0
25;29;8;0
26;29;8;0
27;29;8;0
28;29;8;0
29;29;8;0
30;29;8;0
31;29;8;0
32;29;3331;0
33;29;3;0
34;29;3;0
35;29;3;0
36;29;3;0
37;29;3;0
38;29;17510;0
39;29;1126;0
40;29;6;0
41;29;6;0
42;29;6;0
43;29;6;0
44;29;6;0
45;29;6;0
46;29;6;0
47;29;6;0
48;29;6;0
49;29;6;0
0;30;6;0
1;30;6;0
2;30;6;0
3;30;6;0
4;30;6;0
5;30;6;0
6;30;12390;0
7;30;3;0
8;30;3;0
9;30;7235;0
10;30;2;0
11;30;2;0
12;30;2;0
13;30;2;0
14;30;3139;0
15;30;3;0
16;30;3;0
17;30;3;0
18;30;3;0
19;30;23811;0
20;30;8;0
21;30;8;0
22;30;8;0
23;30;17667;0
24;30;9475;0
25;30;9475;0
26;30;9475;0
27;30;9475;0
28;30;9475;0
29;30;9475;0
30;30;9475;0
31;30;1283;0
32;30;3;0
33;30;3;0
34;30;3;0
35;30;3;0
36;30;25702;0
37;30;1126;0
38;30;6;0
39;30;6;0
40;30;6;0
41;30;6;0
42;30;6;0
43;30;6;0
44;30;6;0
45;30;6;0
46;30;6;0
47;30;6;0
48;30;6;0
49;30;6;0
0;31;6;0
1;31;6;0
2;31;6;0
3;31;6;0
4;31;6;0
5;31;6;0
6;31;7270;0
7;31;3;0
8;31;3;0
9;31;3;0
10;31;2115;0
11;31;9283;0
12;31;9283;0
13;31;1091;0
14;31;3;0
15;31;3;0
16;31;3;0
17;31;3;0
18;31;3;0
19;31;12547;0
20;31;8;0
21;31;8;0
22;31;13571;0
23;31;6627;0
24;31;11747;0
25;31;11747;0
26;31;5603;0
27;31;3;0
28;31;3;0
29;31;3;0
30;31;3;0
31;31;25702;0
32;31;9318;0
33;31;18534;0
34;31;3;0
35;31;3;0
36;31;3174;0
37;31;6;0
38;31;6;0
39;31;6;0
40;31;6;0
41;31;6;0
42;31;6;0
43;31;6;0
44;31;6;0
45;31;6;0
46;31;6;0
47;31;6;0
48;31;6;0
49;31;6;0
0;32;6;0
1;32;6;0
2;32;6;0
3;32;6;0
4;32;6;0
5;32;6;0
6;32;6;0
7;32;2150;0
8;32;9318;0
9;32;26726;0
10;32;3;0
11;32;3;0
12;32;3;0
13;32;25702;0
14;32;9318;0
15;32;9318;0
16;32;26726;0
17;32;3;0
18;32;3;0
19;32;12547;0
20;32;8;0
21;32;19715;0
22;32;8675;0
23;32;15;0
24;32;15;0
25;32;15;0
26;32;15;0
27;32;4579;0
28;32;3;0
29;32;3;0
30;32;3;0
31;32;3174;0
32;32;6;0
33;32;6;0
34;32;2150;0
35;32;1126;0
36;32;6;0
37;32;6;0
38;32;6;0
39;32;6;0
40;32;6;0
41;32;6;0
42;32;6;0
43;32;6;0
44;32;6;0
45;32;6;0
46;32;6;0
47;32;6;0
48;32;6;0
49;32;6;0
0;33;6;0
1;33;6;0
2;33;6;0
3;33;6;0
4;33;6;0
5;33;6;0
6;33;6;0
7;33;6;0
8;33;6;0
9;33;12390;0
10;33;3;0
11;33;3;0
12;33;3;0
13;33;10342;0
14;33;6;0
15;33;6;0
16;33;7270;0
17;33;3;0
18;33;3;0
19;33;12547;0
20;33;8;0
21;33;10499;0
22;33;12771;0
23;33;15;0
24;33;15;0
25;33;15;0
26;33;15;0
27;33;10723;0
28;33;25702;0
29;33;9318;0
30;33;1126;0
31;33;6;0
32;33;6;0
33;33;6;0
34;33;6;0
35;33;6;0
36;33;6;0
37;33;6;0
38;33;6246;0
39;33;5222;0
40;33;6;0
41;33;6;0
42;33;6;0
43;33;6;0
44;33;6;0
45;33;6;0
46;33;6;0
47;33;6;0
48;33;6;0
49;33;6;0
0;34;6;0
1;34;6;0
2;34;6;0
3;34;6;0
4;34;6;0
5;34;6;0
6;34;6;0
7;34;6;0
8;34;6;0
9;34;12390;0
10;34;3;0
11;34;3;0
12;34;3;0
13;34;10342;0
14;34;6;0
15;34;6;0
16;34;6;0
17;34;2150;0
18;34;26726;0
19;34;7427;0
20;34;8;0
21;34;3331;0
22;34;12771;0
23;34;15;0
24;34;15;0
25;34;15;0
26;34;15;0
27;34;10723;0
28;34;10342;0
29;34;6;0
30;34;6;0
31;34;6;0
32;34;6;0
33;34;6;0
34;34;6;0
35;34;6;0
36;34;6;0
37;34;8294;0
38;34;3;0
39;34;3;0
40;34;4198;0
41;34;6;0
42;34;6;0
43;34;6;0
44;34;6;0
45;34;6;0
46;34;6;0
47;34;6;0
48;34;6;0
49;34;6;0
0;35;6;0
1;35;6;0
2;35;6;0
3;35;6;0
4;35;6;0
5;35;6;0
6;35;6;0
7;35;6;0
8;35;6;0
9;35;7270;0
10;35;3;0
11;35;3;0
12;35;3;0
13;35;3174;0
14;35;6;0
15;35;6;0
16;35;6;0
17;35;6;0
18;35;12390;0
19;35;3;0
20;35;3;0
21;35;3;0
22;35;7651;0
23;35;15;0
24;35;15;0
25;35;15;0
26;35;15;0
27;35;3555;0
28;35;10342;0
29;35;6;0
30;35;6;0
31;35;6;0
32;35;6;0
33;35;6;0
34;35;6;0
35;35;6;0
36;35;6;0
37;35;12390;0
38;35;3;0
39;35;3;0
40;35;10342;0
41;35;6;0
42;35;6;0
43;35;6;0
44;35;6;0
45;35;6;0
46;35;6;0
47;35;6;0
48;35;6;0
49;35;6;0
0;36;6;0
1;36;6;0
2;36;6;0
3;36;6;0
4;36;6;0
5;36;6;0
6;36;6;0
7;36;6;0
8;36;6;0
9;36;6;0
10;36;2150;0
11;36;9318;0
12;36;1126;0
13;36;6;0
14;36;6;0
15;36;6;0
16;36;6;0
17;36;6;0
18;36;12390;0
19;36;3;0
20;36;3;0
21;36;3;0
22;36;3;0
23;36;2531;0
24;36;9699;0
25;36;9699;0
26;36;1507;0
27;36;3;0
28;36;10342;0
29;36;6;0
30;36;6;0
31;36;6;0
32;36;6;0
33;36;6;0
34;36;6;0
35;36;6;0
36;36;6;0
37;36;7270;0
38;36;3;0
39;36;3;0
40;36;3174;0
41;36;6;0
42;36;6;0
43;36;6;0
44;36;6;0
45;36;6;0
46;36;6;0
47;36;6;0
48;36;6;0
49;36;6;0
0;37;6;0
1;37;6;0
2;37;6;0
3;37;6;0
4;37;6;0
5;37;6;0
6;37;6;0
7;37;6;0
8;37;6;0
9;37;6;0
10;37;6;0
11;37;6;0
12;37;6;0
13;37;6;0
14;37;6;0
15;37;6;0
16;37;6;0
17;37;6;0
18;37;7270;0
19;37;3;0
20;37;3;0
21;37;3;0
22;37;3;0
23;37;3;0
24;37;3;0
25;37;3;0
26;37;3;0
27;37;3;0
28;37;3174;0
29;37;6;0
30;37;6;0
31;37;6;0
32;37;6;0
33;37;6;0
34;37;6;0
35;37;6;0
36;37;6;0
37;37;6;0
38;37;2150;0
39;37;1126;0
40;37;6;0
41;37;6;0
42;37;6;0
43;37;6;0
44;37;6;0
45;37;6;0
46;37;6;0
47;37;6;0
48;37;6;0
49;37;6;0
0;38;6;0
1;38;6;0
2;38;6;0
3;38;6;0
4;38;6;0
5;38;6;0
6;38;6;0
7;38;6;0
8;38;6;0
9;38;6;0
10;38;6;0
11;38;6;0
12;38;6;0
13;38;6;0
14;38;6;0
15;38;6;0
16;38;6;0
17;38;6;0
18;38;6;0
19;38;2150;0
20;38;9318;0
21;38;9318;0
22;38;26726;0
23;38;3;0
24;38;3;0
25;38;25702;0
26;38;9318;0
27;38;1126;0
28;38;6;0
29;38;6;0
30;38;6;0
31;38;6;0
32;38;6;0
33;38;6;0
34;38;6;0
35;38;6;0
36;38;6;0
37;38;6;0
38;38;6;0
39;38;6;0
40;38;6;0
41;38;6;0
42;38;6;0
43;38;6;0
44;38;6;0
45;38;6;0
46;38;6;0
47;38;6;0
48;38;6;0
49;38;6;0
0;39;6;0
1;39;6;0
2;39;6;0
3;39;6;0
4;39;6;0
5;39;6;0
6;39;6;0
7;39;6;0
8;39;6;0
9;39;6;0
10;39;6;0
11;39;6;0
12;39;6;0
13;39;6;0
14;39;6;0
15;39;6;0
16;39;6;0
17;39;6;0
18;39;6;0
19;39;6;0
20;39;6;0
21;39;6;0
22;39;7270;0
23;39;3;0
24;39;3;0
25;39;3174;0
26;39;6;0
27;39;6;0
28;39;6;0
29;39;6;0
30;39;6;0
31;39;6;0
32;39;6;0
33;39;6;0
34;39;6;0
35;39;6;0
36;39;6;0
37;39;6;0
38;39;6;0
39;39;6;0
40;39;6;0
41;39;6;0
42;39;6246;0
43;39;11366;0
44;39;5222;0
45;39;6;0
46;39;6;0
47;39;6;0
48;39;6;0
49;39;6;0
0;40;6;0
1;40;6;0
2;40;6;0
3;40;6;0
4;40;6246;0
5;40;11366;0
6;40;11366;0
7;40;5222;0
8;40;6;0
9;40;6;0
10;40;6;0
11;40;6;0
12;40;6;0
13;40;6;0
14;40;6;0
15;40;6;0
16;40;6;0
17;40;6;0
18;40;6;0
19;40;6;0
20;40;6;0
21;40;6;0
22;40;6;0
23;40;2150;0
24;40;1126;0
25;40;6;0
26;40;6;0
27;40;6;0
28;40;6;0
29;40;6;0
30;40;6;0
31;40;6;0
32;40;6;0
33;40;6;0
34;40;6246;0
35;40;11366;0
36;40;5222;0
37;40;6;0
38;40;6;0
39;40;6;0
40;40;6;0
41;40;8294;0
42;40;3;0
43;40;3;0
44;40;3;0
45;40;22630;0
46;40;11366;0
47;40;5222;0
48;40;6;0
49;40;6;0
0;41;6;0
1;41;6;0
2;41;6;0
3;41;8294;0
4;41;3;0
5;41;3;0
6;41;3;0
7;41;3;0
8;41;4198;0
9;41;6;0
10;41;6;0
11;41;6;0
12;41;6;0
13;41;6;0
14;41;6;0
15;41;6;0
16;41;6;0
17;41;6;0
18;41;6;0
19;41;6;0
20;41;6;0
21;41;6;0
22;41;6;0
23;41;6;0
24;41;6;0
25;41;6;0
26;41;6;0
27;41;6;0
28;41;6;0
29;41;6;0
30;41;6;0
31;41;6;0
32;41;6;0
33;41;8294;0
34;41;3;0
35;41;3;0
36;41;3;0
37;41;4198;0
38;41;6;0
39;41;6;0
40;41;6;0
41;41;12390;0
42;41;3;0
43;41;3;0
44;41;6211;0
45;41;5187;0
46;41;3;0
47;41;3;0
48;41;4198;0
49;41;6;0
0;42;6;0
1;42;6;0
2;42;6;0
3;42;7270;0
4;42;3;0
5;42;3;0
6;42;3;0
7;42;3;0
8;42;3174;0
9;42;6;0
10;42;6;0
11;42;6;0
12;42;6;0
13;42;6;0
14;42;6;0
15;42;6;0
16;42;6;0
17;42;6;0
18;42;6;0
19;42;6;0
20;42;6;0
21;42;6;0
22;42;6;0
23;42;6;0
24;42;6;0
25;42;6;0
26;42;6;0
27;42;6;0
28;42;6;0
29;42;6;0
30;42;6;0
31;42;6;0
32;42;6;0
33;42;12390;0
34;42;8259;0
35;42;2;0
36;42;4163;0
37;42;10342;0
38;42;6;0
39;42;6;0
40;42;6;0
41;42;12390;0
42;42;3;0
43;42;8259;0
44;42;2;0
45;42;2;0
46;42;15427;0
47;42;3;0
48;42;10342;0
49;42;6;0
0;43;6;0
1;43;6;0
2;43;6;0
3;43;6;0
4;43;2150;0
5;43;9318;0
6;43;9318;0
7;43;1126;0
8;43;6;0
9;43;6;0
10;43;6;0
11;43;6;0
12;43;6246;0
13;43;11366;0
14;43;5222;0
15;43;6;0
16;43;6;0
17;43;6;0
18;43;6;0
19;43;6;0
20;43;6;0
21;43;6;0
22;43;6;0
23;43;6;0
24;43;6;0
25;43;6;0
26;43;6;0
27;43;6;0
28;43;6;0
29;43;6;0
30;43;6;0
31;43;6;0
32;43;6;0
33;43;12390;0
34;43;7235;0
35;43;2;0
36;43;3139;0
37;43;10342;0
38;43;6;0
39;43;6;0
40;43;6;0
41;43;12390;0
42;43;3;0
43;43;7235;0
44;43;2;0
45;43;2;0
46;43;2;0
47;43;3;0
48;43;10342;0
49;43;6;0
0;44;6;0
1;44;6;0
2;44;6;0
3;44;6;0
4;44;6;0
5;44;6;0
6;44;6;0
7;44;6;0
8;44;6;0
9;44;6;0
10;44;6;0
11;44;6;0
12;44;3;0
13;44;3;0
14;44;3;0
15;44;6;0
16;44;6;0
17;44;6;0
18;44;6;0
19;44;6;0
20;44;6;0
21;44;6;0
22;44;6;0
23;44;6;0
24;44;6;0
25;44;6;0
26;44;6;0
27;44;6;0
28;44;6;0
29;44;6;0
30;44;6;0
31;44;6;0
32;44;6;0
33;44;7270;0
34;44;3;0
35;44;3;0
36;44;3;0
37;44;3174;0
38;44;6;0
39;44;6;0
40;44;6;0
41;44;7270;0
42;44;3;0
43;44;3;0
44;44;2115;0
45;44;9283;0
46;44;1091;0
47;44;3;0
48;44;3174;0
49;44;6;0
0;45;6;0
1;45;6;0
2;45;6;0
3;45;6;0
4;45;6;0
5;45;6;0
6;45;6;0
7;45;6;0
8;45;6;0
9;45;6;0
10;45;6;0
11;45;6;0
12;45;2150;0
13;45;9318;0
14;45;1126;0
15;45;6;0
16;45;6;0
17;45;6;0
18;45;6;0
19;45;6;0
20;45;6;0
21;45;6;0
22;45;6;0
23;45;6;0
24;45;6;0
25;45;6;0
26;45;6;0
27;45;6;0
28;45;6;0
29;45;6;0
30;45;6;0
31;45;6;0
32;45;6;0
33;45;6;0
34;45;2150;0
35;45;9318;0
36;45;1126;0
37;45;6;0
38;45;6;0
39;45;6;0
40;45;6;0
41;45;6;0
42;45;2150;0
43;45;9318;0
44;45;9318;0
45;45;9318;0
46;45;9318;0
47;45;1126;0
48;45;6;0
49;45;6;0
0;46;6;0
1;46;6;0
2;46;6;0
3;46;6;0
4;46;6;0
5;46;6;0
6;46;6;0
7;46;6;0
8;46;6;0
9;46;6;0
10;46;6;0
11;46;6;0
12;46;6;0
13;46;6;0
14;46;6;0
15;46;6;0
16;46;6;0
17;46;6;0
18;46;6;0
19;46;6;0
20;46;6;0
21;46;6;0
22;46;6;0
23;46;6;0
24;46;6;0
25;46;6;0
26;46;6;0
27;46;6;0
28;46;6;0
29;46;6;0
30;46;6;0
31;46;6;0
32;46;6;0
33;46;6;0
34;46;6;0
35;46;6;0
36;46;6;0
37;46;6;0
38;46;6;0
39;46;6;0
40;46;6;0
41;46;6;0
42;46;6;0
43;46;6;0
44;46;6;0
45;46;6;0
46;46;6;0
47;46;6;0
48;46;6;0
49;46;6;0
0;47;6;0
1;47;6;0
2;47;6;0
3;47;6;0
4;47;6;0
5;47;6;0
6;47;6;0
7;47;6;0
8;47;6;0
9;47;6;0
10;47;6;0
11;47;6;0
12;47;6;0
13;47;6;0
14;47;6;0
15;47;6;0
16;47;6;0
17;47;6;0
18;47;6;0
19;47;6;0
20;47;6;0
21;47;6;0
22;47;6;0
23;47;6;0
24;47;6;0
25;47;6;0
26;47;6;0
27;47;6;0
28;47;6;0
29;47;6;0
30;47;6;0
31;47;6;0
32;47;6;0
33;47;6;0
34;47;6;0
35;47;6;0
36;47;6;0
37;47;6;0
38;47;6;0
39;47;6;0
40;47;6;0
41;47;6;0
42;47;6;0
43;47;6;0
44;47;6;0
45;47;6;0
46;47;6;0
47;47;6;0
48;47;6;0
49;47;6;0
0;48;6;0
1;48;6;0
2;48;6;0
3;48;6;0
4;48;6;0
5;48;6;0
6;48;6;0
7;48;6;0
8;48;6;0
9;48;6;0
10;48;6;0
11;48;6;0
12;48;6;0
13;48;6;0
14;48;6;0
15;48;6;0
16;48;6;0
17;48;6;0
18;48;6;0
19;48;6;0
20;48;6;0
21;48;6;0
22;48;6;0
23;48;6;0
24;48;6;0
25;48;6;0
26;48;6;0
27;48;6;0
28;48;6;0
29;48;6;0
30;48;6;0
31;48;6;0
32;48;6;0
33;48;6;0
34;48;6;0
35;48;6;0
36;48;6;0
37;48;6;0
38;48;6;0
39;48;6;0
40;48;6;0
41;48;6;0
42;48;6;0
43;48;6;0
44;48;6;0
45;48;6;0
46;48;6;0
47;48;6;0
48;48;6;0
49;48;6;0
0;49;6;0
1;49;6;0
2;49;6;0
3;49;6;0
4;49;6;0
5;49;6;0
6;49;6;0
7;49;6;0
8;49;6;0
9;49;6;0
10;49;6;0
11;49;6;0
12;49;6;0
13;49;6;0
14;49;6;0
15;49;6;0
16;49;6;0
17;49;6;0
18;49;6;0
19;49;6;0
20;49;6;0
21;49;6;0
22;49;6;0
23;49;6;0
24;49;6;0
25;49;6;0
26;49;6;0
27;49;6;0
28;49;6;0
29;49;6;0
30;49;6;0
31;49;6;0
32;49;6;0
33;49;6;0
34;49;6;0
35;49;6;0
36;49;6;0
37;49;6;0
38;49;6;0
39;49;6;0
40;49;6;0
41;49;6;0
42;49;6;0
43;49;6;0
44;49;6;0
45;49;6;0
46;49;6;0
47;49;6;0
48;49;6;0
49;49;6;0
