10;3;0;677;0;333
11;3;0;672;0;333
11;3;0;395;0;333
12;3;0;672;0;333
13;3;0;672;0;333
14;3;0;672;0;333
15;3;0;672;0;333
16;3;0;672;0;333
17;3;0;672;0;333
18;3;0;672;0;333
19;3;0;672;0;333
20;3;0;672;0;333
21;3;0;672;0;333
22;3;0;672;0;333
23;3;0;672;0;333
24;3;0;672;0;333
25;3;0;672;0;333
26;3;0;672;0;333
27;3;0;672;0;333
28;3;0;672;0;333
29;3;0;672;0;333
30;3;0;672;0;333
31;3;0;672;0;333
32;3;0;672;0;333
33;3;0;672;0;333
34;3;0;672;0;333
35;3;0;672;0;333
36;3;0;672;0;333
37;3;0;672;0;333
38;3;0;672;0;333
39;3;0;672;0;333
40;3;0;672;0;333
41;3;0;672;0;333
42;3;0;672;0;333
43;3;0;672;0;333
44;3;0;672;0;333
45;3;0;672;0;333
46;3;0;672;0;333
47;3;0;672;0;333
48;3;0;672;0;333
49;3;0;672;0;333
50;3;0;672;0;333
51;3;0;672;0;333
52;3;0;672;0;333
53;3;0;672;0;333
54;3;0;672;0;333
55;3;0;676;0;333
55;3;0;395;0;333
10;4;0;674;0;333
55;4;0;675;0;333
10;5;0;674;0;333
40;5;0;614;0;333
41;5;0;614;0;333
55;5;0;675;0;333
10;6;0;674;0;333
40;6;0;617;0;333
41;6;0;617;0;333
55;6;0;675;0;333
10;7;0;674;0;333
14;7;0;504;0;333
14;7;0;501;0;333
15;7;0;432;0;333
16;7;0;432;0;333
17;7;0;432;0;333
18;7;0;432;0;333
19;7;0;432;0;333
20;7;0;432;0;333
21;7;0;432;0;333
21;7;0;433;0;333
24;7;0;677;0;333
25;7;0;672;0;333
26;7;0;672;0;333
27;7;0;672;0;333
28;7;0;672;0;333
29;7;0;633;0;333
29;7;0;634;0;333
30;7;0;633;0;333
31;7;0;633;0;333
32;7;0;637;0;333
33;7;0;637;0;333
34;7;0;633;0;333
35;7;0;633;0;333
35;7;0;634;0;333
36;7;0;637;0;333
37;7;0;637;0;333
38;7;0;633;0;333
39;7;0;633;0;333
40;7;0;653;0;333
41;7;0;657;0;333
42;7;0;633;0;333
43;7;0;633;0;333
43;7;0;634;0;333
44;7;0;637;0;333
45;7;0;637;0;333
46;7;0;633;0;333
47;7;0;633;0;333
47;7;0;395;0;333
48;7;0;637;0;333
49;7;0;637;0;333
50;7;0;633;0;333
51;7;0;681;0;333
55;7;0;675;0;333
10;8;0;674;0;333
14;8;0;501;0;333
21;8;0;433;0;333
24;8;0;674;0;333
29;8;0;638;0;333
30;8;0;218;0;333
32;8;0;267;0;333
34;8;0;267;0;333
35;8;0;634;0;333
36;8;0;2832;0;333
37;8;0;319;0;333
42;8;0;403;0;333
43;8;0;634;0;333
44;8;0;267;0;333
45;8;0;217;0;333
46;8;0;36;0;333
47;8;0;219;0;333
51;8;0;639;0;333
55;8;0;675;0;333
10;9;0;674;0;333
14;9;0;501;0;333
21;9;0;433;0;333
24;9;0;674;0;333
29;9;0;638;0;333
30;9;0;320;0;333
35;9;0;634;0;333
43;9;0;634;0;333
46;9;0;216;0;333
48;9;0;1367;0;333
49;9;0;742;0;333
51;9;0;639;0;333
55;9;0;675;0;333
10;10;0;674;0;333
14;10;0;501;0;333
21;10;0;433;0;333
24;10;0;674;0;333
29;10;0;634;0;333
30;10;0;218;0;333
32;10;0;267;0;333
34;10;0;267;0;333
35;10;0;634;0;333
43;10;0;634;0;333
51;10;0;635;0;333
55;10;0;675;0;333
10;11;0;674;0;333
14;11;0;501;0;333
21;11;0;433;0;333
24;11;0;674;0;333
28;11;0;403;0;333
29;11;0;634;0;333
30;11;0;320;0;333
32;11;0;395;0;333
34;11;0;395;0;333
35;11;0;634;0;333
35;11;0;632;0;333
36;11;0;632;0;333
37;11;0;632;0;333
38;11;0;632;0;333
39;11;0;664;0;333
40;11;0;668;0;333
41;11;0;632;0;333
42;11;0;632;0;333
43;11;0;634;0;333
43;11;0;632;0;333
44;11;0;652;0;333
45;11;0;656;0;333
46;11;0;632;0;333
47;11;0;632;0;333
48;11;0;632;0;333
49;11;0;632;0;333
50;11;0;632;0;333
51;11;0;639;0;333
51;11;0;632;0;333
55;11;0;675;0;333
10;12;0;674;0;333
14;12;0;501;0;333
21;12;0;433;0;333
24;12;0;674;0;333
29;12;0;654;0;333
35;12;0;666;0;333
38;12;0;2905;0;333
42;12;0;401;0;333
47;12;0;401;0;333
49;12;0;2907;0;333
51;12;0;639;0;333
55;12;0;675;0;333
10;13;0;674;0;333
14;13;0;503;0;333
15;13;0;500;0;333
16;13;0;500;0;333
17;13;0;500;0;333
18;13;0;500;0;333
19;13;0;500;0;333
20;13;0;500;0;333
21;13;0;502;0;333
21;13;0;500;0;333
24;13;0;674;0;333
29;13;0;658;0;333
35;13;0;662;0;333
51;13;0;635;0;333
55;13;0;675;0;333
10;14;0;674;0;333
24;14;0;674;0;333
28;14;0;403;0;333
29;14;0;634;0;333
32;14;0;395;0;333
34;14;0;395;0;333
35;14;0;634;0;333
39;14;0;212;0;333
40;14;0;212;0;333
41;14;0;212;0;333
42;14;0;212;0;333
43;14;0;212;0;333
44;14;0;212;0;333
45;14;0;212;0;333
46;14;0;212;0;333
51;14;0;635;0;333
51;14;0;690;0;333
51;14;0;632;0;333
55;14;0;675;0;333
10;15;0;674;0;333
24;15;0;674;0;333
29;15;0;634;0;333
30;15;0;320;0;333
32;15;0;267;0;333
34;15;0;267;0;333
35;15;0;634;0;333
39;15;0;2880;0;333
40;15;0;2880;0;333
40;15;0;2853;0;333
41;15;0;2880;0;333
42;15;0;2880;0;333
43;15;0;2880;0;333
44;15;0;2880;0;333
45;15;0;2880;0;333
45;15;0;2853;0;333
50;15;0;269;0;333
51;15;0;635;0;333
51;15;0;632;0;333
51;15;0;634;0;333
55;15;0;675;0;333
10;16;0;674;0;333
24;16;0;674;0;333
29;16;0;638;0;333
30;16;0;216;0;333
35;16;0;634;0;333
39;16;0;214;0;333
40;16;0;214;0;333
41;16;0;214;0;333
42;16;0;214;0;333
43;16;0;214;0;333
44;16;0;214;0;333
45;16;0;214;0;333
46;16;0;214;0;333
49;16;0;2878;0;333
51;16;0;639;0;333
55;16;0;675;0;333
10;17;0;674;0;333
24;17;0;674;0;333
29;17;0;638;0;333
30;17;0;320;0;333
32;17;0;267;0;333
34;17;0;267;0;333
35;17;0;634;0;333
48;17;0;2879;0;333
49;17;0;2878;0;333
51;17;0;639;0;333
55;17;0;675;0;333
10;18;0;674;0;333
13;18;0;433;0;333
14;18;0;432;0;333
15;18;0;432;0;333
16;18;0;432;0;333
17;18;0;432;0;333
18;18;0;432;0;333
19;18;0;432;0;333
20;18;0;432;0;333
21;18;0;432;0;333
21;18;0;433;0;333
24;18;0;674;0;333
28;18;0;36;0;333
28;18;0;2708;0;333
29;18;0;634;0;333
30;18;0;216;0;333
35;18;0;634;0;333
39;18;0;212;0;333
40;18;0;212;0;333
41;18;0;212;0;333
42;18;0;212;0;333
43;18;0;212;0;333
44;18;0;212;0;333
45;18;0;212;0;333
46;18;0;212;0;333
48;18;0;2879;0;333
49;18;0;2878;0;333
51;18;0;635;0;333
55;18;0;675;0;333
10;19;0;674;0;333
13;19;0;433;0;333
21;19;0;433;0;333
24;19;0;674;0;333
28;19;0;675;0;333
28;19;0;220;0;333
28;19;0;64;0;333
29;19;0;633;0;333
29;19;0;688;0;333
30;19;0;633;0;333
31;19;0;637;0;333
32;19;0;637;0;333
33;19;0;633;0;333
34;19;0;633;0;333
35;19;0;634;0;333
39;19;0;2880;0;333
40;19;0;2880;0;333
40;19;0;2853;0;333
41;19;0;2880;0;333
42;19;0;2880;0;333
43;19;0;2880;0;333
44;19;0;2880;0;333
45;19;0;2880;0;333
45;19;0;2853;0;333
51;19;0;639;0;333
51;19;0;695;0;333
55;19;0;675;0;333
10;20;0;674;0;333
13;20;0;433;0;333
21;20;0;433;0;333
24;20;0;674;0;333
28;20;0;675;0;333
35;20;0;638;0;333
39;20;0;214;0;333
40;20;0;214;0;333
41;20;0;214;0;333
42;20;0;214;0;333
43;20;0;214;0;333
44;20;0;214;0;333
45;20;0;214;0;333
46;20;0;214;0;333
51;20;0;639;0;333
55;20;0;675;0;333
10;21;0;674;0;333
13;21;0;433;0;333
21;21;0;433;0;333
24;21;0;674;0;333
28;21;0;675;0;333
35;21;0;638;0;333
50;21;0;2832;0;333
51;21;0;635;0;333
55;21;0;675;0;333
10;22;0;674;0;333
13;22;0;433;0;333
21;22;0;433;0;333
24;22;0;512;0;333
24;22;0;678;0;333
25;22;0;673;0;333
26;22;0;673;0;333
27;22;0;673;0;333
28;22;0;679;0;333
35;22;0;682;0;333
36;22;0;636;0;333
37;22;0;636;0;333
38;22;0;632;0;333
39;22;0;632;0;333
40;22;0;636;0;333
41;22;0;636;0;333
42;22;0;632;0;333
43;22;0;632;0;333
44;22;0;636;0;333
45;22;0;636;0;333
46;22;0;632;0;333
47;22;0;632;0;333
48;22;0;636;0;333
49;22;0;636;0;333
50;22;0;632;0;333
51;22;0;683;0;333
55;22;0;675;0;333
10;23;0;674;0;333
13;23;0;433;0;333
21;23;0;433;0;333
55;23;0;675;0;333
10;24;0;674;0;333
14;24;0;432;0;333
15;24;0;432;0;333
16;24;0;432;0;333
17;24;0;432;0;333
18;24;0;432;0;333
19;24;0;432;0;333
20;24;0;432;0;333
21;24;0;432;0;333
55;24;0;675;0;333
10;25;0;674;0;333
55;25;0;675;0;333
10;26;0;674;0;333
55;26;0;675;0;333
10;27;0;674;0;333
55;27;0;675;0;333
10;28;0;674;0;333
17;28;0;433;0;333
18;28;0;432;0;333
18;28;0;346;0;333
18;28;0;473;0;333
18;28;0;688;0;333
19;28;0;494;0;333
20;28;0;474;0;333
21;28;0;474;0;333
22;28;0;494;0;333
23;28;0;474;0;333
24;28;0;474;0;333
24;28;0;401;0;333
25;28;0;494;0;333
26;28;0;474;0;333
27;28;0;474;0;333
28;28;0;494;0;333
29;28;0;689;0;333
29;28;0;347;0;333
35;28;0;490;0;333
36;28;0;489;0;333
36;28;0;359;0;333
37;28;0;488;0;333
37;28;0;341;0;333
38;28;0;488;0;333
38;28;0;341;0;333
39;28;0;488;0;333
39;28;0;341;0;333
40;28;0;488;0;333
40;28;0;341;0;333
41;28;0;488;0;333
41;28;0;341;0;333
42;28;0;488;0;333
42;28;0;341;0;333
43;28;0;488;0;333
43;28;0;341;0;333
44;28;0;488;0;333
44;28;0;341;0;333
45;28;0;488;0;333
45;28;0;341;0;333
46;28;0;488;0;333
46;28;0;341;0;333
47;28;0;488;0;333
47;28;0;341;0;333
48;28;0;488;0;333
48;28;0;341;0;333
49;28;0;488;0;333
49;28;0;341;0;333
50;28;0;488;0;333
50;28;0;341;0;333
51;28;0;488;0;333
51;28;0;341;0;333
52;28;0;489;0;333
55;28;0;675;0;333
10;29;0;674;0;333
12;29;0;433;0;333
13;29;0;432;0;333
14;29;0;432;0;333
15;29;0;432;0;333
16;29;0;432;0;333
16;29;0;433;0;333
17;29;0;433;0;333
18;29;0;918;0;333
20;29;0;212;0;333
25;29;0;2832;0;333
26;29;0;276;0;333
27;29;0;2041;0;333
28;29;0;275;0;333
29;29;0;919;0;333
35;29;0;344;0;333
36;29;0;491;0;333
52;29;0;492;0;333
52;29;0;343;0;333
55;29;0;675;0;333
10;30;0;674;0;333
12;30;0;433;0;333
16;30;0;433;0;333
17;30;0;433;0;333
18;30;0;342;0;333
19;30;0;213;0;333
20;30;0;36;0;333
20;30;0;2853;0;333
21;30;0;215;0;333
22;30;0;433;0;333
23;30;0;432;0;333
24;30;0;432;0;333
25;30;0;432;0;333
26;30;0;432;0;333
27;30;0;432;0;333
28;30;0;432;0;333
29;30;0;921;0;333
29;30;0;432;0;333
35;30;0;492;0;333
35;30;0;343;0;333
52;30;0;492;0;333
52;30;0;343;0;333
55;30;0;675;0;333
10;31;0;674;0;333
12;31;0;433;0;333
16;31;0;433;0;333
17;31;0;433;0;333
18;31;0;342;0;333
20;31;0;214;0;333
22;31;0;433;0;333
29;31;0;921;0;333
35;31;0;492;0;333
35;31;0;343;0;333
52;31;0;492;0;333
52;31;0;343;0;333
55;31;0;675;0;333
10;32;0;674;0;333
12;32;0;433;0;333
16;32;0;433;0;333
17;32;0;433;0;333
18;32;0;918;0;333
20;32;0;212;0;333
22;32;0;433;0;333
29;32;0;919;0;333
35;32;0;492;0;333
35;32;0;343;0;333
52;32;0;492;0;333
52;32;0;343;0;333
55;32;0;675;0;333
10;33;0;674;0;333
12;33;0;433;0;333
16;33;0;433;0;333
17;33;0;433;0;333
18;33;0;342;0;333
19;33;0;213;0;333
20;33;0;36;0;333
20;33;0;2853;0;333
21;33;0;215;0;333
22;33;0;433;0;333
29;33;0;921;0;333
35;33;0;490;0;333
35;33;0;343;0;333
36;33;0;489;0;333
36;33;0;359;0;333
52;33;0;492;0;333
52;33;0;343;0;333
55;33;0;675;0;333
10;34;0;674;0;333
12;34;0;433;0;333
16;34;0;433;0;333
17;34;0;433;0;333
18;34;0;342;0;333
20;34;0;214;0;333
22;34;0;276;0;333
23;34;0;432;0;333
24;34;0;432;0;333
25;34;0;432;0;333
26;34;0;432;0;333
27;34;0;432;0;333
28;34;0;432;0;333
29;34;0;921;0;333
29;34;0;432;0;333
35;34;0;344;0;333
36;34;0;491;0;333
37;34;0;488;0;333
37;34;0;909;0;333
38;34;0;488;0;333
38;34;0;909;0;333
39;34;0;488;0;333
39;34;0;909;0;333
40;34;0;488;0;333
40;34;0;909;0;333
41;34;0;488;0;333
41;34;0;909;0;333
42;34;0;488;0;333
42;34;0;909;0;333
43;34;0;488;0;333
43;34;0;909;0;333
44;34;0;488;0;333
44;34;0;909;0;333
45;34;0;488;0;333
45;34;0;909;0;333
46;34;0;488;0;333
46;34;0;909;0;333
47;34;0;488;0;333
47;34;0;909;0;333
48;34;0;488;0;333
48;34;0;909;0;333
49;34;0;488;0;333
49;34;0;909;0;333
50;34;0;488;0;333
50;34;0;909;0;333
51;34;0;488;0;333
51;34;0;909;0;333
52;34;0;491;0;333
52;34;0;495;0;333
55;34;0;675;0;333
10;35;0;674;0;333
13;35;0;432;0;333
14;35;0;432;0;333
15;35;0;432;0;333
16;35;0;432;0;333
17;35;0;433;0;333
18;35;0;918;0;333
23;35;0;213;0;333
24;35;0;36;0;333
24;35;0;2854;0;333
25;35;0;215;0;333
26;35;0;213;0;333
27;35;0;36;0;333
27;35;0;2854;0;333
28;35;0;215;0;333
29;35;0;919;0;333
55;35;0;675;0;333
10;36;0;674;0;333
17;36;0;433;0;333
18;36;0;342;0;333
29;36;0;921;0;333
34;36;0;504;0;333
34;36;0;501;0;333
35;36;0;504;0;333
35;36;0;501;0;333
36;36;0;504;0;333
36;36;0;501;0;333
37;36;0;504;0;333
37;36;0;501;0;333
38;36;0;504;0;333
38;36;0;503;0;333
39;36;0;500;0;333
40;36;0;500;0;333
41;36;0;500;0;333
42;36;0;500;0;333
43;36;0;500;0;333
44;36;0;500;0;333
45;36;0;500;0;333
46;36;0;500;0;333
47;36;0;500;0;333
48;36;0;500;0;333
49;36;0;500;0;333
50;36;0;500;0;333
51;36;0;502;0;333
51;36;0;500;0;333
55;36;0;675;0;333
10;37;0;674;0;333
17;37;0;433;0;333
18;37;0;342;0;333
18;37;0;340;0;333
19;37;0;340;0;333
20;37;0;920;0;333
21;37;0;340;0;333
22;37;0;340;0;333
23;37;0;340;0;333
24;37;0;340;0;333
25;37;0;920;0;333
26;37;0;340;0;333
27;37;0;340;0;333
28;37;0;920;0;333
29;37;0;921;0;333
29;37;0;340;0;333
34;37;0;501;0;333
35;37;0;501;0;333
36;37;0;501;0;333
37;37;0;503;0;333
38;37;0;500;0;333
39;37;0;500;0;333
40;37;0;500;0;333
41;37;0;500;0;333
42;37;0;500;0;333
43;37;0;500;0;333
44;37;0;500;0;333
45;37;0;500;0;333
46;37;0;500;0;333
47;37;0;500;0;333
48;37;0;500;0;333
49;37;0;500;0;333
50;37;0;500;0;333
51;37;0;502;0;333
51;37;0;500;0;333
55;37;0;675;0;333
10;38;0;674;0;333
17;38;0;433;0;333
18;38;0;918;0;333
19;38;0;2873;0;333
22;38;0;748;0;333
23;38;0;921;0;333
23;38;0;36;0;333
23;38;0;2853;0;333
24;38;0;218;0;333
26;38;0;921;0;333
26;38;0;8;0;333
27;38;0;218;0;333
29;38;0;919;0;333
34;38;0;501;0;333
35;38;0;501;0;333
36;38;0;503;0;333
37;38;0;500;0;333
38;38;0;500;0;333
39;38;0;500;0;333
40;38;0;500;0;333
41;38;0;500;0;333
42;38;0;500;0;333
43;38;0;500;0;333
44;38;0;500;0;333
45;38;0;500;0;333
46;38;0;500;0;333
47;38;0;500;0;333
48;38;0;500;0;333
49;38;0;500;0;333
50;38;0;500;0;333
51;38;0;502;0;333
51;38;0;500;0;333
55;38;0;675;0;333
10;39;0;674;0;333
17;39;0;433;0;333
18;39;0;342;0;333
21;39;0;743;0;333
23;39;0;921;0;333
24;39;0;36;0;333
24;39;0;2854;0;333
26;39;0;921;0;333
27;39;0;36;0;333
27;39;0;2854;0;333
29;39;0;921;0;333
29;39;0;8;0;333
34;39;0;501;0;333
35;39;0;503;0;333
36;39;0;500;0;333
37;39;0;500;0;333
38;39;0;500;0;333
39;39;0;500;0;333
40;39;0;500;0;333
41;39;0;500;0;333
42;39;0;500;0;333
43;39;0;500;0;333
44;39;0;500;0;333
45;39;0;500;0;333
46;39;0;500;0;333
47;39;0;500;0;333
48;39;0;500;0;333
49;39;0;500;0;333
50;39;0;500;0;333
51;39;0;502;0;333
51;39;0;500;0;333
55;39;0;675;0;333
10;40;0;674;0;333
17;40;0;433;0;333
18;40;0;342;0;333
19;40;0;218;0;333
21;40;0;1360;0;333
22;40;0;1360;0;333
23;40;0;921;0;333
24;40;0;216;0;333
26;40;0;921;0;333
27;40;0;216;0;333
29;40;0;921;0;333
34;40;0;503;0;333
35;40;0;500;0;333
36;40;0;500;0;333
37;40;0;500;0;333
38;40;0;500;0;333
39;40;0;500;0;333
40;40;0;500;0;333
41;40;0;500;0;333
42;40;0;500;0;333
43;40;0;500;0;333
44;40;0;500;0;333
45;40;0;500;0;333
46;40;0;500;0;333
47;40;0;500;0;333
48;40;0;500;0;333
49;40;0;500;0;333
50;40;0;500;0;333
51;40;0;502;0;333
51;40;0;500;0;333
55;40;0;675;0;333
10;41;0;674;0;333
17;41;0;433;0;333
18;41;0;918;0;333
19;41;0;36;0;333
19;41;0;2853;0;333
20;41;0;219;0;333
23;41;0;921;0;333
24;41;0;741;0;333
26;41;0;921;0;333
27;41;0;741;0;333
29;41;0;919;0;333
55;41;0;675;0;333
10;42;0;674;0;333
17;42;0;433;0;333
18;42;0;345;0;333
18;42;0;471;0;333
18;42;0;472;0;333
18;42;0;690;0;333
19;42;0;493;0;333
20;42;0;340;0;333
21;42;0;340;0;333
22;42;0;493;0;333
23;42;0;346;0;333
24;42;0;340;0;333
25;42;0;493;0;333
26;42;0;346;0;333
27;42;0;340;0;333
28;42;0;493;0;333
29;42;0;433;0;333
29;42;0;348;0;333
29;42;0;473;0;333
29;42;0;691;0;333
55;42;0;675;0;333
10;43;0;674;0;333
18;43;0;432;0;333
19;43;0;432;0;333
20;43;0;432;0;333
21;43;0;432;0;333
22;43;0;432;0;333
23;43;0;432;0;333
24;43;0;432;0;333
25;43;0;432;0;333
26;43;0;432;0;333
27;43;0;432;0;333
28;43;0;432;0;333
29;43;0;432;0;333
55;43;0;675;0;333
10;44;0;674;0;333
55;44;0;675;0;333
55;44;0;395;0;333
10;45;0;395;0;333
10;45;0;678;0;333
11;45;0;673;0;333
12;45;0;673;0;333
13;45;0;673;0;333
14;45;0;673;0;333
15;45;0;673;0;333
16;45;0;673;0;333
17;45;0;673;0;333
18;45;0;673;0;333
19;45;0;673;0;333
20;45;0;673;0;333
21;45;0;673;0;333
22;45;0;673;0;333
23;45;0;673;0;333
24;45;0;673;0;333
25;45;0;673;0;333
26;45;0;673;0;333
27;45;0;673;0;333
28;45;0;673;0;333
29;45;0;673;0;333
30;45;0;673;0;333
31;45;0;673;0;333
32;45;0;673;0;333
33;45;0;673;0;333
34;45;0;673;0;333
35;45;0;673;0;333
36;45;0;673;0;333
37;45;0;673;0;333
38;45;0;673;0;333
39;45;0;673;0;333
40;45;0;673;0;333
41;45;0;673;0;333
42;45;0;673;0;333
43;45;0;673;0;333
44;45;0;673;0;333
45;45;0;673;0;333
46;45;0;673;0;333
47;45;0;673;0;333
48;45;0;673;0;333
49;45;0;673;0;333
50;45;0;673;0;333
51;45;0;673;0;333
52;45;0;673;0;333
53;45;0;673;0;333
54;45;0;673;0;333
55;45;0;679;0;333
