8;1;0;1272;0;333
10;3;0;680;0;333
10;3;0;691;0;333
11;3;0;633;0;333
11;3;0;632;0;333
12;3;0;633;0;333
12;3;0;632;0;333
13;3;0;633;0;333
13;3;0;632;0;333
14;3;0;633;0;333
14;3;0;632;0;333
15;3;0;633;0;333
15;3;0;632;0;333
16;3;0;633;0;333
16;3;0;632;0;333
17;3;0;633;0;333
17;3;0;632;0;333
18;3;0;633;0;333
18;3;0;632;0;333
19;3;0;633;0;333
19;3;0;632;0;333
20;3;0;633;0;333
20;3;0;632;0;333
21;3;0;633;0;333
21;3;0;632;0;333
22;3;0;633;0;333
22;3;0;632;0;333
23;3;0;633;0;333
23;3;0;632;0;333
24;3;0;633;0;333
24;3;0;632;0;333
25;3;0;633;0;333
25;3;0;632;0;333
26;3;0;633;0;333
26;3;0;632;0;333
27;3;0;633;0;333
27;3;0;632;0;333
28;3;0;633;0;333
28;3;0;632;0;333
29;3;0;633;0;333
29;3;0;632;0;333
30;3;0;633;0;333
30;3;0;632;0;333
31;3;0;633;0;333
31;3;0;632;0;333
32;3;0;633;0;333
32;3;0;632;0;333
33;3;0;633;0;333
33;3;0;632;0;333
34;3;0;633;0;333
34;3;0;632;0;333
35;3;0;633;0;333
35;3;0;632;0;333
36;3;0;633;0;333
36;3;0;632;0;333
37;3;0;633;0;333
37;3;0;632;0;333
38;3;0;633;0;333
38;3;0;632;0;333
39;3;0;633;0;333
39;3;0;632;0;333
40;3;0;633;0;333
40;3;0;632;0;333
41;3;0;633;0;333
41;3;0;632;0;333
42;3;0;633;0;333
42;3;0;632;0;333
43;3;0;633;0;333
43;3;0;632;0;333
44;3;0;633;0;333
44;3;0;632;0;333
45;3;0;633;0;333
45;3;0;632;0;333
46;3;0;633;0;333
46;3;0;632;0;333
47;3;0;633;0;333
47;3;0;632;0;333
48;3;0;633;0;333
48;3;0;632;0;333
49;3;0;633;0;333
49;3;0;632;0;333
50;3;0;633;0;333
50;3;0;632;0;333
51;3;0;633;0;333
51;3;0;632;0;333
52;3;0;633;0;333
52;3;0;632;0;333
53;3;0;633;0;333
53;3;0;632;0;333
54;3;0;633;0;333
54;3;0;632;0;333
55;3;0;681;0;333
55;3;0;690;0;333
2;4;0;1809;0;333
10;4;0;691;0;333
10;4;0;635;0;333
10;4;0;634;0;333
11;4;0;691;0;333
12;4;0;691;0;333
13;4;0;691;0;333
14;4;0;691;0;333
15;4;0;691;0;333
16;4;0;691;0;333
17;4;0;691;0;333
18;4;0;691;0;333
19;4;0;691;0;333
20;4;0;691;0;333
21;4;0;691;0;333
22;4;0;691;0;333
23;4;0;691;0;333
24;4;0;691;0;333
25;4;0;691;0;333
26;4;0;691;0;333
27;4;0;691;0;333
28;4;0;691;0;333
29;4;0;691;0;333
30;4;0;691;0;333
31;4;0;691;0;333
32;4;0;691;0;333
33;4;0;691;0;333
34;4;0;691;0;333
35;4;0;691;0;333
36;4;0;691;0;333
37;4;0;691;0;333
38;4;0;691;0;333
39;4;0;691;0;333
40;4;0;691;0;333
41;4;0;691;0;333
42;4;0;691;0;333
43;4;0;691;0;333
44;4;0;691;0;333
46;4;0;690;0;333
47;4;0;690;0;333
48;4;0;690;0;333
49;4;0;690;0;333
50;4;0;690;0;333
51;4;0;690;0;333
52;4;0;690;0;333
53;4;0;690;0;333
54;4;0;690;0;333
55;4;0;635;0;333
55;4;0;634;0;333
10;5;0;635;0;333
10;5;0;634;0;333
11;5;0;691;0;333
54;5;0;690;0;333
55;5;0;635;0;333
55;5;0;634;0;333
10;6;0;635;0;333
10;6;0;634;0;333
11;6;0;691;0;333
54;6;0;690;0;333
55;6;0;635;0;333
55;6;0;634;0;333
10;7;0;635;0;333
10;7;0;634;0;333
11;7;0;691;0;333
14;7;0;718;0;333
15;7;0;701;0;333
16;7;0;701;0;333
16;7;0;266;0;333
17;7;0;701;0;333
18;7;0;701;0;333
18;7;0;1360;0;333
19;7;0;701;0;333
20;7;0;705;0;333
21;7;0;719;0;333
24;7;0;680;0;333
25;7;0;633;0;333
26;7;0;633;0;333
27;7;0;633;0;333
28;7;0;633;0;333
28;7;0;635;0;333
29;7;0;633;0;333
30;7;0;633;0;333
31;7;0;633;0;333
32;7;0;633;0;333
33;7;0;633;0;333
33;7;0;401;0;333
34;7;0;633;0;333
35;7;0;633;0;333
35;7;0;634;0;333
36;7;0;633;0;333
37;7;0;633;0;333
38;7;0;633;0;333
38;7;0;401;0;333
39;7;0;633;0;333
39;7;0;1360;0;333
40;7;0;633;0;333
41;7;0;633;0;333
41;7;0;220;0;333
42;7;0;633;0;333
42;7;0;513;0;333
43;7;0;633;0;333
43;7;0;634;0;333
44;7;0;633;0;333
44;7;0;36;0;333
45;7;0;633;0;333
45;7;0;36;0;333
45;7;0;2746;0;333
46;7;0;633;0;333
46;7;0;36;0;333
46;7;0;52;0;333
47;7;0;633;0;333
47;7;0;51;0;333
48;7;0;633;0;333
49;7;0;633;0;333
50;7;0;633;0;333
51;7;0;681;0;333
51;7;0;395;0;333
54;7;0;690;0;333
55;7;0;635;0;333
55;7;0;634;0;333
10;8;0;635;0;333
10;8;0;634;0;333
11;8;0;691;0;333
14;8;0;702;0;333
19;8;0;213;0;333
20;8;0;2885;0;333
20;8;0;2853;0;333
21;8;0;707;0;333
24;8;0;634;0;333
25;8;0;740;0;333
27;8;0;740;0;333
28;8;0;635;0;333
28;8;0;691;0;333
30;8;0;213;0;333
31;8;0;36;0;333
31;8;0;1061;0;333
32;8;0;215;0;333
35;8;0;634;0;333
35;8;0;690;0;333
36;8;0;319;0;333
43;8;0;654;0;333
51;8;0;635;0;333
54;8;0;690;0;333
55;8;0;635;0;333
55;8;0;634;0;333
6;9;0;274;0;333
10;9;0;635;0;333
10;9;0;634;0;333
11;9;0;691;0;333
14;9;0;706;0;333
20;9;0;214;0;333
21;9;0;703;0;333
24;9;0;634;0;333
25;9;0;1360;0;333
27;9;0;1360;0;333
43;9;0;658;0;333
47;9;0;635;0;333
50;9;0;60;0;333
51;9;0;635;0;333
54;9;0;690;0;333
55;9;0;635;0;333
55;9;0;634;0;333
10;10;0;635;0;333
10;10;0;634;0;333
11;10;0;691;0;333
14;10;0;702;0;333
21;10;0;703;0;333
24;10;0;634;0;333
43;10;0;634;0;333
44;10;0;395;0;333
47;10;0;635;0;333
50;10;0;60;0;333
51;10;0;635;0;333
54;10;0;690;0;333
55;10;0;635;0;333
55;10;0;634;0;333
2;11;0;576;0;333
10;11;0;635;0;333
10;11;0;634;0;333
11;11;0;691;0;333
14;11;0;701;0;333
15;11;0;701;0;333
15;11;0;395;0;333
16;11;0;709;0;333
17;11;0;702;0;333
21;11;0;703;0;333
24;11;0;634;0;333
28;11;0;691;0;333
29;11;0;632;0;333
30;11;0;632;0;333
31;11;0;640;0;333
32;11;0;640;0;333
33;11;0;632;0;333
34;11;0;632;0;333
35;11;0;690;0;333
35;11;0;632;0;333
36;11;0;632;0;333
37;11;0;664;0;333
38;11;0;668;0;333
39;11;0;632;0;333
40;11;0;632;0;333
41;11;0;632;0;333
42;11;0;632;0;333
43;11;0;634;0;333
43;11;0;632;0;333
44;11;0;632;0;333
45;11;0;652;0;333
46;11;0;656;0;333
47;11;0;635;0;333
47;11;0;632;0;333
48;11;0;632;0;333
49;11;0;632;0;333
50;11;0;632;0;333
51;11;0;635;0;333
51;11;0;632;0;333
54;11;0;690;0;333
55;11;0;635;0;333
55;11;0;634;0;333
2;12;0;584;0;333
10;12;0;635;0;333
10;12;0;634;0;333
11;12;0;691;0;333
17;12;0;702;0;333
19;12;0;742;0;333
21;12;0;703;0;333
24;12;0;634;0;333
28;12;0;635;0;333
29;12;0;694;0;333
30;12;0;401;0;333
33;12;0;401;0;333
34;12;0;694;0;333
35;12;0;634;0;333
40;12;0;401;0;333
42;12;0;3075;0;333
47;12;0;635;0;333
47;12;0;403;0;333
51;12;0;635;0;333
51;12;0;339;0;333
54;12;0;690;0;333
55;12;0;635;0;333
55;12;0;634;0;333
5;13;0;1265;0;333
10;13;0;635;0;333
10;13;0;634;0;333
11;13;0;691;0;333
14;13;0;720;0;333
16;13;0;270;0;333
17;13;0;716;0;333
18;13;0;700;0;333
19;13;0;700;0;333
20;13;0;700;0;333
21;13;0;717;0;333
24;13;0;634;0;333
28;13;0;643;0;333
35;13;0;642;0;333
41;13;0;2877;0;333
42;13;0;2877;0;333
43;13;0;2877;0;333
47;13;0;635;0;333
51;13;0;635;0;333
51;13;0;339;0;333
54;13;0;690;0;333
55;13;0;635;0;333
55;13;0;634;0;333
10;14;0;635;0;333
10;14;0;634;0;333
11;14;0;691;0;333
14;14;0;172;0;333
16;14;0;52;0;333
17;14;0;2836;0;333
24;14;0;634;0;333
28;14;0;647;0;333
35;14;0;646;0;333
40;14;0;2876;0;333
41;14;0;2880;0;333
41;14;0;505;0;333
42;14;0;2880;0;333
44;14;0;2878;0;333
47;14;0;635;0;333
49;14;0;678;0;333
51;14;0;635;0;333
51;14;0;632;0;333
51;14;0;690;0;333
54;14;0;690;0;333
55;14;0;635;0;333
55;14;0;634;0;333
5;15;0;1783;0;333
6;15;0;1783;0;333
10;15;0;635;0;333
10;15;0;634;0;333
11;15;0;691;0;333
13;15;0;320;0;333
13;15;0;229;0;333
24;15;0;634;0;333
28;15;0;651;0;333
35;15;0;650;0;333
41;15;0;2875;0;333
42;15;0;2875;0;333
43;15;0;2875;0;333
47;15;0;635;0;333
47;15;0;403;0;333
50;15;0;119;0;333
51;15;0;635;0;333
51;15;0;632;0;333
51;15;0;634;0;333
54;15;0;690;0;333
55;15;0;635;0;333
55;15;0;634;0;333
4;16;0;1783;0;333
5;16;0;1783;0;333
10;16;0;635;0;333
10;16;0;634;0;333
11;16;0;691;0;333
13;16;0;320;0;333
13;16;0;2731;0;333
14;16;0;320;0;333
14;16;0;19;0;333
24;16;0;634;0;333
28;16;0;643;0;333
35;16;0;642;0;333
47;16;0;635;0;333
51;16;0;635;0;333
51;16;0;304;0;333
54;16;0;690;0;333
55;16;0;635;0;333
55;16;0;634;0;333
3;17;0;1783;0;333
4;17;0;1782;0;333
5;17;0;1783;0;333
10;17;0;635;0;333
10;17;0;634;0;333
11;17;0;691;0;333
24;17;0;634;0;333
28;17;0;635;0;333
35;17;0;634;0;333
35;17;0;632;0;333
36;17;0;632;0;333
37;17;0;632;0;333
38;17;0;652;0;333
39;17;0;656;0;333
40;17;0;632;0;333
41;17;0;632;0;333
42;17;0;632;0;333
43;17;0;632;0;333
44;17;0;632;0;333
45;17;0;652;0;333
46;17;0;656;0;333
47;17;0;635;0;333
47;17;0;632;0;333
48;17;0;320;0;333
48;17;0;121;0;333
51;17;0;635;0;333
51;17;0;1008;0;333
54;17;0;690;0;333
55;17;0;635;0;333
55;17;0;634;0;333
1;18;0;1804;0;333
1;18;0;1783;0;333
2;18;0;1783;0;333
3;18;0;1782;0;333
4;18;0;1782;0;333
4;18;0;1783;0;333
10;18;0;635;0;333
10;18;0;634;0;333
11;18;0;691;0;333
14;18;0;689;0;333
15;18;0;633;0;333
15;18;0;249;0;333
16;18;0;633;0;333
16;18;0;249;0;333
17;18;0;633;0;333
17;18;0;249;0;333
18;18;0;633;0;333
18;18;0;249;0;333
19;18;0;633;0;333
20;18;0;633;0;333
21;18;0;681;0;333
24;18;0;634;0;333
28;18;0;635;0;333
35;18;0;634;0;333
37;18;0;513;0;333
40;18;0;1360;0;333
41;18;0;401;0;333
42;18;0;1367;0;333
42;18;0;2;0;333
43;18;0;634;0;333
43;18;0;690;0;333
44;18;0;401;0;333
47;18;0;320;0;333
47;18;0;227;0;333
48;18;0;320;0;333
48;18;0;3051;0;333
51;18;0;635;0;333
51;18;0;515;0;333
54;18;0;690;0;333
55;18;0;635;0;333
55;18;0;634;0;333
0;19;0;1783;0;333
1;19;0;1782;0;333
2;19;0;1783;0;333
3;19;0;1782;0;333
4;19;0;1783;0;333
10;19;0;635;0;333
10;19;0;634;0;333
11;19;0;691;0;333
14;19;0;689;0;333
15;19;0;249;0;333
16;19;0;249;0;333
17;19;0;249;0;333
18;19;0;259;0;333
21;19;0;635;0;333
24;19;0;633;0;333
24;19;0;634;0;333
25;19;0;633;0;333
26;19;0;653;0;333
27;19;0;657;0;333
28;19;0;633;0;333
28;19;0;635;0;333
29;19;0;633;0;333
30;19;0;633;0;333
30;19;0;401;0;333
31;19;0;653;0;333
32;19;0;657;0;333
33;19;0;633;0;333
33;19;0;401;0;333
34;19;0;633;0;333
35;19;0;634;0;333
50;19;0;2488;0;333
51;19;0;635;0;333
54;19;0;690;0;333
55;19;0;635;0;333
55;19;0;634;0;333
0;20;0;1782;0;333
1;20;0;1782;0;333
2;20;0;1782;0;333
3;20;0;1783;0;333
10;20;0;635;0;333
10;20;0;634;0;333
11;20;0;691;0;333
14;20;0;689;0;333
15;20;0;249;0;333
16;20;0;249;0;333
21;20;0;635;0;333
24;20;0;634;0;333
28;20;0;635;0;333
35;20;0;634;0;333
51;20;0;635;0;333
54;20;0;690;0;333
55;20;0;635;0;333
55;20;0;634;0;333
0;21;0;1783;0;333
1;21;0;1783;0;333
10;21;0;635;0;333
10;21;0;634;0;333
11;21;0;691;0;333
14;21;0;689;0;333
21;21;0;635;0;333
21;21;0;51;0;333
24;21;0;634;0;333
25;21;0;740;0;333
27;21;0;214;0;333
28;21;0;635;0;333
35;21;0;634;0;333
37;21;0;2207;0;333
41;21;0;513;0;333
42;21;0;8;0;333
43;21;0;634;0;333
50;21;0;1003;0;333
51;21;0;635;0;333
54;21;0;690;0;333
55;21;0;635;0;333
55;21;0;634;0;333
0;22;0;1783;0;333
10;22;0;635;0;333
10;22;0;634;0;333
11;22;0;691;0;333
14;22;0;689;0;333
20;22;0;24;0;333
21;22;0;635;0;333
21;22;0;51;0;333
24;22;0;682;0;333
25;22;0;632;0;333
26;22;0;632;0;333
27;22;0;632;0;333
28;22;0;683;0;333
35;22;0;682;0;333
36;22;0;632;0;333
37;22;0;632;0;333
38;22;0;632;0;333
39;22;0;632;0;333
40;22;0;632;0;333
41;22;0;632;0;333
42;22;0;632;0;333
43;22;0;634;0;333
43;22;0;632;0;333
44;22;0;632;0;333
45;22;0;632;0;333
46;22;0;632;0;333
47;22;0;632;0;333
48;22;0;632;0;333
49;22;0;632;0;333
50;22;0;632;0;333
51;22;0;683;0;333
54;22;0;690;0;333
55;22;0;635;0;333
55;22;0;634;0;333
10;23;0;635;0;333
10;23;0;634;0;333
11;23;0;691;0;333
14;23;0;689;0;333
15;23;0;689;0;333
15;23;0;395;0;333
20;23;0;689;0;333
20;23;0;395;0;333
21;23;0;689;0;333
54;23;0;690;0;333
55;23;0;635;0;333
55;23;0;634;0;333
4;24;0;1809;0;333
9;24;0;395;0;333
10;24;0;635;0;333
10;24;0;634;0;333
10;24;0;691;0;333
11;24;0;691;0;333
20;24;0;506;0;333
54;24;0;690;0;333
55;24;0;635;0;333
55;24;0;634;0;333
55;24;0;632;0;333
56;24;0;395;0;333
10;25;0;654;0;333
32;25;0;2207;0;333
55;25;0;655;0;333
10;26;0;658;0;333
55;26;0;659;0;333
56;26;0;395;0;333
9;27;0;395;0;333
10;27;0;635;0;333
10;27;0;634;0;333
11;27;0;689;0;333
54;27;0;688;0;333
55;27;0;635;0;333
55;27;0;633;0;333
55;27;0;634;0;333
1;28;0;36;0;333
1;28;0;1005;0;333
3;28;0;36;0;333
3;28;0;1005;0;333
10;28;0;635;0;333
10;28;0;634;0;333
11;28;0;689;0;333
18;28;0;688;0;333
18;28;0;346;0;333
18;28;0;473;0;333
19;28;0;494;0;333
20;28;0;474;0;333
21;28;0;474;0;333
21;28;0;210;0;333
22;28;0;494;0;333
23;28;0;474;0;333
24;28;0;474;0;333
24;28;0;474;0;333
25;28;0;494;0;333
26;28;0;474;0;333
27;28;0;474;0;333
28;28;0;494;0;333
29;28;0;689;0;333
29;28;0;347;0;333
35;28;0;348;0;333
35;28;0;691;0;333
36;28;0;474;0;333
36;28;0;690;0;333
36;28;0;691;0;333
37;28;0;474;0;333
37;28;0;690;0;333
37;28;0;691;0;333
38;28;0;474;0;333
38;28;0;690;0;333
38;28;0;691;0;333
39;28;0;474;0;333
39;28;0;690;0;333
39;28;0;691;0;333
40;28;0;474;0;333
40;28;0;690;0;333
40;28;0;691;0;333
41;28;0;474;0;333
41;28;0;690;0;333
41;28;0;691;0;333
42;28;0;474;0;333
42;28;0;690;0;333
42;28;0;691;0;333
43;28;0;474;0;333
43;28;0;690;0;333
43;28;0;691;0;333
44;28;0;474;0;333
44;28;0;690;0;333
44;28;0;691;0;333
45;28;0;474;0;333
45;28;0;690;0;333
45;28;0;691;0;333
46;28;0;474;0;333
46;28;0;690;0;333
46;28;0;691;0;333
47;28;0;474;0;333
47;28;0;690;0;333
47;28;0;691;0;333
48;28;0;474;0;333
48;28;0;690;0;333
48;28;0;691;0;333
49;28;0;474;0;333
49;28;0;690;0;333
49;28;0;691;0;333
50;28;0;474;0;333
50;28;0;690;0;333
50;28;0;691;0;333
51;28;0;474;0;333
51;28;0;690;0;333
51;28;0;691;0;333
52;28;0;345;0;333
52;28;0;690;0;333
54;28;0;688;0;333
55;28;0;635;0;333
55;28;0;634;0;333
2;29;0;36;0;333
2;29;0;1005;0;333
10;29;0;635;0;333
10;29;0;634;0;333
11;29;0;689;0;333
13;29;0;722;0;333
13;29;0;720;0;333
14;29;0;44;0;333
16;29;0;723;0;333
16;29;0;721;0;333
16;29;0;395;0;333
18;29;0;918;0;333
20;29;0;212;0;333
21;29;0;212;0;333
22;29;0;212;0;333
25;29;0;319;0;333
26;29;0;276;0;333
28;29;0;395;0;333
29;29;0;919;0;333
34;29;0;403;0;333
35;29;0;691;0;333
35;29;0;689;0;333
35;29;0;342;0;333
37;29;0;36;0;333
37;29;0;2742;0;333
38;29;0;395;0;333
39;29;0;2876;0;333
40;29;0;2876;0;333
41;29;0;2876;0;333
42;29;0;395;0;333
43;29;0;2876;0;333
44;29;0;2876;0;333
45;29;0;2876;0;333
47;29;0;395;0;333
52;29;0;921;0;333
52;29;0;690;0;333
52;29;0;688;0;333
54;29;0;688;0;333
55;29;0;635;0;333
55;29;0;634;0;333
10;30;0;635;0;333
10;30;0;634;0;333
11;30;0;689;0;333
13;30;0;722;0;333
13;30;0;720;0;333
16;30;0;723;0;333
16;30;0;721;0;333
18;30;0;342;0;333
19;30;0;213;0;333
20;30;0;320;0;333
20;30;0;2853;0;333
21;30;0;320;0;333
22;30;0;320;0;333
22;30;0;2853;0;333
23;30;0;215;0;333
29;30;0;900;0;333
34;30;0;695;0;333
35;30;0;471;0;333
39;30;0;2876;0;333
40;30;0;2876;0;333
41;30;0;2876;0;333
43;30;0;2876;0;333
44;30;0;2876;0;333
45;30;0;2876;0;333
49;30;0;2553;0;333
52;30;0;921;0;333
52;30;0;690;0;333
52;30;0;688;0;333
54;30;0;688;0;333
55;30;0;635;0;333
55;30;0;634;0;333
0;31;0;1791;0;333
1;31;0;1791;0;333
2;31;0;1791;0;333
3;31;0;1791;0;333
4;31;0;1791;0;333
5;31;0;1791;0;333
10;31;0;635;0;333
10;31;0;634;0;333
11;31;0;689;0;333
13;31;0;722;0;333
13;31;0;720;0;333
14;31;0;428;0;333
16;31;0;723;0;333
16;31;0;721;0;333
18;31;0;342;0;333
20;31;0;214;0;333
21;31;0;214;0;333
22;31;0;214;0;333
29;31;0;902;0;333
50;31;0;2801;0;333
50;31;0;206;0;333
52;31;0;921;0;333
52;31;0;690;0;333
52;31;0;688;0;333
54;31;0;688;0;333
55;31;0;635;0;333
55;31;0;634;0;333
0;32;0;1791;0;333
1;32;0;1791;0;333
2;32;0;1791;0;333
3;32;0;1791;0;333
4;32;0;1791;0;333
5;32;0;1791;0;333
10;32;0;635;0;333
10;32;0;634;0;333
11;32;0;689;0;333
13;32;0;722;0;333
13;32;0;720;0;333
14;32;0;2850;0;333
16;32;0;723;0;333
16;32;0;721;0;333
18;32;0;918;0;333
21;32;0;212;0;333
28;32;0;395;0;333
29;32;0;919;0;333
34;32;0;695;0;333
35;32;0;473;0;333
39;32;0;2876;0;333
40;32;0;2876;0;333
41;32;0;2876;0;333
43;32;0;2876;0;333
44;32;0;2876;0;333
45;32;0;2876;0;333
49;32;0;2553;0;333
52;32;0;921;0;333
52;32;0;690;0;333
52;32;0;688;0;333
52;32;0;690;0;333
54;32;0;688;0;333
55;32;0;635;0;333
55;32;0;634;0;333
0;33;0;1791;0;333
1;33;0;1791;0;333
2;33;0;1791;0;333
3;33;0;1791;0;333
4;33;0;1791;0;333
5;33;0;1791;0;333
10;33;0;635;0;333
10;33;0;634;0;333
11;33;0;689;0;333
13;33;0;722;0;333
13;33;0;720;0;333
16;33;0;723;0;333
16;33;0;721;0;333
18;33;0;342;0;333
20;33;0;213;0;333
21;33;0;36;0;333
21;33;0;1842;0;333
22;33;0;215;0;333
29;33;0;921;0;333
29;33;0;275;0;333
34;33;0;403;0;333
35;33;0;689;0;333
35;33;0;691;0;333
35;33;0;342;0;333
37;33;0;36;0;333
37;33;0;2627;0;333
38;33;0;395;0;333
39;33;0;2876;0;333
40;33;0;2876;0;333
41;33;0;2876;0;333
42;33;0;395;0;333
43;33;0;2876;0;333
44;33;0;2876;0;333
45;33;0;2876;0;333
47;33;0;395;0;333
52;33;0;921;0;333
52;33;0;690;0;333
52;33;0;688;0;333
54;33;0;688;0;333
55;33;0;635;0;333
55;33;0;634;0;333
0;34;0;1791;0;333
1;34;0;1791;0;333
2;34;0;1791;0;333
3;34;0;1791;0;333
4;34;0;1791;0;333
5;34;0;1791;0;333
10;34;0;635;0;333
10;34;0;634;0;333
11;34;0;689;0;333
13;34;0;722;0;333
13;34;0;720;0;333
16;34;0;723;0;333
16;34;0;721;0;333
16;34;0;395;0;333
18;34;0;342;0;333
21;34;0;214;0;333
24;34;0;2850;0;333
25;34;0;2850;0;333
26;34;0;2850;0;333
27;34;0;2850;0;333
28;34;0;2850;0;333
29;34;0;921;0;333
35;34;0;689;0;333
35;34;0;347;0;333
36;34;0;688;0;333
36;34;0;689;0;333
36;34;0;340;0;333
37;34;0;688;0;333
37;34;0;689;0;333
37;34;0;340;0;333
38;34;0;688;0;333
38;34;0;689;0;333
38;34;0;340;0;333
39;34;0;688;0;333
39;34;0;689;0;333
39;34;0;340;0;333
40;34;0;688;0;333
40;34;0;689;0;333
40;34;0;340;0;333
41;34;0;688;0;333
41;34;0;689;0;333
41;34;0;340;0;333
42;34;0;688;0;333
42;34;0;689;0;333
42;34;0;340;0;333
43;34;0;688;0;333
43;34;0;689;0;333
43;34;0;340;0;333
44;34;0;688;0;333
44;34;0;689;0;333
44;34;0;340;0;333
45;34;0;688;0;333
45;34;0;689;0;333
45;34;0;340;0;333
46;34;0;688;0;333
46;34;0;689;0;333
46;34;0;340;0;333
47;34;0;688;0;333
47;34;0;689;0;333
47;34;0;340;0;333
48;34;0;688;0;333
48;34;0;689;0;333
48;34;0;340;0;333
49;34;0;688;0;333
49;34;0;689;0;333
49;34;0;340;0;333
50;34;0;688;0;333
50;34;0;689;0;333
50;34;0;340;0;333
51;34;0;688;0;333
51;34;0;689;0;333
51;34;0;340;0;333
52;34;0;346;0;333
52;34;0;688;0;333
54;34;0;688;0;333
55;34;0;635;0;333
55;34;0;634;0;333
10;35;0;635;0;333
10;35;0;634;0;333
11;35;0;689;0;333
18;35;0;918;0;333
24;35;0;320;0;333
24;35;0;2853;0;333
25;35;0;320;0;333
25;35;0;1906;0;333
26;35;0;320;0;333
26;35;0;1907;0;333
27;35;0;320;0;333
27;35;0;1909;0;333
28;35;0;320;0;333
28;35;0;1907;0;333
29;35;0;919;0;333
29;35;0;320;0;333
29;35;0;516;0;333
54;35;0;688;0;333
55;35;0;635;0;333
55;35;0;634;0;333
10;36;0;635;0;333
10;36;0;634;0;333
11;36;0;689;0;333
18;36;0;496;0;333
29;36;0;921;0;333
29;36;0;515;0;333
34;36;0;263;0;333
34;36;0;262;0;333
37;36;0;241;0;333
38;36;0;30;0;333
39;36;0;30;0;333
40;36;0;30;0;333
40;36;0;1360;0;333
41;36;0;30;0;333
42;36;0;30;0;333
43;36;0;30;0;333
44;36;0;30;0;333
44;36;0;33;0;333
45;36;0;30;0;333
46;36;0;30;0;333
47;36;0;30;0;333
48;36;0;30;0;333
49;36;0;30;0;333
50;36;0;30;0;333
51;36;0;242;0;333
54;36;0;688;0;333
55;36;0;635;0;333
55;36;0;634;0;333
0;37;0;1791;0;333
1;37;0;1791;0;333
2;37;0;1791;0;333
3;37;0;1791;0;333
4;37;0;1791;0;333
5;37;0;1791;0;333
10;37;0;635;0;333
10;37;0;634;0;333
11;37;0;689;0;333
14;37;0;241;0;333
15;37;0;30;0;333
16;37;0;238;0;333
18;37;0;342;0;333
18;37;0;340;0;333
19;37;0;340;0;333
20;37;0;340;0;333
21;37;0;340;0;333
22;37;0;920;0;333
23;37;0;340;0;333
24;37;0;340;0;333
25;37;0;340;0;333
26;37;0;923;0;333
27;37;0;340;0;333
28;37;0;340;0;333
29;37;0;921;0;333
29;37;0;340;0;333
34;37;0;320;0;333
34;37;0;64;0;333
37;37;0;922;0;333
42;37;0;743;0;333
44;37;0;33;0;333
45;37;0;213;0;333
46;37;0;36;0;333
46;37;0;2853;0;333
47;37;0;215;0;333
49;37;0;1362;0;333
51;37;0;31;0;333
54;37;0;688;0;333
55;37;0;635;0;333
55;37;0;634;0;333
0;38;0;1791;0;333
1;38;0;1791;0;333
2;38;0;1791;0;333
3;38;0;1791;0;333
4;38;0;1791;0;333
5;38;0;1791;0;333
10;38;0;635;0;333
10;38;0;634;0;333
11;38;0;689;0;333
14;38;0;922;0;333
15;38;0;60;0;333
16;38;0;31;0;333
18;38;0;918;0;333
21;38;0;36;0;333
24;38;0;342;0;333
28;38;0;339;0;333
29;38;0;919;0;333
34;38;0;320;0;333
34;38;0;207;0;333
35;38;0;2850;0;333
37;38;0;37;0;333
38;38;0;213;0;333
39;38;0;320;0;333
39;38;0;2853;0;333
40;38;0;215;0;333
44;38;0;33;0;333
50;38;0;742;0;333
51;38;0;31;0;333
54;38;0;688;0;333
55;38;0;635;0;333
55;38;0;634;0;333
0;39;0;1791;0;333
1;39;0;1791;0;333
2;39;0;1791;0;333
3;39;0;1791;0;333
4;39;0;1791;0;333
5;39;0;1791;0;333
10;39;0;635;0;333
10;39;0;634;0;333
11;39;0;689;0;333
14;39;0;244;0;333
15;39;0;32;0;333
16;39;0;31;0;333
16;39;0;32;0;333
18;39;0;342;0;333
19;39;0;747;0;333
23;39;0;267;0;333
24;39;0;342;0;333
25;39;0;2853;0;333
28;39;0;339;0;333
29;39;0;921;0;333
34;39;0;320;0;333
34;39;0;2697;0;333
36;39;0;725;0;333
37;39;0;244;0;333
38;39;0;32;0;333
39;39;0;38;0;333
40;39;0;32;0;333
41;39;0;32;0;333
42;39;0;38;0;333
43;39;0;32;0;333
44;39;0;240;0;333
45;39;0;929;0;333
46;39;0;32;0;333
47;39;0;38;0;333
48;39;0;32;0;333
49;39;0;32;0;333
50;39;0;38;0;333
51;39;0;243;0;333
54;39;0;688;0;333
55;39;0;635;0;333
55;39;0;634;0;333
0;40;0;1791;0;333
1;40;0;1791;0;333
2;40;0;1791;0;333
3;40;0;1791;0;333
4;40;0;1791;0;333
5;40;0;1791;0;333
10;40;0;635;0;333
10;40;0;634;0;333
11;40;0;689;0;333
14;40;0;33;0;333
16;40;0;31;0;333
18;40;0;342;0;333
20;40;0;1360;0;333
24;40;0;342;0;333
26;40;0;2488;0;333
29;40;0;921;0;333
29;40;0;304;0;333
34;40;0;262;0;333
34;40;0;263;0;333
37;40;0;262;0;333
41;40;0;103;0;333
43;40;0;395;0;333
44;40;0;262;0;333
49;40;0;171;0;333
50;40;0;2850;0;333
51;40;0;31;0;333
51;40;0;261;0;333
51;40;0;169;0;333
54;40;0;688;0;333
55;40;0;635;0;333
55;40;0;634;0;333
10;41;0;635;0;333
10;41;0;634;0;333
11;41;0;689;0;333
14;41;0;922;0;333
15;41;0;60;0;333
16;41;0;31;0;333
18;41;0;918;0;333
22;41;0;217;0;333
23;41;0;550;0;333
24;41;0;342;0;333
25;41;0;513;0;333
29;41;0;919;0;333
29;41;0;119;0;333
46;41;0;320;0;333
46;41;0;2384;0;333
47;41;0;320;0;333
47;41;0;180;0;333
48;41;0;320;0;333
48;41;0;53;0;333
51;41;0;2052;0;333
54;41;0;688;0;333
55;41;0;635;0;333
55;41;0;634;0;333
10;42;0;635;0;333
10;42;0;634;0;333
11;42;0;689;0;333
14;42;0;244;0;333
15;42;0;32;0;333
16;42;0;243;0;333
18;42;0;345;0;333
18;42;0;471;0;333
18;42;0;472;0;333
18;42;0;690;0;333
19;42;0;493;0;333
20;42;0;340;0;333
21;42;0;340;0;333
22;42;0;493;0;333
23;42;0;340;0;333
24;42;0;340;0;333
24;42;0;342;0;333
25;42;0;493;0;333
26;42;0;340;0;333
27;42;0;340;0;333
28;42;0;493;0;333
29;42;0;691;0;333
29;42;0;348;0;333
29;42;0;473;0;333
54;42;0;688;0;333
55;42;0;635;0;333
55;42;0;634;0;333
0;43;0;1791;0;333
1;43;0;1791;0;333
2;43;0;1791;0;333
3;43;0;1791;0;333
4;43;0;1791;0;333
5;43;0;1791;0;333
10;43;0;635;0;333
10;43;0;634;0;333
11;43;0;689;0;333
54;43;0;688;0;333
55;43;0;635;0;333
55;43;0;634;0;333
0;44;0;1791;0;333
1;44;0;1791;0;333
2;44;0;1791;0;333
3;44;0;1791;0;333
4;44;0;1791;0;333
5;44;0;1791;0;333
10;44;0;635;0;333
10;44;0;634;0;333
11;44;0;689;0;333
12;44;0;689;0;333
13;44;0;689;0;333
14;44;0;689;0;333
15;44;0;689;0;333
16;44;0;689;0;333
17;44;0;689;0;333
18;44;0;689;0;333
19;44;0;689;0;333
20;44;0;689;0;333
21;44;0;689;0;333
22;44;0;689;0;333
23;44;0;689;0;333
24;44;0;689;0;333
25;44;0;689;0;333
26;44;0;689;0;333
27;44;0;689;0;333
28;44;0;689;0;333
29;44;0;689;0;333
30;44;0;689;0;333
33;44;0;688;0;333
34;44;0;688;0;333
35;44;0;688;0;333
36;44;0;688;0;333
37;44;0;688;0;333
38;44;0;688;0;333
39;44;0;688;0;333
40;44;0;688;0;333
41;44;0;688;0;333
42;44;0;688;0;333
43;44;0;688;0;333
44;44;0;688;0;333
45;44;0;688;0;333
46;44;0;688;0;333
47;44;0;688;0;333
48;44;0;688;0;333
49;44;0;688;0;333
50;44;0;688;0;333
51;44;0;688;0;333
52;44;0;688;0;333
53;44;0;688;0;333
54;44;0;688;0;333
55;44;0;635;0;333
55;44;0;634;0;333
0;45;0;1791;0;333
1;45;0;1791;0;333
2;45;0;1791;0;333
3;45;0;1791;0;333
4;45;0;1791;0;333
5;45;0;1791;0;333
10;45;0;689;0;333
10;45;0;682;0;333
11;45;0;633;0;333
11;45;0;632;0;333
12;45;0;633;0;333
12;45;0;632;0;333
13;45;0;633;0;333
13;45;0;632;0;333
14;45;0;633;0;333
14;45;0;632;0;333
15;45;0;633;0;333
15;45;0;632;0;333
16;45;0;633;0;333
16;45;0;632;0;333
17;45;0;633;0;333
17;45;0;632;0;333
18;45;0;633;0;333
18;45;0;632;0;333
19;45;0;633;0;333
19;45;0;632;0;333
20;45;0;633;0;333
20;45;0;632;0;333
21;45;0;633;0;333
21;45;0;632;0;333
22;45;0;633;0;333
22;45;0;632;0;333
23;45;0;633;0;333
23;45;0;632;0;333
24;45;0;633;0;333
24;45;0;632;0;333
25;45;0;633;0;333
25;45;0;632;0;333
26;45;0;633;0;333
26;45;0;632;0;333
27;45;0;633;0;333
27;45;0;632;0;333
28;45;0;633;0;333
28;45;0;632;0;333
29;45;0;633;0;333
29;45;0;632;0;333
30;45;0;633;0;333
30;45;0;632;0;333
31;45;0;652;0;333
32;45;0;656;0;333
33;45;0;633;0;333
33;45;0;632;0;333
33;45;0;688;0;333
34;45;0;633;0;333
34;45;0;632;0;333
35;45;0;633;0;333
35;45;0;632;0;333
36;45;0;633;0;333
36;45;0;632;0;333
37;45;0;633;0;333
37;45;0;632;0;333
38;45;0;633;0;333
38;45;0;632;0;333
39;45;0;633;0;333
39;45;0;632;0;333
40;45;0;633;0;333
40;45;0;632;0;333
41;45;0;633;0;333
41;45;0;632;0;333
42;45;0;633;0;333
42;45;0;632;0;333
43;45;0;633;0;333
43;45;0;632;0;333
44;45;0;633;0;333
44;45;0;632;0;333
45;45;0;633;0;333
45;45;0;632;0;333
46;45;0;633;0;333
46;45;0;632;0;333
47;45;0;633;0;333
47;45;0;632;0;333
48;45;0;633;0;333
48;45;0;632;0;333
49;45;0;633;0;333
49;45;0;632;0;333
50;45;0;633;0;333
50;45;0;632;0;333
51;45;0;633;0;333
51;45;0;632;0;333
52;45;0;633;0;333
52;45;0;632;0;333
53;45;0;633;0;333
53;45;0;632;0;333
54;45;0;633;0;333
54;45;0;632;0;333
55;45;0;683;0;333
55;45;0;688;0;333
0;46;0;1791;0;333
1;46;0;1791;0;333
2;46;0;1791;0;333
3;46;0;1791;0;333
4;46;0;1791;0;333
5;46;0;1791;0;333
23;46;0;1783;0;333
30;46;0;395;0;333
33;46;0;395;0;333
48;46;0;274;0;333
57;46;0;1783;0;333
59;46;0;273;0;333
55;47;0;1813;0;333
37;48;0;1782;0;333
43;48;0;338;0;333
48;48;0;338;0;333
57;48;0;338;0;333
0;49;0;1791;0;333
1;49;0;1791;0;333
2;49;0;1791;0;333
3;49;0;1791;0;333
4;49;0;1791;0;333
5;49;0;1791;0;333
8;49;0;1791;0;333
9;49;0;1791;0;333
10;49;0;1791;0;333
11;49;0;1791;0;333
12;49;0;1791;0;333
13;49;0;1791;0;333
14;49;0;1791;0;333
15;49;0;1791;0;333
16;49;0;1791;0;333
17;49;0;1791;0;333
27;49;0;586;0;333
39;49;0;338;0;333
41;49;0;338;0;333
42;49;0;338;0;333
43;49;0;338;0;333
45;49;0;338;0;333
47;49;0;338;0;333
50;49;0;338;0;333
52;49;0;338;0;333
55;49;0;338;0;333
56;49;0;338;0;333
0;50;0;1791;0;333
1;50;0;1791;0;333
2;50;0;1791;0;333
3;50;0;1791;0;333
4;50;0;1791;0;333
5;50;0;1791;0;333
8;50;0;1791;0;333
9;50;0;1791;0;333
10;50;0;1791;0;333
11;50;0;1791;0;333
12;50;0;1791;0;333
13;50;0;1791;0;333
14;50;0;1791;0;333
15;50;0;1791;0;333
16;50;0;1791;0;333
17;50;0;1791;0;333
22;50;0;273;0;333
31;50;0;607;0;333
32;50;0;607;0;333
38;50;0;338;0;333
40;50;0;338;0;333
47;50;0;338;0;333
48;50;0;338;0;333
54;50;0;338;0;333
55;50;0;338;0;333
0;51;0;1791;0;333
1;51;0;1791;0;333
2;51;0;1791;0;333
3;51;0;1791;0;333
4;51;0;1791;0;333
5;51;0;1791;0;333
8;51;0;1791;0;333
9;51;0;1791;0;333
10;51;0;1791;0;333
11;51;0;1791;0;333
12;51;0;1791;0;333
13;51;0;1791;0;333
14;51;0;1791;0;333
15;51;0;1791;0;333
16;51;0;1791;0;333
17;51;0;1791;0;333
31;51;0;608;0;333
32;51;0;608;0;333
39;51;0;338;0;333
42;51;0;338;0;333
46;51;0;338;0;333
0;52;0;1791;0;333
1;52;0;1791;0;333
2;52;0;1791;0;333
3;52;0;1791;0;333
4;52;0;1791;0;333
5;52;0;1791;0;333
8;52;0;1791;0;333
9;52;0;1791;0;333
10;52;0;1791;0;333
11;52;0;1791;0;333
12;52;0;1791;0;333
13;52;0;1791;0;333
14;52;0;1791;0;333
15;52;0;1791;0;333
16;52;0;1791;0;333
17;52;0;1791;0;333
19;52;0;338;0;333
31;52;0;608;0;333
32;52;0;608;0;333
17;53;0;338;0;333
18;53;0;338;0;333
31;53;0;612;0;333
32;53;0;612;0;333
15;54;0;1266;0;333
16;54;0;338;0;333
17;54;0;338;0;333
18;54;0;1265;0;333
18;54;0;338;0;333
52;54;0;1812;0;333
0;55;0;1791;0;333
1;55;0;1791;0;333
2;55;0;1791;0;333
3;55;0;1791;0;333
4;55;0;1791;0;333
5;55;0;1791;0;333
8;55;0;1791;0;333
9;55;0;1791;0;333
10;55;0;1791;0;333
11;55;0;1791;0;333
12;55;0;1791;0;333
15;55;0;338;0;333
16;55;0;914;0;333
16;55;0;338;0;333
17;55;0;1254;0;333
18;55;0;1246;0;333
19;55;0;338;0;333
47;55;0;542;0;333
0;56;0;1791;0;333
1;56;0;1791;0;333
2;56;0;1791;0;333
3;56;0;1791;0;333
4;56;0;1791;0;333
5;56;0;1791;0;333
8;56;0;1791;0;333
9;56;0;1791;0;333
10;56;0;1791;0;333
11;56;0;1791;0;333
12;56;0;1791;0;333
14;56;0;338;0;333
16;56;0;338;0;333
17;56;0;1245;0;333
18;56;0;338;0;333
21;56;0;586;0;333
40;56;0;1804;0;333
44;56;0;273;0;333
54;56;0;1783;0;333
0;57;0;1791;0;333
1;57;0;1791;0;333
2;57;0;1791;0;333
3;57;0;1791;0;333
4;57;0;1791;0;333
5;57;0;1791;0;333
8;57;0;1791;0;333
9;57;0;1791;0;333
10;57;0;1791;0;333
11;57;0;1791;0;333
12;57;0;1791;0;333
16;57;0;1272;0;333
25;57;0;1783;0;333
36;57;0;1783;0;333
36;57;0;273;0;333
47;57;0;1783;0;333
0;58;0;1791;0;333
1;58;0;1791;0;333
2;58;0;1791;0;333
3;58;0;1791;0;333
4;58;0;1791;0;333
5;58;0;1791;0;333
8;58;0;1791;0;333
9;58;0;1791;0;333
10;58;0;1791;0;333
11;58;0;1791;0;333
12;58;0;1791;0;333
28;58;0;274;0;333
49;58;0;1265;0;333
51;58;0;273;0;333
54;58;0;1804;0;333
