42;2;0;613;0;333
43;2;0;613;0;333
44;2;0;613;0;333
45;2;0;613;0;333
46;2;0;613;0;333
47;2;0;613;0;333
48;2;0;613;0;333
49;2;0;613;0;333
50;2;0;613;0;333
51;2;0;613;0;333
42;3;0;613;0;333
44;3;0;3095;0;333
45;3;0;3095;0;333
46;3;0;3095;0;333
47;3;0;3095;0;333
48;3;0;3100;0;333
49;3;0;3099;0;333
50;3;0;3100;0;333
51;3;0;613;0;333
41;4;0;613;0;333
42;4;0;613;0;333
46;4;0;2937;0;333
50;4;0;3099;0;333
51;4;0;613;0;333
41;5;0;613;0;333
49;5;0;1246;0;333
50;5;0;627;0;333
51;5;0;613;0;333
52;5;0;287;0;333
53;5;0;287;0;333
54;5;0;287;0;333
41;6;0;613;0;333
46;6;0;3101;0;333
50;6;0;623;0;333
51;6;0;287;0;333
52;6;0;287;0;333
53;6;0;287;0;333
54;6;0;287;0;333
41;7;0;613;0;333
46;7;0;3101;0;333
49;7;0;3101;0;333
50;7;0;629;0;333
51;7;0;622;0;333
52;7;0;630;0;333
53;7;0;287;0;333
54;7;0;287;0;333
69;7;0;287;0;333
70;7;0;287;0;333
71;7;0;287;0;333
72;7;0;287;0;333
73;7;0;287;0;333
74;7;0;287;0;333
75;7;0;287;0;333
76;7;0;287;0;333
77;7;0;287;0;333
78;7;0;287;0;333
79;7;0;287;0;333
80;7;0;287;0;333
81;7;0;287;0;333
82;7;0;287;0;333
83;7;0;287;0;333
84;7;0;287;0;333
85;7;0;287;0;333
86;7;0;287;0;333
41;8;0;613;0;333
44;8;0;2038;0;333
52;8;0;623;0;333
53;8;0;287;0;333
54;8;0;287;0;333
55;8;0;287;0;333
56;8;0;287;0;333
57;8;0;287;0;333
58;8;0;287;0;333
59;8;0;287;0;333
60;8;0;287;0;333
61;8;0;287;0;333
62;8;0;287;0;333
63;8;0;287;0;333
64;8;0;287;0;333
65;8;0;287;0;333
66;8;0;287;0;333
67;8;0;287;0;333
68;8;0;287;0;333
69;8;0;287;0;333
70;8;0;622;0;333
71;8;0;622;0;333
72;8;0;622;0;333
73;8;0;622;0;333
74;8;0;622;0;333
75;8;0;630;0;333
76;8;0;287;0;333
77;8;0;287;0;333
78;8;0;287;0;333
79;8;0;287;0;333
80;8;0;287;0;333
81;8;0;287;0;333
82;8;0;287;0;333
83;8;0;287;0;333
84;8;0;287;0;333
85;8;0;287;0;333
86;8;0;287;0;333
87;8;0;287;0;333
88;8;0;287;0;333
89;8;0;287;0;333
41;9;0;613;0;333
46;9;0;2038;0;333
52;9;0;629;0;333
53;9;0;622;0;333
54;9;0;622;0;333
55;9;0;622;0;333
56;9;0;622;0;333
57;9;0;630;0;333
58;9;0;287;0;333
59;9;0;287;0;333
60;9;0;287;0;333
61;9;0;287;0;333
62;9;0;287;0;333
63;9;0;287;0;333
64;9;0;287;0;333
65;9;0;622;0;333
66;9;0;622;0;333
67;9;0;622;0;333
68;9;0;622;0;333
69;9;0;622;0;333
70;9;0;3100;0;333
71;9;0;628;0;333
74;9;0;3100;0;333
75;9;0;629;0;333
76;9;0;622;0;333
77;9;0;597;0;333
78;9;0;622;0;333
79;9;0;597;0;333
80;9;0;622;0;333
81;9;0;597;0;333
82;9;0;622;0;333
83;9;0;597;0;333
84;9;0;622;0;333
85;9;0;622;0;333
86;9;0;630;0;333
87;9;0;287;0;333
88;9;0;287;0;333
89;9;0;287;0;333
90;9;0;287;0;333
91;9;0;287;0;333
92;9;0;287;0;333
41;10;0;613;0;333
48;10;0;3096;0;333
52;10;0;1245;0;333
53;10;0;628;0;333
54;10;0;3100;0;333
55;10;0;3100;0;333
56;10;0;3100;0;333
57;10;0;629;0;333
58;10;0;622;0;333
59;10;0;622;0;333
60;10;0;622;0;333
61;10;0;622;0;333
62;10;0;622;0;333
63;10;0;622;0;333
64;10;0;622;0;333
65;10;0;3097;0;333
68;10;0;1245;0;333
73;10;0;1246;0;333
78;10;0;3097;0;333
79;10;0;1246;0;333
80;10;0;1245;0;333
86;10;0;629;0;333
87;10;0;622;0;333
88;10;0;622;0;333
89;10;0;622;0;333
90;10;0;630;0;333
91;10;0;287;0;333
92;10;0;287;0;333
47;11;0;3093;0;333
48;11;0;613;0;333
50;11;0;3094;0;333
60;11;0;628;0;333
61;11;0;3100;0;333
62;11;0;3097;0;333
69;11;0;2038;0;333
82;11;0;2925;0;333
87;11;0;628;0;333
90;11;0;623;0;333
91;11;0;287;0;333
92;11;0;287;0;333
47;12;0;3101;0;333
48;12;0;3095;0;333
57;12;0;2937;0;333
57;12;0;3096;0;333
89;12;0;1245;0;333
90;12;0;623;0;333
91;12;0;287;0;333
92;12;0;287;0;333
57;13;0;3095;0;333
90;13;0;623;0;333
91;13;0;287;0;333
92;13;0;287;0;333
46;14;0;1246;0;333
49;14;0;2937;0;333
51;14;0;3096;0;333
90;14;0;629;0;333
91;14;0;630;0;333
92;14;0;287;0;333
10;15;0;287;0;333
11;15;0;287;0;333
12;15;0;287;0;333
13;15;0;287;0;333
14;15;0;287;0;333
15;15;0;287;0;333
16;15;0;287;0;333
17;15;0;287;0;333
18;15;0;287;0;333
19;15;0;287;0;333
20;15;0;287;0;333
21;15;0;287;0;333
22;15;0;287;0;333
23;15;0;287;0;333
24;15;0;287;0;333
25;15;0;287;0;333
26;15;0;287;0;333
27;15;0;287;0;333
50;15;0;3093;0;333
51;15;0;613;0;333
52;15;0;3094;0;333
57;15;0;627;0;333
58;15;0;627;0;333
59;15;0;627;0;333
82;15;0;2925;0;333
91;15;0;596;0;333
92;15;0;287;0;333
7;16;0;287;0;333
8;16;0;287;0;333
9;16;0;287;0;333
10;16;0;287;0;333
11;16;0;287;0;333
12;16;0;287;0;333
13;16;0;287;0;333
14;16;0;287;0;333
15;16;0;287;0;333
16;16;0;287;0;333
17;16;0;287;0;333
18;16;0;287;0;333
19;16;0;287;0;333
20;16;0;287;0;333
21;16;0;287;0;333
22;16;0;287;0;333
23;16;0;287;0;333
24;16;0;287;0;333
25;16;0;287;0;333
26;16;0;287;0;333
27;16;0;287;0;333
28;16;0;287;0;333
29;16;0;287;0;333
30;16;0;287;0;333
31;16;0;287;0;333
32;16;0;287;0;333
33;16;0;287;0;333
34;16;0;287;0;333
35;16;0;287;0;333
36;16;0;287;0;333
37;16;0;287;0;333
51;16;0;3095;0;333
53;16;0;3101;0;333
57;16;0;623;0;333
58;16;0;287;0;333
59;16;0;287;0;333
74;16;0;3097;0;333
91;16;0;623;0;333
92;16;0;287;0;333
7;17;0;287;0;333
8;17;0;287;0;333
9;17;0;287;0;333
10;17;0;287;0;333
11;17;0;287;0;333
12;17;0;287;0;333
13;17;0;287;0;333
14;17;0;287;0;333
15;17;0;287;0;333
16;17;0;287;0;333
17;17;0;287;0;333
18;17;0;287;0;333
19;17;0;287;0;333
20;17;0;287;0;333
21;17;0;287;0;333
22;17;0;287;0;333
23;17;0;287;0;333
24;17;0;287;0;333
25;17;0;287;0;333
26;17;0;287;0;333
27;17;0;287;0;333
28;17;0;287;0;333
29;17;0;287;0;333
30;17;0;287;0;333
31;17;0;287;0;333
32;17;0;287;0;333
33;17;0;287;0;333
34;17;0;287;0;333
35;17;0;287;0;333
36;17;0;287;0;333
37;17;0;287;0;333
38;17;0;287;0;333
39;17;0;287;0;333
56;17;0;627;0;333
57;17;0;623;0;333
58;17;0;287;0;333
91;17;0;596;0;333
92;17;0;287;0;333
6;18;0;287;0;333
7;18;0;287;0;333
8;18;0;597;0;333
9;18;0;597;0;333
10;18;0;597;0;333
11;18;0;597;0;333
12;18;0;597;0;333
13;18;0;597;0;333
14;18;0;597;0;333
15;18;0;597;0;333
16;18;0;597;0;333
17;18;0;597;0;333
18;18;0;597;0;333
19;18;0;597;0;333
20;18;0;597;0;333
21;18;0;597;0;333
22;18;0;597;0;333
23;18;0;597;0;333
24;18;0;597;0;333
25;18;0;597;0;333
26;18;0;597;0;333
27;18;0;597;0;333
28;18;0;597;0;333
29;18;0;597;0;333
30;18;0;597;0;333
31;18;0;597;0;333
32;18;0;597;0;333
33;18;0;597;0;333
34;18;0;597;0;333
35;18;0;597;0;333
36;18;0;597;0;333
37;18;0;597;0;333
38;18;0;287;0;333
39;18;0;287;0;333
52;18;0;1245;0;333
57;18;0;623;0;333
58;18;0;287;0;333
89;18;0;75;0;333
91;18;0;623;0;333
92;18;0;287;0;333
6;19;0;287;0;333
9;19;0;598;0;333
10;19;0;598;0;333
11;19;0;598;0;333
12;19;0;598;0;333
13;19;0;598;0;333
14;19;0;598;0;333
15;19;0;598;0;333
16;19;0;598;0;333
17;19;0;598;0;333
18;19;0;598;0;333
19;19;0;598;0;333
20;19;0;598;0;333
21;19;0;598;0;333
22;19;0;598;0;333
23;19;0;598;0;333
24;19;0;598;0;333
25;19;0;598;0;333
26;19;0;598;0;333
27;19;0;598;0;333
28;19;0;598;0;333
29;19;0;598;0;333
30;19;0;598;0;333
31;19;0;598;0;333
32;19;0;598;0;333
33;19;0;598;0;333
34;19;0;598;0;333
35;19;0;598;0;333
36;19;0;598;0;333
37;19;0;596;0;333
38;19;0;287;0;333
39;19;0;287;0;333
57;19;0;623;0;333
58;19;0;287;0;333
91;19;0;596;0;333
92;19;0;287;0;333
6;20;0;287;0;333
7;20;0;599;0;333
9;20;0;287;0;333
10;20;0;287;0;333
11;20;0;287;0;333
12;20;0;287;0;333
13;20;0;287;0;333
14;20;0;287;0;333
15;20;0;287;0;333
16;20;0;287;0;333
17;20;0;287;0;333
18;20;0;287;0;333
19;20;0;287;0;333
20;20;0;287;0;333
21;20;0;287;0;333
22;20;0;287;0;333
23;20;0;287;0;333
24;20;0;287;0;333
25;20;0;287;0;333
26;20;0;287;0;333
27;20;0;287;0;333
28;20;0;287;0;333
29;20;0;287;0;333
30;20;0;287;0;333
31;20;0;287;0;333
32;20;0;287;0;333
33;20;0;287;0;333
34;20;0;287;0;333
35;20;0;287;0;333
36;20;0;599;0;333
37;20;0;596;0;333
38;20;0;287;0;333
39;20;0;287;0;333
56;20;0;3100;0;333
57;20;0;623;0;333
58;20;0;287;0;333
91;20;0;623;0;333
92;20;0;287;0;333
6;21;0;287;0;333
7;21;0;599;0;333
8;21;0;596;0;333
9;21;0;287;0;333
10;21;0;287;0;333
11;21;0;287;0;333
12;21;0;287;0;333
13;21;0;287;0;333
14;21;0;287;0;333
15;21;0;287;0;333
16;21;0;287;0;333
17;21;0;287;0;333
18;21;0;287;0;333
19;21;0;287;0;333
20;21;0;287;0;333
21;21;0;287;0;333
22;21;0;287;0;333
23;21;0;287;0;333
24;21;0;287;0;333
25;21;0;287;0;333
26;21;0;287;0;333
27;21;0;287;0;333
28;21;0;287;0;333
29;21;0;287;0;333
30;21;0;287;0;333
31;21;0;287;0;333
32;21;0;287;0;333
33;21;0;287;0;333
34;21;0;287;0;333
35;21;0;287;0;333
36;21;0;599;0;333
37;21;0;596;0;333
38;21;0;287;0;333
39;21;0;287;0;333
56;21;0;627;0;333
57;21;0;623;0;333
58;21;0;287;0;333
90;21;0;3097;0;333
91;21;0;596;0;333
92;21;0;287;0;333
5;22;0;287;0;333
6;22;0;287;0;333
7;22;0;599;0;333
8;22;0;596;0;333
9;22;0;287;0;333
10;22;0;287;0;333
11;22;0;287;0;333
12;22;0;287;0;333
13;22;0;287;0;333
14;22;0;287;0;333
15;22;0;287;0;333
16;22;0;287;0;333
17;22;0;287;0;333
18;22;0;287;0;333
19;22;0;287;0;333
20;22;0;287;0;333
21;22;0;287;0;333
22;22;0;287;0;333
23;22;0;287;0;333
24;22;0;287;0;333
25;22;0;287;0;333
26;22;0;287;0;333
27;22;0;287;0;333
28;22;0;287;0;333
29;22;0;287;0;333
30;22;0;287;0;333
31;22;0;287;0;333
32;22;0;287;0;333
33;22;0;287;0;333
34;22;0;287;0;333
35;22;0;287;0;333
36;22;0;599;0;333
37;22;0;596;0;333
38;22;0;287;0;333
39;22;0;287;0;333
56;22;0;1246;0;333
57;22;0;623;0;333
58;22;0;287;0;333
84;22;0;3100;0;333
91;22;0;623;0;333
92;22;0;287;0;333
5;23;0;287;0;333
6;23;0;287;0;333
7;23;0;599;0;333
8;23;0;596;0;333
9;23;0;287;0;333
10;23;0;287;0;333
11;23;0;287;0;333
12;23;0;287;0;333
13;23;0;287;0;333
14;23;0;287;0;333
27;23;0;287;0;333
28;23;0;287;0;333
29;23;0;287;0;333
30;23;0;287;0;333
31;23;0;287;0;333
32;23;0;287;0;333
33;23;0;287;0;333
34;23;0;287;0;333
35;23;0;287;0;333
36;23;0;599;0;333
37;23;0;287;0;333
38;23;0;287;0;333
39;23;0;287;0;333
56;23;0;3093;0;333
57;23;0;613;0;333
58;23;0;287;0;333
84;23;0;3099;0;333
90;23;0;1245;0;333
91;23;0;623;0;333
92;23;0;287;0;333
5;24;0;287;0;333
6;24;0;287;0;333
7;24;0;599;0;333
8;24;0;596;0;333
9;24;0;287;0;333
10;24;0;287;0;333
11;24;0;287;0;333
12;24;0;287;0;333
27;24;0;287;0;333
28;24;0;287;0;333
29;24;0;287;0;333
30;24;0;287;0;333
31;24;0;287;0;333
32;24;0;287;0;333
33;24;0;287;0;333
34;24;0;287;0;333
35;24;0;287;0;333
36;24;0;599;0;333
37;24;0;287;0;333
38;24;0;287;0;333
39;24;0;287;0;333
40;24;0;287;0;333
56;24;0;3093;0;333
57;24;0;613;0;333
58;24;0;287;0;333
84;24;0;3097;0;333
90;24;0;3099;0;333
91;24;0;596;0;333
92;24;0;287;0;333
5;25;0;287;0;333
6;25;0;287;0;333
7;25;0;599;0;333
8;25;0;596;0;333
9;25;0;287;0;333
10;25;0;287;0;333
11;25;0;287;0;333
26;25;0;287;0;333
27;25;0;287;0;333
28;25;0;287;0;333
29;25;0;287;0;333
30;25;0;287;0;333
31;25;0;287;0;333
31;25;0;287;0;333
32;25;0;287;0;333
33;25;0;287;0;333
34;25;0;287;0;333
35;25;0;287;0;333
36;25;0;599;0;333
37;25;0;287;0;333
38;25;0;287;0;333
39;25;0;287;0;333
40;25;0;287;0;333
53;25;0;1272;0;333
56;25;0;3093;0;333
57;25;0;613;0;333
58;25;0;287;0;333
59;25;0;287;0;333
90;25;0;3097;0;333
91;25;0;623;0;333
92;25;0;287;0;333
5;26;0;287;0;333
6;26;0;287;0;333
7;26;0;599;0;333
8;26;0;596;0;333
9;26;0;287;0;333
10;26;0;287;0;333
11;26;0;287;0;333
24;26;0;287;0;333
25;26;0;287;0;333
26;26;0;287;0;333
27;26;0;622;0;333
28;26;0;622;0;333
29;26;0;622;0;333
30;26;0;629;0;333
31;26;0;287;0;333
32;26;0;622;0;333
33;26;0;622;0;333
34;26;0;622;0;333
35;26;0;622;0;333
36;26;0;2927;0;333
37;26;0;622;0;333
38;26;0;622;0;333
39;26;0;630;0;333
40;26;0;287;0;333
41;26;0;287;0;333
56;26;0;627;0;333
57;26;0;613;0;333
58;26;0;287;0;333
59;26;0;287;0;333
89;26;0;1246;0;333
91;26;0;623;0;333
92;26;0;287;0;333
5;27;0;287;0;333
6;27;0;287;0;333
7;27;0;599;0;333
8;27;0;596;0;333
9;27;0;287;0;333
10;27;0;287;0;333
11;27;0;287;0;333
24;27;0;622;0;333
25;27;0;622;0;333
26;27;0;622;0;333
27;27;0;628;0;333
30;27;0;1245;0;333
31;27;0;597;0;333
39;27;0;629;0;333
40;27;0;630;0;333
41;27;0;287;0;333
56;27;0;623;0;333
57;27;0;287;0;333
58;27;0;287;0;333
59;27;0;287;0;333
86;27;0;1254;0;333
91;27;0;623;0;333
92;27;0;287;0;333
5;28;0;287;0;333
6;28;0;287;0;333
7;28;0;599;0;333
8;28;0;287;0;333
9;28;0;287;0;333
10;28;0;287;0;333
11;28;0;287;0;333
25;28;0;628;0;333
26;28;0;628;0;333
28;28;0;1246;0;333
31;28;0;598;0;333
40;28;0;623;0;333
41;28;0;287;0;333
55;28;0;627;0;333
56;28;0;623;0;333
57;28;0;287;0;333
58;28;0;287;0;333
59;28;0;287;0;333
91;28;0;596;0;333
92;28;0;287;0;333
5;29;0;287;0;333
6;29;0;287;0;333
7;29;0;599;0;333
8;29;0;287;0;333
9;29;0;287;0;333
10;29;0;287;0;333
11;29;0;287;0;333
26;29;0;1246;0;333
30;29;0;627;0;333
31;29;0;287;0;333
38;29;0;1272;0;333
40;29;0;623;0;333
41;29;0;287;0;333
42;29;0;287;0;333
56;29;0;623;0;333
57;29;0;287;0;333
58;29;0;287;0;333
59;29;0;287;0;333
91;29;0;623;0;333
92;29;0;287;0;333
5;30;0;287;0;333
6;30;0;287;0;333
7;30;0;599;0;333
8;30;0;287;0;333
9;30;0;287;0;333
10;30;0;287;0;333
11;30;0;287;0;333
29;30;0;627;0;333
30;30;0;623;0;333
31;30;0;287;0;333
32;30;0;287;0;333
33;30;0;287;0;333
34;30;0;287;0;333
40;30;0;629;0;333
41;30;0;630;0;333
42;30;0;287;0;333
55;30;0;1246;0;333
56;30;0;629;0;333
57;30;0;613;0;333
58;30;0;287;0;333
59;30;0;287;0;333
91;30;0;596;0;333
92;30;0;287;0;333
3;31;0;287;0;333
4;31;0;287;0;333
5;31;0;287;0;333
6;31;0;287;0;333
7;31;0;599;0;333
8;31;0;287;0;333
9;31;0;287;0;333
10;31;0;287;0;333
29;31;0;623;0;333
30;31;0;287;0;333
31;31;0;287;0;333
34;31;0;287;0;333
39;31;0;3098;0;333
40;31;0;3098;0;333
41;31;0;623;0;333
42;31;0;287;0;333
57;31;0;613;0;333
58;31;0;287;0;333
59;31;0;287;0;333
84;31;0;1246;0;333
91;31;0;623;0;333
92;31;0;287;0;333
3;32;0;287;0;333
4;32;0;287;0;333
5;32;0;287;0;333
6;32;0;287;0;333
8;32;0;630;0;333
9;32;0;287;0;333
10;32;0;287;0;333
28;32;0;627;0;333
29;32;0;623;0;333
30;32;0;287;0;333
34;32;0;287;0;333
40;32;0;627;0;333
41;32;0;623;0;333
42;32;0;287;0;333
43;32;0;287;0;333
44;32;0;287;0;333
45;32;0;287;0;333
46;32;0;287;0;333
47;32;0;287;0;333
56;32;0;627;0;333
57;32;0;613;0;333
58;32;0;287;0;333
59;32;0;287;0;333
90;32;0;623;0;333
91;32;0;287;0;333
92;32;0;287;0;333
3;33;0;622;0;333
4;33;0;622;0;333
5;33;0;622;0;333
6;33;0;622;0;333
7;33;0;2927;0;333
8;33;0;629;0;333
9;33;0;630;0;333
10;33;0;287;0;333
29;33;0;623;0;333
30;33;0;287;0;333
34;33;0;287;0;333
35;33;0;626;0;333
40;33;0;3097;0;333
41;33;0;629;0;333
42;33;0;622;0;333
43;33;0;622;0;333
44;33;0;622;0;333
45;33;0;630;0;333
46;33;0;287;0;333
47;33;0;287;0;333
54;33;0;1272;0;333
56;33;0;623;0;333
57;33;0;287;0;333
58;33;0;287;0;333
59;33;0;287;0;333
90;33;0;623;0;333
91;33;0;287;0;333
5;34;0;628;0;333
7;34;0;1272;0;333
9;34;0;623;0;333
10;34;0;287;0;333
27;34;0;1246;0;333
28;34;0;627;0;333
29;34;0;623;0;333
30;34;0;287;0;333
37;34;0;1272;0;333
40;34;0;3098;0;333
43;34;0;3100;0;333
44;34;0;3098;0;333
45;34;0;629;0;333
46;34;0;630;0;333
47;34;0;287;0;333
56;34;0;623;0;333
57;34;0;287;0;333
58;34;0;287;0;333
59;34;0;287;0;333
90;34;0;596;0;333
91;34;0;287;0;333
4;35;0;914;0;333
8;35;0;2832;0;333
9;35;0;623;0;333
10;35;0;287;0;333
28;35;0;623;0;333
29;35;0;287;0;333
30;35;0;287;0;333
44;35;0;3100;0;333
45;35;0;3097;0;333
46;35;0;623;0;333
47;35;0;287;0;333
56;35;0;613;0;333
57;35;0;287;0;333
58;35;0;287;0;333
90;35;0;623;0;333
91;35;0;287;0;333
9;36;0;623;0;333
10;36;0;287;0;333
11;36;0;287;0;333
37;36;0;232;0;333
45;36;0;3098;0;333
46;36;0;623;0;333
47;36;0;287;0;333
51;36;0;287;0;333
56;36;0;613;0;333
57;36;0;287;0;333
58;36;0;287;0;333
84;36;0;3100;0;333
85;36;0;3097;0;333
89;36;0;3097;0;333
90;36;0;596;0;333
91;36;0;287;0;333
7;37;0;232;0;333
9;37;0;629;0;333
10;37;0;630;0;333
11;37;0;287;0;333
45;37;0;3100;0;333
46;37;0;623;0;333
47;37;0;287;0;333
48;37;0;287;0;333
49;37;0;287;0;333
50;37;0;287;0;333
51;37;0;287;0;333
55;37;0;627;0;333
56;37;0;613;0;333
57;37;0;287;0;333
58;37;0;287;0;333
84;37;0;3099;0;333
89;37;0;1246;0;333
90;37;0;623;0;333
91;37;0;287;0;333
92;37;0;287;0;333
10;38;0;623;0;333
11;38;0;287;0;333
46;38;0;629;0;333
47;38;0;622;0;333
48;38;0;622;0;333
49;38;0;622;0;333
50;38;0;622;0;333
51;38;0;622;0;333
55;38;0;623;0;333
56;38;0;287;0;333
57;38;0;287;0;333
58;38;0;287;0;333
90;38;0;629;0;333
91;38;0;630;0;333
92;38;0;287;0;333
10;39;0;623;0;333
11;39;0;287;0;333
47;39;0;3100;0;333
49;39;0;3100;0;333
55;39;0;623;0;333
56;39;0;287;0;333
57;39;0;287;0;333
58;39;0;287;0;333
89;39;0;3099;0;333
91;39;0;623;0;333
92;39;0;287;0;333
8;40;0;623;0;333
9;40;0;287;0;333
10;40;0;287;0;333
11;40;0;287;0;333
48;40;0;232;0;333
50;40;0;914;0;333
54;40;0;627;0;333
55;40;0;623;0;333
56;40;0;287;0;333
57;40;0;287;0;333
58;40;0;287;0;333
90;40;0;627;0;333
91;40;0;623;0;333
92;40;0;287;0;333
93;40;0;287;0;333
6;41;0;623;0;333
7;41;0;287;0;333
8;41;0;287;0;333
9;41;0;287;0;333
9;41;0;287;0;333
10;41;0;287;0;333
51;41;0;1272;0;333
54;41;0;3100;0;333
55;41;0;629;0;333
56;41;0;613;0;333
57;41;0;287;0;333
58;41;0;287;0;333
63;41;0;613;0;333
64;41;0;613;0;333
65;41;0;613;0;333
66;41;0;613;0;333
67;41;0;613;0;333
68;41;0;613;0;333
69;41;0;613;0;333
70;41;0;613;0;333
71;41;0;613;0;333
88;41;0;1254;0;333
91;41;0;629;0;333
92;41;0;630;0;333
93;41;0;287;0;333
55;42;0;3100;0;333
56;42;0;613;0;333
57;42;0;287;0;333
64;42;0;3098;0;333
65;42;0;629;0;333
66;42;0;622;0;333
67;42;0;513;0;333
68;42;0;629;0;333
69;42;0;622;0;333
70;42;0;3099;0;333
71;42;0;629;0;333
72;42;0;613;0;333
92;42;0;623;0;333
93;42;0;287;0;333
94;42;0;287;0;333
55;43;0;1246;0;333
56;43;0;613;0;333
57;43;0;287;0;333
71;43;0;220;0;333
72;43;0;613;0;333
92;43;0;629;0;333
93;43;0;630;0;333
94;43;0;287;0;333
55;44;0;627;0;333
56;44;0;613;0;333
57;44;0;287;0;333
66;44;0;2832;0;333
72;44;0;623;0;333
93;44;0;623;0;333
94;44;0;287;0;333
56;45;0;613;0;333
57;45;0;287;0;333
71;45;0;513;0;333
72;45;0;613;0;333
85;45;0;3100;0;333
91;45;0;3099;0;333
93;45;0;623;0;333
94;45;0;287;0;333
37;46;0;287;0;333
38;46;0;287;0;333
39;46;0;287;0;333
40;46;0;287;0;333
41;46;0;287;0;333
42;46;0;599;0;333
43;46;0;596;0;333
44;46;0;287;0;333
45;46;0;287;0;333
46;46;0;287;0;333
47;46;0;287;0;333
48;46;0;287;0;333
49;46;0;287;0;333
56;46;0;613;0;333
57;46;0;287;0;333
71;46;0;339;0;333
72;46;0;613;0;333
84;46;0;3099;0;333
85;46;0;3097;0;333
92;46;0;627;0;333
93;46;0;623;0;333
94;46;0;287;0;333
14;47;0;287;0;333
15;47;0;287;0;333
16;47;0;287;0;333
17;47;0;287;0;333
18;47;0;287;0;333
19;47;0;287;0;333
20;47;0;287;0;333
21;47;0;287;0;333
22;47;0;287;0;333
23;47;0;287;0;333
24;47;0;287;0;333
25;47;0;287;0;333
26;47;0;287;0;333
27;47;0;287;0;333
28;47;0;287;0;333
29;47;0;287;0;333
30;47;0;287;0;333
31;47;0;287;0;333
32;47;0;287;0;333
33;47;0;287;0;333
34;47;0;287;0;333
35;47;0;287;0;333
36;47;0;287;0;333
37;47;0;287;0;333
38;47;0;622;0;333
39;47;0;622;0;333
40;47;0;622;0;333
41;47;0;628;0;333
44;47;0;629;0;333
45;47;0;287;0;333
46;47;0;287;0;333
47;47;0;287;0;333
48;47;0;287;0;333
49;47;0;287;0;333
55;47;0;287;0;333
56;47;0;287;0;333
57;47;0;287;0;333
72;47;0;613;0;333
84;47;0;3097;0;333
88;47;0;28;0;333
93;47;0;623;0;333
94;47;0;287;0;333
14;48;0;287;0;333
15;48;0;287;0;333
16;48;0;287;0;333
17;48;0;287;0;333
18;48;0;287;0;333
19;48;0;287;0;333
20;48;0;622;0;333
21;48;0;622;0;333
22;48;0;613;0;333
23;48;0;613;0;333
24;48;0;613;0;333
25;48;0;613;0;333
26;48;0;613;0;333
27;48;0;613;0;333
28;48;0;622;0;333
29;48;0;613;0;333
30;48;0;613;0;333
31;48;0;613;0;333
32;48;0;613;0;333
33;48;0;613;0;333
34;48;0;622;0;333
35;48;0;613;0;333
36;48;0;622;0;333
37;48;0;622;0;333
39;48;0;914;0;333
40;48;0;2925;0;333
45;48;0;287;0;333
46;48;0;287;0;333
47;48;0;287;0;333
48;48;0;287;0;333
49;48;0;287;0;333
50;48;0;287;0;333
51;48;0;287;0;333
52;48;0;287;0;333
53;48;0;287;0;333
54;48;0;287;0;333
55;48;0;287;0;333
72;48;0;613;0;333
83;48;0;1245;0;333
93;48;0;623;0;333
94;48;0;287;0;333
14;49;0;287;0;333
15;49;0;622;0;333
16;49;0;622;0;333
17;49;0;622;0;333
18;49;0;622;0;333
19;49;0;622;0;333
20;49;0;628;0;333
21;49;0;3097;0;333
22;49;0;3097;0;333
23;49;0;3095;0;333
26;49;0;3095;0;333
31;49;0;3095;0;333
34;49;0;3098;0;333
35;49;0;3095;0;333
43;49;0;623;0;333
44;49;0;287;0;333
45;49;0;287;0;333
46;49;0;287;0;333
47;49;0;287;0;333
48;49;0;287;0;333
49;49;0;287;0;333
72;49;0;623;0;333
89;49;0;3099;0;333
90;49;0;3097;0;333
93;49;0;623;0;333
94;49;0;287;0;333
13;50;0;287;0;333
14;50;0;287;0;333
17;50;0;628;0;333
28;50;0;232;0;333
29;50;0;3101;0;333
43;50;0;623;0;333
44;50;0;287;0;333
45;50;0;287;0;333
67;50;0;613;0;333
72;50;0;623;0;333
89;50;0;1245;0;333
92;50;0;623;0;333
93;50;0;287;0;333
94;50;0;287;0;333
13;51;0;287;0;333
14;51;0;622;0;333
15;51;0;3097;0;333
17;51;0;1245;0;333
40;51;0;3098;0;333
41;51;0;613;0;333
42;51;0;613;0;333
43;51;0;613;0;333
44;51;0;287;0;333
45;51;0;287;0;333
72;51;0;613;0;333
89;51;0;627;0;333
90;51;0;627;0;333
91;51;0;627;0;333
92;51;0;623;0;333
93;51;0;287;0;333
13;52;0;287;0;333
17;52;0;914;0;333
40;52;0;3093;0;333
41;52;0;613;0;333
42;52;0;287;0;333
43;52;0;287;0;333
44;52;0;287;0;333
45;52;0;287;0;333
68;52;0;3098;0;333
72;52;0;613;0;333
88;52;0;3099;0;333
89;52;0;623;0;333
90;52;0;287;0;333
91;52;0;287;0;333
92;52;0;287;0;333
93;52;0;287;0;333
13;53;0;622;0;333
19;53;0;2937;0;333
36;53;0;3101;0;333
40;53;0;1251;0;333
41;53;0;613;0;333
42;53;0;287;0;333
54;53;0;613;0;333
55;53;0;613;0;333
56;53;0;613;0;333
57;53;0;613;0;333
58;53;0;613;0;333
59;53;0;613;0;333
60;53;0;613;0;333
61;53;0;613;0;333
62;53;0;613;0;333
63;53;0;613;0;333
72;53;0;613;0;333
88;53;0;627;0;333
89;53;0;623;0;333
90;53;0;287;0;333
13;54;0;1251;0;333
21;54;0;627;0;333
22;54;0;627;0;333
25;54;0;287;0;333
41;54;0;613;0;333
42;54;0;287;0;333
55;54;0;339;0;333
56;54;0;3075;0;333
57;54;0;320;0;333
57;54;0;335;0;333
58;54;0;514;0;333
59;54;0;1360;0;333
60;54;0;3075;0;333
61;54;0;266;0;333
63;54;0;613;0;333
72;54;0;623;0;333
88;54;0;232;0;333
89;54;0;623;0;333
90;54;0;287;0;333
21;55;0;623;0;333
22;55;0;287;0;333
23;55;0;287;0;333
24;55;0;287;0;333
25;55;0;287;0;333
55;55;0;339;0;333
63;55;0;613;0;333
67;55;0;613;0;333
72;55;0;623;0;333
89;55;0;596;0;333
90;55;0;287;0;333
21;56;0;623;0;333
22;56;0;287;0;333
55;56;0;75;0;333
61;56;0;212;0;333
63;56;0;613;0;333
72;56;0;613;0;333
89;56;0;623;0;333
90;56;0;287;0;333
20;57;0;627;0;333
21;57;0;287;0;333
22;57;0;287;0;333
57;57;0;1245;666;333
60;57;0;213;0;333
61;57;0;36;0;333
62;57;0;219;0;333
63;57;0;613;0;333
71;57;0;3099;0;333
72;57;0;613;0;333
89;57;0;596;0;333
90;57;0;287;0;333
20;58;0;623;0;333
21;58;0;287;0;333
55;58;0;513;0;333
57;58;0;12;0;333
57;58;0;1008;0;333
62;58;0;211;0;333
62;58;0;220;0;333
63;58;0;613;0;333
72;58;0;613;0;333
89;58;0;623;0;333
90;58;0;287;0;333
13;59;0;626;0;333
19;59;0;627;0;333
20;59;0;623;0;333
21;59;0;287;0;333
55;59;0;513;0;333
63;59;0;613;0;333
72;59;0;613;0;333
89;59;0;596;0;333
90;59;0;287;0;333
12;60;0;613;0;333
13;60;0;287;0;333
19;60;0;3097;0;333
20;60;0;623;0;333
21;60;0;287;0;333
63;60;0;613;0;333
72;60;0;623;0;333
84;60;0;1246;0;333
89;60;0;596;0;333
90;60;0;287;0;333
12;61;0;613;0;333
13;61;0;287;0;333
20;61;0;623;0;333
21;61;0;287;0;333
60;61;0;613;0;333
61;61;0;613;0;333
62;61;0;613;0;333
63;61;0;613;0;333
67;61;0;613;0;333
72;61;0;613;0;333
88;61;0;1246;0;333
89;61;0;623;0;333
90;61;0;287;0;333
12;62;0;287;0;333
13;62;0;287;0;333
20;62;0;623;0;333
21;62;0;287;0;333
55;62;0;613;0;333
56;62;0;613;0;333
60;62;0;613;0;333
72;62;0;623;0;333
89;62;0;623;0;333
90;62;0;287;0;333
12;63;0;287;0;333
13;63;0;622;0;333
20;63;0;623;0;333
21;63;0;287;0;333
56;63;0;613;0;333
57;63;0;613;0;333
58;63;0;652;0;333
59;63;0;656;0;333
60;63;0;613;0;333
72;63;0;613;0;333
88;63;0;627;0;333
89;63;0;623;0;333
90;63;0;287;0;333
12;64;0;287;0;333
13;64;0;628;0;333
20;64;0;623;0;333
21;64;0;287;0;333
57;64;0;295;0;333
60;64;0;613;0;333
71;64;0;3099;0;333
72;64;0;613;0;333
89;64;0;596;0;333
90;64;0;287;0;333
12;65;0;622;0;333
13;65;0;628;0;333
20;65;0;623;0;333
21;65;0;287;0;333
60;65;0;613;0;333
61;65;0;613;0;333
62;65;0;613;0;333
63;65;0;613;0;333
64;65;0;613;0;333
65;65;0;613;0;333
66;65;0;613;0;333
67;65;0;613;0;333
71;65;0;515;0;333
72;65;0;623;0;333
89;65;0;596;0;333
90;65;0;287;0;333
17;66;0;3101;0;333
19;66;0;627;0;333
20;66;0;623;0;333
21;66;0;287;0;333
71;66;0;220;0;333
72;66;0;613;0;333
89;66;0;623;0;333
90;66;0;287;0;333
19;67;0;3097;0;333
20;67;0;623;0;333
21;67;0;287;0;333
58;67;0;3097;0;333
59;67;0;3099;0;333
69;67;0;3100;0;333
72;67;0;613;0;333
89;67;0;596;0;333
90;67;0;287;0;333
19;68;0;3097;0;333
20;68;0;623;0;333
21;68;0;287;0;333
70;68;0;613;0;333
71;68;0;613;0;333
72;68;0;613;0;333
88;68;0;1246;0;333
89;68;0;623;0;333
90;68;0;287;0;333
19;69;0;3097;0;333
20;69;0;623;0;333
21;69;0;287;0;333
89;69;0;596;0;333
90;69;0;287;0;333
19;70;0;3098;0;333
20;70;0;623;0;333
21;70;0;287;0;333
89;70;0;623;0;333
90;70;0;287;0;333
19;71;0;627;0;333
20;71;0;623;0;333
21;71;0;287;0;333
22;71;0;287;0;333
23;71;0;287;0;333
24;71;0;287;0;333
25;71;0;287;0;333
26;71;0;287;0;333
27;71;0;287;0;333
28;71;0;287;0;333
29;71;0;287;0;333
89;71;0;596;0;333
90;71;0;287;0;333
20;72;0;629;0;333
21;72;0;622;0;333
22;72;0;630;0;333
23;72;0;287;0;333
24;72;0;287;0;333
25;72;0;622;0;333
26;72;0;622;0;333
27;72;0;630;0;333
28;72;0;287;0;333
29;72;0;287;0;333
30;72;0;287;0;333
31;72;0;287;0;333
32;72;0;287;0;333
33;72;0;287;0;333
34;72;0;287;0;333
35;72;0;287;0;333
36;72;0;287;0;333
37;72;0;287;0;333
38;72;0;287;0;333
39;72;0;287;0;333
39;72;0;287;0;333
77;72;0;287;0;333
77;72;0;287;0;333
78;72;0;287;0;333
79;72;0;287;0;333
80;72;0;287;0;333
81;72;0;287;0;333
82;72;0;287;0;333
83;72;0;287;0;333
84;72;0;628;0;333
89;72;0;623;0;333
90;72;0;287;0;333
91;72;0;287;0;333
12;73;0;613;0;333
22;73;0;629;0;333
23;73;0;622;0;333
24;73;0;622;0;333
25;73;0;628;0;333
27;73;0;629;0;333
28;73;0;622;0;333
29;73;0;622;0;333
30;73;0;597;0;333
31;73;0;597;0;333
32;73;0;622;0;333
33;73;0;622;0;333
34;73;0;597;0;333
35;73;0;622;0;333
36;73;0;597;0;333
37;73;0;622;0;333
38;73;0;630;0;333
39;73;0;287;0;333
77;73;0;287;0;333
78;73;0;622;0;333
79;73;0;622;0;333
80;73;0;622;0;333
81;73;0;622;0;333
82;73;0;622;0;333
83;73;0;622;0;333
84;73;0;628;0;333
89;73;0;629;0;333
90;73;0;630;0;333
91;73;0;287;0;333
20;74;0;1245;0;333
23;74;0;628;0;333
26;74;0;3098;0;333
30;74;0;3095;0;333
31;74;0;3095;0;333
35;74;0;1245;0;333
36;74;0;3098;0;333
37;74;0;3098;0;333
38;74;0;623;0;333
39;74;0;287;0;333
77;74;0;287;0;333
78;74;0;628;0;333
80;74;0;628;0;333
82;74;0;628;0;333
88;74;0;914;0;333
90;74;0;596;0;333
91;74;0;287;0;333
12;75;0;3097;0;333
16;75;0;2937;0;333
26;75;0;2937;0;333
30;75;0;1246;0;333
37;75;0;3098;0;333
38;75;0;623;0;333
39;75;0;287;0;333
73;75;0;287;0;333
74;75;0;287;0;333
75;75;0;287;0;333
76;75;0;287;0;333
77;75;0;287;0;333
78;75;0;628;0;333
80;75;0;3099;0;333
82;75;0;1246;0;333
90;75;0;623;0;333
91;75;0;287;0;333
38;76;0;623;0;333
39;76;0;287;0;333
40;76;0;287;0;333
41;76;0;287;0;333
42;76;0;287;0;333
43;76;0;287;0;333
44;76;0;287;0;333
45;76;0;287;0;333
46;76;0;287;0;333
47;76;0;287;0;333
73;76;0;287;0;333
74;76;0;622;0;333
75;76;0;622;0;333
76;76;0;622;0;333
77;76;0;622;0;333
78;76;0;628;0;333
90;76;0;596;0;333
91;76;0;287;0;333
12;77;0;3096;0;333
17;77;0;3096;0;333
21;77;0;3096;0;333
25;77;0;3096;0;333
26;77;0;3096;0;333
29;77;0;3096;0;333
32;77;0;3093;0;333
33;77;0;3096;0;333
38;77;0;629;0;333
39;77;0;622;0;333
40;77;0;597;0;333
41;77;0;622;0;333
42;77;0;597;0;333
43;77;0;622;0;333
44;77;0;597;0;333
45;77;0;622;0;333
46;77;0;630;0;333
47;77;0;287;0;333
48;77;0;287;0;333
49;77;0;287;0;333
50;77;0;287;0;333
51;77;0;287;0;333
52;77;0;287;0;333
53;77;0;287;0;333
54;77;0;287;0;333
55;77;0;287;0;333
56;77;0;287;0;333
57;77;0;287;0;333
58;77;0;287;0;333
59;77;0;287;0;333
60;77;0;287;0;333
61;77;0;287;0;333
62;77;0;287;0;333
63;77;0;287;0;333
64;77;0;287;0;333
65;77;0;287;0;333
66;77;0;287;0;333
67;77;0;287;0;333
68;77;0;287;0;333
69;77;0;287;0;333
69;77;0;287;0;333
70;77;0;287;0;333
70;77;0;287;0;333
71;77;0;287;0;333
71;77;0;287;0;333
72;77;0;287;0;333
73;77;0;287;0;333
74;77;0;628;0;333
76;77;0;628;0;333
90;77;0;623;0;333
91;77;0;287;0;333
12;78;0;613;0;333
13;78;0;3094;0;333
16;78;0;3093;0;333
17;78;0;613;0;333
18;78;0;3094;0;333
20;78;0;3097;0;333
21;78;0;613;0;333
22;78;0;3094;0;333
24;78;0;3093;0;333
25;78;0;613;0;333
26;78;0;3094;0;333
29;78;0;613;0;333
30;78;0;3094;0;333
33;78;0;613;0;333
34;78;0;3094;0;333
40;78;0;3098;0;333
44;78;0;3097;0;333
46;78;0;629;0;333
47;78;0;622;0;333
48;78;0;622;0;333
49;78;0;597;0;333
50;78;0;622;0;333
51;78;0;597;0;333
52;78;0;622;0;333
53;78;0;597;0;333
54;78;0;597;0;333
55;78;0;622;0;333
56;78;0;597;0;333
57;78;0;622;0;333
58;78;0;622;0;333
59;78;0;597;0;333
60;78;0;622;0;333
61;78;0;622;0;333
62;78;0;630;0;333
63;78;0;287;0;333
64;78;0;287;0;333
65;78;0;287;0;333
66;78;0;287;0;333
67;78;0;287;0;333
68;78;0;287;0;333
69;78;0;287;0;333
70;78;0;287;0;333
71;78;0;287;0;333
72;78;0;622;0;333
73;78;0;622;0;333
74;78;0;628;0;333
75;78;0;3098;0;333
78;78;0;914;0;333
90;78;0;596;0;333
91;78;0;287;0;333
13;79;0;3095;0;333
17;79;0;3097;0;333
21;79;0;3095;0;333
22;79;0;3095;0;333
25;79;0;3095;0;333
28;79;0;3097;0;333
29;79;0;3095;0;333
31;79;0;2937;0;333
33;79;0;3095;0;333
37;79;0;1246;0;333
40;79;0;3096;0;333
53;79;0;3098;0;333
60;79;0;220;0;333
61;79;0;3098;0;333
62;79;0;629;0;333
63;79;0;630;0;333
64;79;0;287;0;333
65;79;0;287;0;333
66;79;0;287;0;333
67;79;0;287;0;333
68;79;0;287;0;333
69;79;0;622;0;333
70;79;0;622;0;333
71;79;0;622;0;333
72;79;0;628;0;333
74;79;0;3098;0;333
75;79;0;3099;0;333
89;79;0;232;0;333
90;79;0;623;0;333
91;79;0;287;0;333
23;80;0;2937;0;333
34;80;0;28;0;333
40;80;0;613;0;333
41;80;0;3094;0;333
50;80;0;1246;0;333
63;80;0;629;0;333
64;80;0;622;0;333
65;80;0;622;0;333
66;80;0;622;0;333
67;80;0;622;0;333
68;80;0;622;0;333
69;80;0;628;0;333
83;80;0;3097;0;333
90;80;0;596;0;333
91;80;0;287;0;333
13;81;0;3097;0;333
40;81;0;3095;0;333
41;81;0;2038;0;333
64;81;0;3097;0;333
65;81;0;628;0;333
90;81;0;623;0;333
91;81;0;287;0;333
17;82;0;3096;0;333
21;82;0;3096;0;333
25;82;0;3096;0;333
28;82;0;3093;0;333
29;82;0;3096;0;333
33;82;0;3096;0;333
77;82;0;3097;0;333
79;82;0;3096;0;333
86;82;0;3097;0;333
87;82;0;3096;0;333
90;82;0;623;0;333
91;82;0;287;0;333
92;82;0;287;0;333
93;82;0;287;0;333
94;82;0;287;0;333
17;83;0;613;0;333
18;83;0;3094;0;333
21;83;0;613;0;333
22;83;0;3094;0;333
24;83;0;3093;0;333
25;83;0;613;0;333
26;83;0;3094;0;333
28;83;0;3093;0;333
29;83;0;613;0;333
30;83;0;3094;0;333
32;83;0;3099;0;333
33;83;0;613;0;333
34;83;0;3094;0;333
58;83;0;3096;0;333
78;83;0;3093;0;333
79;83;0;613;0;333
80;83;0;3094;0;333
86;83;0;3093;0;333
87;83;0;613;0;333
88;83;0;3094;0;333
89;83;0;3097;0;333
90;83;0;629;0;333
91;83;0;622;0;333
92;83;0;622;0;333
93;83;0;630;0;333
94;83;0;287;0;333
28;84;0;3099;0;333
31;84;0;3099;0;333
32;84;0;3098;0;333
33;84;0;3095;0;333
57;84;0;3099;0;333
58;84;0;613;0;333
59;84;0;3098;0;333
70;84;0;3096;0;333
78;84;0;3100;0;333
79;84;0;3095;0;333
87;84;0;3097;0;333
90;84;0;3098;0;333
91;84;0;3099;0;333
92;84;0;3099;0;333
93;84;0;596;0;333
94;84;0;287;0;333
59;85;0;3098;0;333
69;85;0;3093;0;333
70;85;0;613;0;333
71;85;0;3097;0;333
85;85;0;614;0;333
90;85;0;232;0;333
91;85;0;3098;0;333
92;85;0;3098;0;333
93;85;0;623;0;333
94;85;0;287;0;333
70;86;0;3097;0;333
85;86;0;616;0;333
92;86;0;3099;0;333
93;86;0;596;0;333
94;86;0;287;0;333
85;87;0;617;0;333
92;87;0;3097;0;333
93;87;0;623;0;333
94;87;0;287;0;333
95;87;0;287;0;333
79;88;0;3096;0;333
93;88;0;629;0;333
94;88;0;630;0;333
95;88;0;287;0;333
78;89;0;3093;0;333
79;89;0;613;0;333
80;89;0;3094;0;333
93;89;0;3100;0;333
94;89;0;596;0;333
95;89;0;287;0;333
78;90;0;3100;0;333
79;90;0;3095;0;333
86;90;0;914;0;333
92;90;0;232;0;333
94;90;0;623;0;333
95;90;0;287;0;333
94;91;0;596;0;333
95;91;0;287;0;333
85;92;0;2038;0;333
89;92;0;2832;0;333
94;92;0;623;0;333
95;92;0;287;0;333
93;93;0;3100;0;333
94;93;0;596;0;333
95;93;0;287;0;333
81;94;0;914;0;333
92;94;0;3099;0;333
93;94;0;3100;0;333
94;94;0;623;0;333
95;94;0;287;0;333
81;95;0;3099;0;333
82;95;0;3099;0;333
84;95;0;1246;0;333
92;95;0;3098;0;333
93;95;0;3098;0;333
94;95;0;623;0;333
95;95;0;287;0;333
81;96;0;3098;0;333
82;96;0;3099;0;333
83;96;0;3098;0;333
84;96;0;3099;0;333
85;96;0;3098;0;333
86;96;0;3097;0;333
91;96;0;914;0;333
92;96;0;3098;0;333
93;96;0;623;0;333
94;96;0;287;0;333
95;96;0;287;0;333
87;97;0;3099;0;333
88;97;0;3097;0;333
89;97;0;3097;0;333
90;97;0;3099;0;333
91;97;0;3100;0;333
93;97;0;623;0;333
94;97;0;287;0;333
91;98;0;623;0;333
92;98;0;287;0;333
93;98;0;287;0;333
94;98;0;287;0;333
94;98;0;287;0;333
