V: 2
L: 1
X: 282
Y: -349
W: 45
H: 55
0;0;0;0
1;0;0;0
2;0;0;0
3;0;0;0
4;0;0;0
5;0;0;0
6;0;0;0
7;0;0;0
8;0;0;0
9;0;0;0
10;0;0;0
11;0;0;0
12;0;0;0
13;0;0;0
14;0;0;0
15;0;0;0
16;0;0;0
17;0;0;0
18;0;0;0
19;0;0;0
20;0;0;0
21;0;0;0
22;0;0;0
23;0;0;0
24;0;0;0
25;0;0;0
26;0;0;0
27;0;0;0
28;0;2;0
29;0;2;0
30;0;2;0
31;0;2;0
32;0;2;0
33;0;2;0
34;0;2;0
35;0;2;0
36;0;2;0
37;0;2;0
38;0;2;0
39;0;2;0
40;0;2;0
41;0;0;0
42;0;0;0
43;0;0;0
44;0;0;0
0;1;0;0
1;1;0;0
2;1;0;0
3;1;0;0
4;1;0;0
5;1;0;0
6;1;0;0
7;1;0;0
8;1;0;0
9;1;0;0
10;1;0;0
11;1;0;0
12;1;0;0
13;1;0;0
14;1;0;0
15;1;0;0
16;1;0;0
17;1;0;0
18;1;0;0
19;1;0;0
20;1;0;0
21;1;0;0
22;1;0;0
23;1;0;0
24;1;0;0
25;1;0;0
26;1;0;0
27;1;0;0
28;1;2;0
29;1;2;0
30;1;2;0
31;1;2;0
32;1;2;0
33;1;2;0
34;1;2;0
35;1;2;0
36;1;2;0
37;1;2;0
38;1;2;0
39;1;0;0
40;1;0;0
41;1;0;0
42;1;0;0
43;1;0;0
44;1;0;0
0;2;0;0
1;2;0;0
2;2;0;0
3;2;0;0
4;2;0;0
5;2;0;0
6;2;0;0
7;2;0;0
8;2;0;0
9;2;0;0
10;2;0;0
11;2;0;0
12;2;0;0
13;2;0;0
14;2;0;0
15;2;0;0
16;2;0;0
17;2;0;0
18;2;0;0
19;2;0;0
20;2;0;0
21;2;0;0
22;2;0;0
23;2;0;0
24;2;0;0
25;2;0;0
26;2;2;0
27;2;2;0
28;2;2;0
29;2;2;0
30;2;2;0
31;2;2;0
32;2;2;0
33;2;2;0
34;2;2;0
35;2;2;0
36;2;2;0
37;2;2;0
38;2;2;0
39;2;0;0
40;2;0;0
41;2;0;0
42;2;0;0
43;2;0;0
44;2;0;0
0;3;0;0
1;3;0;0
2;3;0;0
3;3;0;0
4;3;0;0
5;3;0;0
6;3;0;0
7;3;0;0
8;3;0;0
9;3;2;0
10;3;2;0
11;3;2;0
12;3;2;0
13;3;2;0
14;3;0;0
15;3;0;0
16;3;0;0
17;3;0;0
18;3;0;0
19;3;0;0
20;3;0;0
21;3;0;0
22;3;0;0
23;3;0;0
24;3;0;0
25;3;2;0
26;3;2;0
27;3;2;0
28;3;2;0
29;3;2;0
30;3;2;0
31;3;2;0
32;3;2;0
33;3;2;0
34;3;2;0
35;3;2;0
36;3;0;0
37;3;0;0
38;3;0;0
39;3;0;0
40;3;0;0
41;3;0;0
42;3;0;0
43;3;0;0
44;3;0;0
0;4;0;0
1;4;0;0
2;4;0;0
3;4;0;0
4;4;0;0
5;4;0;0
6;4;0;0
7;4;0;0
8;4;0;0
9;4;2;0
10;4;2;0
11;4;2;0
12;4;2;0
13;4;2;0
14;4;0;0
15;4;0;0
16;4;0;0
17;4;0;0
18;4;0;0
19;4;0;0
20;4;0;0
21;4;0;0
22;4;0;0
23;4;0;0
24;4;0;0
25;4;2;0
26;4;2;0
27;4;2;0
28;4;2;0
29;4;2;0
30;4;2;0
31;4;2;0
32;4;2;0
33;4;2;0
34;4;2;0
35;4;2;0
36;4;0;0
37;4;0;0
38;4;0;0
39;4;0;0
40;4;0;0
41;4;0;0
42;4;0;0
43;4;0;0
44;4;0;0
0;5;0;0
1;5;0;0
2;5;0;0
3;5;0;0
4;5;0;0
5;5;0;0
6;5;0;0
7;5;2;0
8;5;2;0
9;5;2;0
10;5;2;0
11;5;2;0
12;5;2;0
13;5;2;0
14;5;0;0
15;5;0;0
16;5;0;0
17;5;0;0
18;5;0;0
19;5;0;0
20;5;0;0
21;5;0;0
22;5;0;0
23;5;0;0
24;5;2;0
25;5;2;0
26;5;25667;0
27;5;26691;0
28;5;2;0
29;5;2;0
30;5;2;0
31;5;2;0
32;5;2;0
33;5;2;0
34;5;0;0
35;5;0;0
36;5;0;0
37;5;0;0
38;5;0;0
39;5;0;0
40;5;0;0
41;5;0;0
42;5;0;0
43;5;0;0
44;5;0;0
0;6;0;0
1;6;0;0
2;6;0;0
3;6;0;0
4;6;0;0
5;6;0;0
6;6;0;0
7;6;2;0
8;6;2;0
9;6;2;0
10;6;2;0
11;6;2;0
12;6;2;0
13;6;0;0
14;6;0;0
15;6;0;0
16;6;0;0
17;6;0;0
18;6;0;0
19;6;0;0
20;6;0;0
21;6;0;0
22;6;0;0
23;6;0;0
24;6;2;0
25;6;2;0
26;6;27715;0
27;6;28739;0
28;6;2;0
29;6;2;0
30;6;2;0
31;6;2;0
32;6;2;0
33;6;0;0
34;6;0;0
35;6;0;0
36;6;0;0
37;6;0;0
38;6;0;0
39;6;0;0
40;6;0;0
41;6;0;0
42;6;0;0
43;6;0;0
44;6;0;0
0;7;0;0
1;7;0;0
2;7;0;0
3;7;0;0
4;7;0;0
5;7;0;0
6;7;0;0
7;7;2;0
8;7;2;0
9;7;2;0
10;7;2;0
11;7;2;0
12;7;2;0
13;7;0;0
14;7;0;0
15;7;0;0
16;7;0;0
17;7;0;0
18;7;0;0
19;7;0;0
20;7;0;0
21;7;0;0
22;7;0;0
23;7;2;0
24;7;2;0
25;7;2;0
26;7;2;0
27;7;2;0
28;7;2;0
29;7;2;0
30;7;2;0
31;7;0;0
32;7;0;0
33;7;0;0
34;7;0;0
35;7;0;0
36;7;0;0
37;7;0;0
38;7;0;0
39;7;0;0
40;7;0;0
41;7;0;0
42;7;0;0
43;7;0;0
44;7;0;0
0;8;0;0
1;8;0;0
2;8;0;0
3;8;0;0
4;8;0;0
5;8;0;0
6;8;0;0
7;8;2;0
8;8;2;0
9;8;2;0
10;8;2;0
11;8;2;0
12;8;0;0
13;8;0;0
14;8;0;0
15;8;0;0
16;8;0;0
17;8;0;0
18;8;0;0
19;8;0;0
20;8;0;0
21;8;0;0
22;8;0;0
23;8;2;0
24;8;2;0
25;8;2;0
26;8;2;0
27;8;2;0
28;8;2;0
29;8;2;0
30;8;0;0
31;8;0;0
32;8;0;0
33;8;0;0
34;8;0;0
35;8;0;0
36;8;0;0
37;8;0;0
38;8;0;0
39;8;0;0
40;8;0;0
41;8;0;0
42;8;0;0
43;8;0;0
44;8;0;0
0;9;0;0
1;9;0;0
2;9;0;0
3;9;0;0
4;9;0;0
5;9;0;0
6;9;0;0
7;9;0;0
8;9;2;0
9;9;2;0
10;9;2;0
11;9;2;0
12;9;0;0
13;9;0;0
14;9;0;0
15;9;0;0
16;9;0;0
17;9;0;0
18;9;0;0
19;9;0;0
20;9;0;0
21;9;0;0
22;9;0;0
23;9;2;0
24;9;2;0
25;9;2;0
26;9;2;0
27;9;2;0
28;9;2;0
29;9;2;0
30;9;0;0
31;9;0;0
32;9;0;0
33;9;0;0
34;9;0;0
35;9;0;0
36;9;0;0
37;9;0;0
38;9;0;0
39;9;0;0
40;9;0;0
41;9;0;0
42;9;0;0
43;9;0;0
44;9;0;0
0;10;0;0
1;10;0;0
2;10;0;0
3;10;0;0
4;10;0;0
5;10;0;0
6;10;0;0
7;10;0;0
8;10;0;0
9;10;0;0
10;10;0;0
11;10;0;0
12;10;0;0
13;10;0;0
14;10;0;0
15;10;0;0
16;10;0;0
17;10;0;0
18;10;0;0
19;10;0;0
20;10;0;0
21;10;2;0
22;10;2;0
23;10;2;0
24;10;6498;0
25;10;5474;0
26;10;2;0
27;10;2;0
28;10;2;0
29;10;2;0
30;10;0;0
31;10;0;0
32;10;0;0
33;10;0;0
34;10;0;0
35;10;0;0
36;10;0;0
37;10;0;0
38;10;0;0
39;10;0;0
40;10;0;0
41;10;0;0
42;10;0;0
43;10;0;0
44;10;0;0
0;11;0;0
1;11;0;0
2;11;0;0
3;11;0;0
4;11;0;0
5;11;0;0
6;11;0;0
7;11;0;0
8;11;0;0
9;11;0;0
10;11;0;0
11;11;0;0
12;11;0;0
13;11;0;0
14;11;0;0
15;11;0;0
16;11;0;0
17;11;0;0
18;11;0;0
19;11;0;0
20;11;0;0
21;11;2;0
22;11;2;0
23;11;8546;0
24;11;11;0
25;11;11;0
26;11;4450;0
27;11;2;0
28;11;2;0
29;11;2;0
30;11;0;0
31;11;0;0
32;11;0;0
33;11;0;0
34;11;0;0
35;11;0;0
36;11;0;0
37;11;0;0
38;11;0;0
39;11;0;0
40;11;0;0
41;11;0;0
42;11;0;0
43;11;0;0
44;11;0;0
0;12;0;0
1;12;0;0
2;12;0;0
3;12;0;0
4;12;0;0
5;12;0;0
6;12;0;0
7;12;0;0
8;12;0;0
9;12;0;0
10;12;0;0
11;12;0;0
12;12;0;0
13;12;0;0
14;12;0;0
15;12;0;0
16;12;0;0
17;12;0;0
18;12;0;0
19;12;0;0
20;12;2;0
21;12;2;0
22;12;2;0
23;12;24930;0
24;12;11;0
25;12;11;0
26;12;3426;0
27;12;2;0
28;12;2;0
29;12;2;0
30;12;0;0
31;12;0;0
32;12;0;0
33;12;0;0
34;12;0;0
35;12;0;0
36;12;0;0
37;12;0;0
38;12;0;0
39;12;0;0
40;12;0;0
41;12;0;0
42;12;0;0
43;12;0;0
44;12;0;0
0;13;0;0
1;13;0;0
2;13;0;0
3;13;0;0
4;13;0;0
5;13;0;0
6;13;0;0
7;13;0;0
8;13;0;0
9;13;0;0
10;13;0;0
11;13;0;0
12;13;0;0
13;13;0;0
14;13;0;0
15;13;0;0
16;13;0;0
17;13;0;0
18;13;0;0
19;13;0;0
20;13;2;0
21;13;2;0
22;13;8546;0
23;13;11;0
24;13;11;0
25;13;19810;0
26;13;2;0
27;13;2;0
28;13;2;0
29;13;0;0
30;13;0;0
31;13;0;0
32;13;0;0
33;13;0;0
34;13;0;0
35;13;0;0
36;13;0;0
37;13;0;0
38;13;0;0
39;13;0;0
40;13;0;0
41;13;0;0
42;13;0;0
43;13;0;0
44;13;0;0
0;14;0;0
1;14;0;0
2;14;0;0
3;14;0;0
4;14;0;0
5;14;0;0
6;14;0;0
7;14;0;0
8;14;0;0
9;14;0;0
10;14;0;0
11;14;0;0
12;14;0;0
13;14;0;0
14;14;0;0
15;14;0;0
16;14;0;0
17;14;0;0
18;14;0;0
19;14;0;0
20;14;2;0
21;14;2;0
22;14;24930;0
23;14;11;0
24;14;11;0
25;14;10594;0
26;14;2;0
27;14;2;0
28;14;2;0
29;14;0;0
30;14;0;0
31;14;0;0
32;14;0;0
33;14;0;0
34;14;0;0
35;14;0;0
36;14;0;0
37;14;0;0
38;14;0;0
39;14;0;0
40;14;0;0
41;14;0;0
42;14;0;0
43;14;0;0
44;14;0;0
0;15;0;0
1;15;0;0
2;15;0;0
3;15;0;0
4;15;0;0
5;15;0;0
6;15;0;0
7;15;0;0
8;15;0;0
9;15;0;0
10;15;0;0
11;15;0;0
12;15;0;0
13;15;0;0
14;15;0;0
15;15;0;0
16;15;0;0
17;15;0;0
18;15;0;0
19;15;2;0
20;15;2;0
21;15;8546;0
22;15;11;0
23;15;11;0
24;15;11;0
25;15;10594;0
26;15;2;0
27;15;2;0
28;15;2;0
29;15;0;0
30;15;0;0
31;15;0;0
32;15;0;0
33;15;0;0
34;15;0;0
35;15;0;0
36;15;0;0
37;15;0;0
38;15;0;0
39;15;0;0
40;15;0;0
41;15;0;0
42;15;0;0
43;15;0;0
44;15;0;0
0;16;0;0
1;16;0;0
2;16;0;0
3;16;0;0
4;16;0;0
5;16;0;0
6;16;0;0
7;16;0;0
8;16;0;0
9;16;0;0
10;16;0;0
11;16;0;0
12;16;0;0
13;16;0;0
14;16;0;0
15;16;0;0
16;16;0;0
17;16;0;0
18;16;0;0
19;16;2;0
20;16;2;0
21;16;12642;0
22;16;11;0
23;16;11;0
24;16;11;0
25;16;10594;0
26;16;2;0
27;16;2;0
28;16;0;0
29;16;0;0
30;16;0;0
31;16;0;0
32;16;0;0
33;16;0;0
34;16;0;0
35;16;0;0
36;16;0;0
37;16;0;0
38;16;0;0
39;16;0;0
40;16;0;0
41;16;0;0
42;16;0;0
43;16;0;0
44;16;0;0
0;17;0;0
1;17;0;0
2;17;0;0
3;17;0;0
4;17;0;0
5;17;0;0
6;17;0;0
7;17;0;0
8;17;0;0
9;17;0;0
10;17;0;0
11;17;0;0
12;17;0;0
13;17;0;0
14;17;0;0
15;17;0;0
16;17;0;0
17;17;0;0
18;17;0;0
19;17;2;0
20;17;2;0
21;17;7522;0
22;17;11;0
23;17;11;0
24;17;11;0
25;17;3426;0
26;17;2;0
27;17;2;0
28;17;0;0
29;17;0;0
30;17;0;0
31;17;0;0
32;17;0;0
33;17;0;0
34;17;0;0
35;17;0;0
36;17;0;0
37;17;0;0
38;17;0;0
39;17;0;0
40;17;0;0
41;17;0;0
42;17;0;0
43;17;0;0
44;17;0;0
0;18;0;0
1;18;0;0
2;18;0;0
3;18;0;0
4;18;0;0
5;18;0;0
6;18;0;0
7;18;0;0
8;18;0;0
9;18;0;0
10;18;0;0
11;18;0;0
12;18;0;0
13;18;0;0
14;18;0;0
15;18;0;0
16;18;0;0
17;18;0;0
18;18;2;0
19;18;2;0
20;18;2;0
21;18;2;0
22;18;2402;0
23;18;9570;0
24;18;1378;0
25;18;2;0
26;18;2;0
27;18;2;0
28;18;0;0
29;18;0;0
30;18;0;0
31;18;0;0
32;18;0;0
33;18;0;0
34;18;0;0
35;18;0;0
36;18;0;0
37;18;0;0
38;18;0;0
39;18;0;0
40;18;0;0
41;18;0;0
42;18;0;0
43;18;0;0
44;18;0;0
0;19;0;0
1;19;0;0
2;19;0;0
3;19;0;0
4;19;0;0
5;19;0;0
6;19;0;0
7;19;0;0
8;19;0;0
9;19;0;0
10;19;0;0
11;19;0;0
12;19;0;0
13;19;0;0
14;19;2;0
15;19;2;0
16;19;2;0
17;19;2;0
18;19;2;0
19;19;2;0
20;19;2;0
21;19;2;0
22;19;2;0
23;19;2;0
24;19;2;0
25;19;2;0
26;19;2;0
27;19;0;0
28;19;0;0
29;19;0;0
30;19;0;0
31;19;0;0
32;19;0;0
33;19;0;0
34;19;0;0
35;19;0;0
36;19;0;0
37;19;0;0
38;19;0;0
39;19;0;0
40;19;0;0
41;19;0;0
42;19;0;0
43;19;0;0
44;19;0;0
0;20;0;0
1;20;0;0
2;20;0;0
3;20;0;0
4;20;0;0
5;20;0;0
6;20;0;0
7;20;0;0
8;20;0;0
9;20;0;0
10;20;0;0
11;20;0;0
12;20;2;0
13;20;2;0
14;20;2;0
15;20;2;0
16;20;2;0
17;20;2;0
18;20;2;0
19;20;2;0
20;20;2;0
21;20;2;0
22;20;2;0
23;20;2;0
24;20;2;0
25;20;2;0
26;20;2;0
27;20;2;0
28;20;2;0
29;20;2;0
30;20;0;0
31;20;0;0
32;20;0;0
33;20;0;0
34;20;0;0
35;20;0;0
36;20;0;0
37;20;0;0
38;20;0;0
39;20;0;0
40;20;0;0
41;20;0;0
42;20;0;0
43;20;0;0
44;20;0;0
0;21;0;0
1;21;0;0
2;21;0;0
3;21;0;0
4;21;0;0
5;21;0;0
6;21;0;0
7;21;0;0
8;21;0;0
9;21;0;0
10;21;0;0
11;21;0;0
12;21;2;0
13;21;2;0
14;21;2;0
15;21;2;0
16;21;2;0
17;21;2;0
18;21;2;0
19;21;2;0
20;21;2;0
21;21;2;0
22;21;2;0
23;21;2;0
24;21;2;0
25;21;2;0
26;21;2;0
27;21;2;0
28;21;2;0
29;21;2;0
30;21;0;0
31;21;0;0
32;21;0;0
33;21;0;0
34;21;0;0
35;21;0;0
36;21;0;0
37;21;0;0
38;21;0;0
39;21;0;0
40;21;0;0
41;21;0;0
42;21;0;0
43;21;0;0
44;21;0;0
0;22;0;0
1;22;0;0
2;22;0;0
3;22;0;0
4;22;0;0
5;22;0;0
6;22;0;0
7;22;0;0
8;22;0;0
9;22;0;0
10;22;0;0
11;22;0;0
12;22;2;0
13;22;2;0
14;22;2;0
15;22;2;0
16;22;2;0
17;22;2;0
18;22;2;0
19;22;2;0
20;22;2;0
21;22;2;0
22;22;2;0
23;22;2;0
24;22;2;0
25;22;2;0
26;22;2;0
27;22;2;0
28;22;2;0
29;22;2;0
30;22;2;0
31;22;2;0
32;22;2;0
33;22;0;0
34;22;0;0
35;22;0;0
36;22;0;0
37;22;0;0
38;22;0;0
39;22;0;0
40;22;0;0
41;22;0;0
42;22;0;0
43;22;0;0
44;22;0;0
0;23;0;0
1;23;0;0
2;23;0;0
3;23;0;0
4;23;0;0
5;23;0;0
6;23;0;0
7;23;0;0
8;23;0;0
9;23;2;0
10;23;2;0
11;23;2;0
12;23;2;0
13;23;2;0
14;23;2;0
15;23;2;0
16;23;2;0
17;23;2;0
18;23;2;0
19;23;2;0
20;23;2;0
21;23;2;0
22;23;2;0
23;23;2;0
24;23;2;0
25;23;2;0
26;23;2;0
27;23;2;0
28;23;2;0
29;23;2;0
30;23;2;0
31;23;2;0
32;23;2;0
33;23;0;0
34;23;0;0
35;23;0;0
36;23;0;0
37;23;0;0
38;23;0;0
39;23;0;0
40;23;0;0
41;23;0;0
42;23;0;0
43;23;0;0
44;23;0;0
0;24;0;0
1;24;0;0
2;24;0;0
3;24;0;0
4;24;0;0
5;24;0;0
6;24;0;0
7;24;0;0
8;24;2;0
9;24;2;0
10;24;2;0
11;24;2;0
12;24;2;0
13;24;2;0
14;24;2;0
15;24;2;0
16;24;2;0
17;24;2;0
18;24;2;0
19;24;2;0
20;24;2;0
21;24;2;0
22;24;2;0
23;24;2;0
24;24;2;0
25;24;2;0
26;24;2;0
27;24;2;0
28;24;2;0
29;24;2;0
30;24;2;0
31;24;2;0
32;24;2;0
33;24;0;0
34;24;0;0
35;24;0;0
36;24;0;0
37;24;0;0
38;24;0;0
39;24;0;0
40;24;0;0
41;24;0;0
42;24;0;0
43;24;0;0
44;24;0;0
0;25;0;0
1;25;0;0
2;25;43;0
3;25;43;0
4;25;43;0
5;25;43;0
6;25;43;0
7;25;2;0
8;25;2;0
9;25;2;0
10;25;2;0
11;25;2;0
12;25;2;0
13;25;2;0
14;25;2;0
15;25;2;0
16;25;2;0
17;25;2;0
18;25;2;0
19;25;2;0
20;25;2;0
21;25;2;0
22;25;2;0
23;25;25667;0
24;25;26691;0
25;25;2;0
26;25;2;0
27;25;2;0
28;25;2;0
29;25;2;0
30;25;2;0
31;25;2;0
32;25;0;0
33;25;0;0
34;25;0;0
35;25;0;0
36;25;0;0
37;25;0;0
38;25;0;0
39;25;0;0
40;25;0;0
41;25;0;0
42;25;0;0
43;25;0;0
44;25;0;0
0;26;0;0
1;26;0;0
2;26;43;0
3;26;43;0
4;26;43;0
5;26;43;0
6;26;43;0
7;26;2;0
8;26;2;0
9;26;2;0
10;26;2;0
11;26;25667;0
12;26;26691;0
13;26;2;0
14;26;2;0
15;26;2;0
16;26;2;0
17;26;2;0
18;26;2;0
19;26;2;0
20;26;2;0
21;26;2;0
22;26;2;0
23;26;27715;0
24;26;28739;0
25;26;2;0
26;26;2;0
27;26;2;0
28;26;2;0
29;26;0;0
30;26;0;0
31;26;0;0
32;26;0;0
33;26;0;0
34;26;0;0
35;26;0;0
36;26;0;0
37;26;0;0
38;26;0;0
39;26;0;0
40;26;0;0
41;26;0;0
42;26;0;0
43;26;0;0
44;26;0;0
0;27;0;0
1;27;0;0
2;27;43;0
3;27;43;0
4;27;43;0
5;27;43;0
6;27;43;0
7;27;2;0
8;27;2;0
9;27;2;0
10;27;2;0
11;27;27715;0
12;27;28739;0
13;27;2;0
14;27;2;0
15;27;2;0
16;27;2;0
17;27;2;0
18;27;2;0
19;27;2;0
20;27;2;0
21;27;2;0
22;27;2;0
23;27;2;0
24;27;2;0
25;27;2;0
26;27;2;0
27;27;2;0
28;27;0;0
29;27;0;0
30;27;0;0
31;27;0;0
32;27;0;0
33;27;0;0
34;27;0;0
35;27;0;0
36;27;0;0
37;27;0;0
38;27;0;0
39;27;0;0
40;27;0;0
41;27;0;0
42;27;0;0
43;27;0;0
44;27;0;0
0;28;0;0
1;28;0;0
2;28;43;0
3;28;43;0
4;28;43;0
5;28;43;0
6;28;2;0
7;28;2;0
8;28;2;0
9;28;2;0
10;28;2;0
11;28;2;0
12;28;2;0
13;28;2;0
14;28;2;0
15;28;2;0
16;28;2;0
17;28;2;0
18;28;2;0
19;28;2;0
20;28;2;0
21;28;2;0
22;28;2;0
23;28;2;0
24;28;2;0
25;28;2;0
26;28;2;0
27;28;2;0
28;28;0;0
29;28;0;0
30;28;0;0
31;28;0;0
32;28;0;0
33;28;0;0
34;28;0;0
35;28;0;0
36;28;0;0
37;28;0;0
38;28;0;0
39;28;0;0
40;28;0;0
41;28;0;0
42;28;0;0
43;28;0;0
44;28;0;0
0;29;0;0
1;29;0;0
2;29;43;0
3;29;43;0
4;29;43;0
5;29;43;0
6;29;2;0
7;29;2;0
8;29;2;0
9;29;3;0
10;29;3;0
11;29;2;0
12;29;2;0
13;29;2;0
14;29;2;0
15;29;2;0
16;29;2;0
17;29;2;0
18;29;2;0
19;29;2;0
20;29;2;0
21;29;2;0
22;29;2;0
23;29;2;0
24;29;2;0
25;29;2;0
26;29;2;0
27;29;2;0
28;29;0;0
29;29;0;0
30;29;0;0
31;29;0;0
32;29;0;0
33;29;0;0
34;29;0;0
35;29;0;0
36;29;0;0
37;29;0;0
38;29;0;0
39;29;0;0
40;29;0;0
41;29;0;0
42;29;0;0
43;29;0;0
44;29;0;0
0;30;0;0
1;30;0;0
2;30;43;0
3;30;43;0
4;30;43;0
5;30;43;0
6;30;43;0
7;30;2;0
8;30;2;0
9;30;2;0
10;30;2;0
11;30;2;0
12;30;2;0
13;30;2;0
14;30;2;0
15;30;2;0
16;30;2;0
17;30;2;0
18;30;2;0
19;30;2;0
20;30;2;0
21;30;2;0
22;30;17475;0
23;30;26691;0
24;30;2;0
25;30;2;0
26;30;2;0
27;30;0;0
28;30;0;0
29;30;0;0
30;30;0;0
31;30;0;0
32;30;0;0
33;30;0;0
34;30;0;0
35;30;0;0
36;30;0;0
37;30;0;0
38;30;0;0
39;30;0;0
40;30;0;0
41;30;0;0
42;30;0;0
43;30;0;0
44;30;0;0
0;31;0;0
1;31;0;0
2;31;43;0
3;31;43;0
4;31;43;0
5;31;43;0
6;31;43;0
7;31;2;0
8;31;2;0
9;31;2;0
10;31;2;0
11;31;2;0
12;31;2;0
13;31;2;0
14;31;2;0
15;31;2;0
16;31;2;0
17;31;2;0
18;31;2;0
19;31;2;0
20;31;2;0
21;31;19523;0
22;31;3;0
23;31;24643;0
24;31;2;0
25;31;2;0
26;31;2;0
27;31;0;0
28;31;0;0
29;31;0;0
30;31;0;0
31;31;0;0
32;31;0;0
33;31;0;0
34;31;0;0
35;31;0;0
36;31;0;0
37;31;0;0
38;31;0;0
39;31;0;0
40;31;0;0
41;31;0;0
42;31;0;0
43;31;0;0
44;31;0;0
0;32;0;0
1;32;0;0
2;32;43;0
3;32;43;0
4;32;43;0
5;32;43;0
6;32;43;0
7;32;43;0
8;32;2;0
9;32;2;0
10;32;2;0
11;32;2;0
12;32;2;0
13;32;2;0
14;32;2;0
15;32;2;0
16;32;2;0
17;32;2;0
18;32;2;0
19;32;2;0
20;32;2;0
21;32;27715;0
22;32;21571;0
23;32;2;0
24;32;2;0
25;32;2;0
26;32;2;0
27;32;0;0
28;32;0;0
29;32;0;0
30;32;0;0
31;32;0;0
32;32;0;0
33;32;0;0
34;32;0;0
35;32;0;0
36;32;0;0
37;32;0;0
38;32;0;0
39;32;0;0
40;32;0;0
41;32;0;0
42;32;0;0
43;32;0;0
44;32;0;0
0;33;0;0
1;33;0;0
2;33;41;0
3;33;41;0
4;33;41;0
5;33;41;0
6;33;41;0
7;33;41;0
8;33;2;0
9;33;2;0
10;33;2;0
11;33;2;0
12;33;2;0
13;33;2;0
14;33;2;0
15;33;2;0
16;33;2;0
17;33;2;0
18;33;2;0
19;33;2;0
20;33;2;0
21;33;2;0
22;33;2;0
23;33;2;0
24;33;2;0
25;33;2;0
26;33;2;0
27;33;0;0
28;33;0;0
29;33;0;0
30;33;0;0
31;33;0;0
32;33;0;0
33;33;0;0
34;33;0;0
35;33;0;0
36;33;0;0
37;33;0;0
38;33;0;0
39;33;0;0
40;33;0;0
41;33;0;0
42;33;0;0
43;33;0;0
44;33;0;0
0;34;0;0
1;34;0;0
2;34;41;0
3;34;41;0
4;34;41;0
5;34;41;0
6;34;41;0
7;34;2;0
8;34;2;0
9;34;2;0
10;34;2;0
11;34;2;0
12;34;2;0
13;34;2;0
14;34;2;0
15;34;2;0
16;34;2;0
17;34;2;0
18;34;2;0
19;34;2;0
20;34;2;0
21;34;2;0
22;34;2;0
23;34;2;0
24;34;2;0
25;34;2;0
26;34;0;0
27;34;0;0
28;34;0;0
29;34;0;0
30;34;0;0
31;34;0;0
32;34;0;0
33;34;0;0
34;34;0;0
35;34;0;0
36;34;0;0
37;34;0;0
38;34;0;0
39;34;0;0
40;34;0;0
41;34;0;0
42;34;0;0
43;34;0;0
44;34;0;0
0;35;0;0
1;35;0;0
2;35;41;0
3;35;41;0
4;35;41;0
5;35;41;0
6;35;41;0
7;35;2;0
8;35;2;0
9;35;2;0
10;35;2;0
11;35;2;0
12;35;2;0
13;35;2;0
14;35;2;0
15;35;2;0
16;35;2;0
17;35;2;0
18;35;2;0
19;35;2;0
20;35;2;0
21;35;2;0
22;35;2;0
23;35;2;0
24;35;2;0
25;35;2;0
26;35;0;0
27;35;0;0
28;35;0;0
29;35;0;0
30;35;0;0
31;35;0;0
32;35;0;0
33;35;0;0
34;35;0;0
35;35;0;0
36;35;0;0
37;35;0;0
38;35;0;0
39;35;0;0
40;35;0;0
41;35;0;0
42;35;0;0
43;35;0;0
44;35;0;0
0;36;0;0
1;36;0;0
2;36;41;0
3;36;41;0
4;36;41;0
5;36;41;0
6;36;41;0
7;36;2;0
8;36;2;0
9;36;2;0
10;36;2;0
11;36;2;0
12;36;2;0
13;36;2;0
14;36;2;0
15;36;2;0
16;36;2;0
17;36;2;0
18;36;2;0
19;36;2;0
20;36;2;0
21;36;2;0
22;36;2;0
23;36;2;0
24;36;2;0
25;36;2;0
26;36;0;0
27;36;0;0
28;36;0;0
29;36;0;0
30;36;0;0
31;36;0;0
32;36;0;0
33;36;0;0
34;36;0;0
35;36;0;0
36;36;0;0
37;36;0;0
38;36;0;0
39;36;0;0
40;36;0;0
41;36;0;0
42;36;0;0
43;36;0;0
44;36;0;0
0;37;0;0
1;37;0;0
2;37;41;0
3;37;41;0
4;37;41;0
5;37;41;0
6;37;41;0
7;37;2;0
8;37;2;0
9;37;2;0
10;37;2;0
11;37;2;0
12;37;2;0
13;37;2;0
14;37;2;0
15;37;2;0
16;37;2;0
17;37;2;0
18;37;2;0
19;37;2;0
20;37;2;0
21;37;2;0
22;37;2;0
23;37;2;0
24;37;2;0
25;37;2;0
26;37;0;0
27;37;0;0
28;37;0;0
29;37;0;0
30;37;0;0
31;37;0;0
32;37;0;0
33;37;0;0
34;37;0;0
35;37;0;0
36;37;0;0
37;37;0;0
38;37;0;0
39;37;0;0
40;37;0;0
41;37;0;0
42;37;0;0
43;37;0;0
44;37;0;0
0;38;0;0
1;38;0;0
2;38;0;0
3;38;0;0
4;38;2;0
5;38;2;0
6;38;2;0
7;38;2;0
8;38;2;0
9;38;2;0
10;38;2;0
11;38;2;0
12;38;2;0
13;38;2;0
14;38;2;0
15;38;2;0
16;38;2;0
17;38;2;0
18;38;2;0
19;38;2;0
20;38;2;0
21;38;2;0
22;38;2;0
23;38;2;0
24;38;2;0
25;38;2;0
26;38;0;0
27;38;0;0
28;38;0;0
29;38;0;0
30;38;0;0
31;38;0;0
32;38;0;0
33;38;0;0
34;38;0;0
35;38;0;0
36;38;0;0
37;38;0;0
38;38;0;0
39;38;0;0
40;38;0;0
41;38;0;0
42;38;0;0
43;38;0;0
44;38;0;0
0;39;0;0
1;39;0;0
2;39;0;0
3;39;2;0
4;39;2;0
5;39;2;0
6;39;2;0
7;39;2;0
8;39;2;0
9;39;2;0
10;39;2;0
11;39;2;0
12;39;2;0
13;39;2;0
14;39;2;0
15;39;2;0
16;39;2;0
17;39;2;0
18;39;2;0
19;39;2;0
20;39;2;0
21;39;2;0
22;39;2;0
23;39;2;0
24;39;2;0
25;39;0;0
26;39;0;0
27;39;0;0
28;39;0;0
29;39;0;0
30;39;0;0
31;39;0;0
32;39;0;0
33;39;0;0
34;39;0;0
35;39;0;0
36;39;0;0
37;39;0;0
38;39;0;0
39;39;0;0
40;39;0;0
41;39;0;0
42;39;0;0
43;39;0;0
44;39;0;0
0;40;0;0
1;40;0;0
2;40;0;0
3;40;2;0
4;40;2;0
5;40;2;0
6;40;2;0
7;40;2;0
8;40;2;0
9;40;2;0
10;40;2;0
11;40;2;0
12;40;2;0
13;40;2;0
14;40;2;0
15;40;2;0
16;40;2;0
17;40;2;0
18;40;2;0
19;40;2;0
20;40;2;0
21;40;2;0
22;40;2;0
23;40;2;0
24;40;2;0
25;40;0;0
26;40;0;0
27;40;0;0
28;40;0;0
29;40;0;0
30;40;0;0
31;40;0;0
32;40;0;0
33;40;0;0
34;40;0;0
35;40;0;0
36;40;0;0
37;40;0;0
38;40;0;0
39;40;0;0
40;40;0;0
41;40;0;0
42;40;0;0
43;40;0;0
44;40;0;0
0;41;0;0
1;41;0;0
2;41;2;0
3;41;2;0
4;41;2;0
5;41;2;0
6;41;2;0
7;41;2;0
8;41;2;0
9;41;2;0
10;41;2;0
11;41;2;0
12;41;2;0
13;41;2;0
14;41;2;0
15;41;2;0
16;41;2;0
17;41;2;0
18;41;2;0
19;41;2;0
20;41;2;0
21;41;2;0
22;41;2;0
23;41;2;0
24;41;2;0
25;41;0;0
26;41;0;0
27;41;0;0
28;41;0;0
29;41;0;0
30;41;0;0
31;41;0;0
32;41;0;0
33;41;0;0
34;41;0;0
35;41;0;0
36;41;0;0
37;41;0;0
38;41;0;0
39;41;0;0
40;41;0;0
41;41;0;0
42;41;0;0
43;41;0;0
44;41;0;0
0;42;0;0
1;42;0;0
2;42;2;0
3;42;2;0
4;42;2;0
5;42;2;0
6;42;2;0
7;42;2;0
8;42;2;0
9;42;2;0
10;42;2;0
11;42;2;0
12;42;2;0
13;42;2;0
14;42;2;0
15;42;2;0
16;42;2;0
17;42;2;0
18;42;2;0
19;42;2;0
20;42;2;0
21;42;2;0
22;42;2;0
23;42;2;0
24;42;2;0
25;42;2;0
26;42;0;0
27;42;0;0
28;42;0;0
29;42;0;0
30;42;0;0
31;42;0;0
32;42;0;0
33;42;0;0
34;42;0;0
35;42;0;0
36;42;0;0
37;42;0;0
38;42;0;0
39;42;0;0
40;42;0;0
41;42;0;0
42;42;0;0
43;42;0;0
44;42;0;0
0;43;0;0
1;43;2;0
2;43;2;0
3;43;2;0
4;43;17475;0
5;43;26691;0
6;43;2;0
7;43;2;0
8;43;2;0
9;43;2;0
10;43;2;0
11;43;2;0
12;43;2;0
13;43;2;0
14;43;2;0
15;43;2;0
16;43;2;0
17;43;2;0
18;43;2;0
19;43;2;0
20;43;2;0
21;43;2;0
22;43;2;0
23;43;2;0
24;43;2;0
25;43;2;0
26;43;0;0
27;43;0;0
28;43;0;0
29;43;0;0
30;43;0;0
31;43;0;0
32;43;0;0
33;43;0;0
34;43;0;0
35;43;0;0
36;43;0;0
37;43;0;0
38;43;0;0
39;43;0;0
40;43;0;0
41;43;0;0
42;43;0;0
43;43;0;0
44;43;0;0
0;44;0;0
1;44;2;0
2;44;2;0
3;44;19523;0
4;44;3;0
5;44;12355;0
6;44;2;0
7;44;2;0
8;44;2;0
9;44;2;0
10;44;2;0
11;44;2;0
12;44;2;0
13;44;2;0
14;44;2;0
15;44;2;0
16;44;2;0
17;44;2;0
18;44;2;0
19;44;2;0
20;44;2;0
21;44;2;0
22;44;2;0
23;44;2;0
24;44;2;0
25;44;2;0
26;44;2;0
27;44;0;0
28;44;0;0
29;44;0;0
30;44;0;0
31;44;0;0
32;44;0;0
33;44;0;0
34;44;0;0
35;44;0;0
36;44;0;0
37;44;0;0
38;44;0;0
39;44;0;0
40;44;0;0
41;44;0;0
42;44;0;0
43;44;0;0
44;44;0;0
0;45;0;0
1;45;2;0
2;45;2;0
3;45;3139;0
4;45;3;0
5;45;12355;0
6;45;2;0
7;45;2;0
8;45;2;0
9;45;2;0
10;45;2;0
11;45;2;0
12;45;2;0
13;45;2;0
14;45;2;0
15;45;2;0
16;45;2;0
17;45;2;0
18;45;2;0
19;45;2;0
20;45;2;0
21;45;6498;0
22;45;5474;0
23;45;2;0
24;45;2;0
25;45;2;0
26;45;2;0
27;45;0;0
28;45;0;0
29;45;0;0
30;45;0;0
31;45;0;0
32;45;0;0
33;45;0;0
34;45;0;0
35;45;0;0
36;45;0;0
37;45;0;0
38;45;0;0
39;45;0;0
40;45;0;0
41;45;0;0
42;45;0;0
43;45;0;0
44;45;0;0
0;46;0;0
1;46;2;0
2;46;19523;0
3;46;3;0
4;46;6211;0
5;46;28739;0
6;46;2;0
7;46;2;0
8;46;2;0
9;46;2;0
10;46;2;0
11;46;2;0
12;46;2;0
13;46;2;0
14;46;2;0
15;46;2;0
16;46;2;0
17;46;2;0
18;46;2;0
19;46;2;0
20;46;8546;0
21;46;11;0
22;46;11;0
23;46;4450;0
24;46;2;0
25;46;2;0
26;46;2;0
27;46;0;0
28;46;0;0
29;46;0;0
30;46;0;0
31;46;0;0
32;46;0;0
33;46;0;0
34;46;0;0
35;46;0;0
36;46;0;0
37;46;0;0
38;46;0;0
39;46;0;0
40;46;0;0
41;46;0;0
42;46;0;0
43;46;0;0
44;46;0;0
0;47;0;0
1;47;2;0
2;47;27715;0
3;47;21571;0
4;47;2;0
5;47;2;0
6;47;2;0
7;47;2;0
8;47;2;0
9;47;2;0
10;47;2;0
11;47;2;0
12;47;2;0
13;47;2;0
14;47;2;0
15;47;2;0
16;47;2;0
17;47;2;0
18;47;2;0
19;47;2;0
20;47;7522;0
21;47;11;0
22;47;11;0
23;47;3426;0
24;47;2;0
25;47;2;0
26;47;2;0
27;47;2;0
28;47;0;0
29;47;0;0
30;47;0;0
31;47;0;0
32;47;0;0
33;47;0;0
34;47;0;0
35;47;0;0
36;47;0;0
37;47;0;0
38;47;0;0
39;47;0;0
40;47;0;0
41;47;0;0
42;47;0;0
43;47;0;0
44;47;0;0
0;48;2;0
1;48;2;0
2;48;2;0
3;48;2;0
4;48;2;0
5;48;2;0
6;48;2;0
7;48;2;0
8;48;2;0
9;48;2;0
10;48;2;0
11;48;2;0
12;48;2;0
13;48;2;0
14;48;2;0
15;48;2;0
16;48;2;0
17;48;2;0
18;48;2;0
19;48;2;0
20;48;2;0
21;48;2402;0
22;48;1378;0
23;48;2;0
24;48;2;0
25;48;2;0
26;48;2;0
27;48;2;0
28;48;0;0
29;48;0;0
30;48;0;0
31;48;0;0
32;48;0;0
33;48;0;0
34;48;0;0
35;48;0;0
36;48;0;0
37;48;0;0
38;48;0;0
39;48;0;0
40;48;0;0
41;48;0;0
42;48;0;0
43;48;0;0
44;48;0;0
0;49;2;0
1;49;2;0
2;49;2;0
3;49;2;0
4;49;2;0
5;49;2;0
6;49;2;0
7;49;0;0
8;49;0;0
9;49;0;0
10;49;0;0
11;49;2;0
12;49;2;0
13;49;2;0
14;49;2;0
15;49;2;0
16;49;2;0
17;49;2;0
18;49;2;0
19;49;2;0
20;49;2;0
21;49;6498;0
22;49;5474;0
23;49;2;0
24;49;2;0
25;49;2;0
26;49;2;0
27;49;2;0
28;49;0;0
29;49;0;0
30;49;0;0
31;49;0;0
32;49;0;0
33;49;0;0
34;49;0;0
35;49;0;0
36;49;0;0
37;49;0;0
38;49;0;0
39;49;0;0
40;49;0;0
41;49;0;0
42;49;0;0
43;49;0;0
44;49;0;0
0;50;2;0
1;50;2;0
2;50;2;0
3;50;2;0
4;50;2;0
5;50;2;0
6;50;2;0
7;50;0;0
8;50;0;0
9;50;0;0
10;50;0;0
11;50;0;0
12;50;0;0
13;50;0;0
14;50;0;0
15;50;0;0
16;50;0;0
17;50;2;0
18;50;2;0
19;50;2;0
20;50;8546;0
21;50;11;0
22;50;11;0
23;50;4450;0
24;50;2;0
25;50;2;0
26;50;2;0
27;50;2;0
28;50;0;0
29;50;0;0
30;50;0;0
31;50;0;0
32;50;0;0
33;50;0;0
34;50;0;0
35;50;0;0
36;50;0;0
37;50;0;0
38;50;0;0
39;50;0;0
40;50;0;0
41;50;0;0
42;50;0;0
43;50;0;0
44;50;0;0
0;51;2;0
1;51;2;0
2;51;2;0
3;51;2;0
4;51;2;0
5;51;0;0
6;51;0;0
7;51;0;0
8;51;0;0
9;51;0;0
10;51;0;0
11;51;0;0
12;51;0;0
13;51;0;0
14;51;0;0
15;51;0;0
16;51;0;0
17;51;0;0
18;51;0;0
19;51;2;0
20;51;7522;0
21;51;11;0
22;51;11;0
23;51;20834;0
24;51;2;0
25;51;2;0
26;51;2;0
27;51;2;0
28;51;0;0
29;51;0;0
30;51;0;0
31;51;0;0
32;51;0;0
33;51;0;0
34;51;0;0
35;51;0;0
36;51;0;0
37;51;0;0
38;51;0;0
39;51;0;0
40;51;0;0
41;51;0;0
42;51;0;0
43;51;0;0
44;51;0;0
0;52;0;0
1;52;2;0
2;52;2;0
3;52;0;0
4;52;0;0
5;52;0;0
6;52;0;0
7;52;0;0
8;52;0;0
9;52;0;0
10;52;0;0
11;52;0;0
12;52;0;0
13;52;0;0
14;52;0;0
15;52;0;0
16;52;0;0
17;52;0;0
18;52;0;0
19;52;2;0
20;52;2;0
21;52;23906;0
22;52;11;0
23;52;11;0
24;52;4450;0
25;52;2;0
26;52;2;0
27;52;2;0
28;52;0;0
29;52;0;0
30;52;0;0
31;52;0;0
32;52;0;0
33;52;0;0
34;52;0;0
35;52;0;0
36;52;0;0
37;52;0;0
38;52;0;0
39;52;0;0
40;52;0;0
41;52;0;0
42;52;0;0
43;52;0;0
44;52;0;0
0;53;0;0
1;53;0;0
2;53;0;0
3;53;0;0
4;53;0;0
5;53;0;0
6;53;0;0
7;53;0;0
8;53;0;0
9;53;0;0
10;53;0;0
11;53;0;0
12;53;0;0
13;53;0;0
14;53;0;0
15;53;0;0
16;53;0;0
17;53;0;0
18;53;0;0
19;53;0;0
20;53;2;0
21;53;7522;0
22;53;11;0
23;53;11;0
24;53;3426;0
25;53;2;0
26;53;2;0
27;53;2;0
28;53;0;0
29;53;0;0
30;53;0;0
31;53;0;0
32;53;0;0
33;53;0;0
34;53;0;0
35;53;0;0
36;53;0;0
37;53;0;0
38;53;0;0
39;53;0;0
40;53;0;0
41;53;0;0
42;53;0;0
43;53;0;0
44;53;0;0
0;54;0;0
1;54;0;0
2;54;0;0
3;54;0;0
4;54;0;0
5;54;0;0
6;54;0;0
7;54;0;0
8;54;0;0
9;54;0;0
10;54;0;0
11;54;0;0
12;54;0;0
13;54;0;0
14;54;0;0
15;54;0;0
16;54;0;0
17;54;0;0
18;54;0;0
19;54;0;0
20;54;0;0
21;54;2;0
22;54;2402;0
23;54;1378;0
24;54;2;0
25;54;2;0
26;54;0;0
27;54;0;0
28;54;0;0
29;54;0;0
30;54;0;0
31;54;0;0
32;54;0;0
33;54;0;0
34;54;0;0
35;54;0;0
36;54;0;0
37;54;0;0
38;54;0;0
39;54;0;0
40;54;0;0
41;54;0;0
42;54;0;0
43;54;0;0
44;54;0;0
