L: 1
X: 296
Y: -402
W: 42
H: 53
0;0;0;0;0
1;0;0;0;0
2;0;0;0;0
3;0;0;0;0
4;0;0;0;0
5;0;0;0;0
6;0;0;0;0
7;0;0;0;0
8;0;0;0;0
9;0;0;0;0
10;0;0;0;0
11;0;0;0;0
12;0;0;0;0
13;0;0;0;0
14;0;0;0;0
15;0;0;0;0
16;0;0;0;0
17;0;0;0;0
18;0;0;0;0
19;0;0;0;0
20;0;0;0;0
21;0;0;0;0
22;0;0;0;0
23;0;0;0;0
24;0;0;0;0
25;0;0;0;0
26;0;0;0;0
27;0;0;0;0
28;0;0;0;0
29;0;0;0;0
30;0;0;0;0
31;0;0;0;0
32;0;0;0;0
33;0;0;0;0
34;0;0;0;0
35;0;0;0;0
36;0;0;0;0
37;0;0;0;0
38;0;0;0;0
39;0;0;0;0
40;0;0;0;0
41;0;0;0;0
0;1;0;0;0
1;1;0;0;0
2;1;0;0;0
3;1;0;0;0
4;1;0;0;0
5;1;0;0;0
6;1;0;0;0
7;1;0;0;0
8;1;0;0;0
9;1;0;0;0
10;1;0;0;0
11;1;0;0;0
12;1;0;0;0
13;1;0;0;0
14;1;0;0;0
15;1;0;0;0
16;1;0;0;0
17;1;0;0;0
18;1;0;0;0
19;1;0;0;0
20;1;0;0;0
21;1;0;0;0
22;1;0;0;0
23;1;0;0;0
24;1;0;0;0
25;1;0;0;0
26;1;0;0;0
27;1;0;0;0
28;1;0;0;0
29;1;0;0;0
30;1;0;0;0
31;1;0;0;0
32;1;0;0;0
33;1;0;0;0
34;1;0;0;0
35;1;0;0;0
36;1;0;0;0
37;1;0;0;0
38;1;0;0;0
39;1;0;0;0
40;1;0;0;0
41;1;0;0;0
0;2;0;0;0
1;2;0;0;0
2;2;0;0;0
3;2;0;0;0
4;2;0;0;0
5;2;0;0;0
6;2;0;0;0
7;2;0;0;0
8;2;0;0;0
9;2;0;0;0
10;2;0;0;0
11;2;0;0;0
12;2;0;0;0
13;2;0;0;0
14;2;0;0;0
15;2;0;0;0
16;2;0;0;0
17;2;0;0;0
18;2;0;0;0
19;2;0;0;0
20;2;0;0;0
21;2;0;0;0
22;2;0;0;0
23;2;0;0;0
24;2;0;0;0
25;2;0;0;0
26;2;0;0;0
27;2;0;0;0
28;2;0;0;0
29;2;0;0;0
30;2;0;0;0
31;2;0;0;0
32;2;0;0;0
33;2;0;0;0
34;2;0;0;0
35;2;0;0;0
36;2;0;0;0
37;2;0;0;0
38;2;0;0;0
39;2;0;0;0
40;2;0;0;0
41;2;0;0;0
0;3;0;0;0
1;3;0;0;0
2;3;0;0;0
3;3;0;0;0
4;3;0;0;0
5;3;0;0;0
6;3;0;0;0
7;3;0;0;0
8;3;0;0;0
9;3;0;0;0
10;3;0;0;0
11;3;0;0;0
12;3;0;0;0
13;3;0;0;0
14;3;0;0;0
15;3;0;0;0
16;3;0;0;0
17;3;0;0;0
18;3;0;0;0
19;3;0;0;0
20;3;0;0;0
21;3;0;0;0
22;3;0;0;0
23;3;0;0;0
24;3;0;0;0
25;3;0;0;0
26;3;0;0;0
27;3;0;0;0
28;3;0;0;0
29;3;0;0;0
30;3;0;0;0
31;3;0;0;0
32;3;0;0;0
33;3;0;0;0
34;3;0;0;0
35;3;0;0;0
36;3;0;0;0
37;3;0;0;0
38;3;0;0;0
39;3;0;0;0
40;3;0;0;0
41;3;0;0;0
0;4;0;0;0
1;4;0;0;0
2;4;0;0;0
3;4;0;0;0
4;4;0;0;0
5;4;0;0;0
6;4;0;0;0
7;4;0;0;0
8;4;0;0;0
9;4;0;0;0
10;4;0;0;0
11;4;0;0;0
12;4;0;0;0
13;4;0;0;0
14;4;0;0;0
15;4;0;0;0
16;4;0;0;0
17;4;0;0;0
18;4;0;0;0
19;4;0;0;0
20;4;0;0;0
21;4;0;0;0
22;4;0;0;0
23;4;0;0;0
24;4;0;0;0
25;4;0;0;0
26;4;0;0;0
27;4;0;0;0
28;4;0;0;0
29;4;0;0;0
30;4;0;0;0
31;4;0;0;0
32;4;0;0;0
33;4;0;0;0
34;4;0;0;0
35;4;0;0;0
36;4;0;0;0
37;4;0;0;0
38;4;0;0;0
39;4;0;0;0
40;4;0;0;0
41;4;0;0;0
0;5;0;0;0
1;5;0;0;0
2;5;0;0;0
3;5;0;0;0
4;5;0;0;0
5;5;0;0;0
6;5;0;0;0
7;5;0;0;0
8;5;0;0;0
9;5;0;0;0
10;5;0;0;0
11;5;0;0;0
12;5;0;0;0
13;5;0;0;0
14;5;0;0;0
15;5;0;0;0
16;5;0;0;0
17;5;0;0;0
18;5;0;0;0
19;5;0;0;0
20;5;0;0;0
21;5;0;0;0
22;5;0;0;0
23;5;0;0;0
24;5;0;0;0
25;5;0;0;0
26;5;0;0;0
27;5;0;0;0
28;5;0;0;0
29;5;0;0;0
30;5;0;0;0
31;5;0;0;0
32;5;0;0;0
33;5;0;0;0
34;5;0;0;0
35;5;0;0;0
36;5;0;0;0
37;5;0;0;0
38;5;0;0;0
39;5;0;0;0
40;5;0;0;0
41;5;0;0;0
0;6;0;0;0
1;6;0;0;0
2;6;0;0;0
3;6;0;0;0
4;6;0;0;0
5;6;0;0;0
6;6;0;0;0
7;6;0;0;0
8;6;0;0;0
9;6;0;0;0
10;6;0;0;0
11;6;0;0;0
12;6;0;0;0
13;6;0;0;0
14;6;0;0;0
15;6;0;0;0
16;6;0;0;0
17;6;0;0;0
18;6;0;0;0
19;6;0;0;0
20;6;0;0;0
21;6;0;0;0
22;6;0;0;0
23;6;0;0;0
24;6;0;0;0
25;6;0;0;0
26;6;0;0;0
27;6;0;0;0
28;6;0;0;0
29;6;0;0;0
30;6;0;0;0
31;6;0;0;0
32;6;0;0;0
33;6;0;0;0
34;6;0;0;0
35;6;0;0;0
36;6;0;0;0
37;6;0;0;0
38;6;0;0;0
39;6;0;0;0
40;6;0;0;0
41;6;0;0;0
0;7;0;0;0
1;7;0;0;0
2;7;0;0;0
3;7;0;0;0
4;7;2;0;0
5;7;2;0;0
6;7;2;0;0
7;7;2;0;0
8;7;2;0;0
9;7;2;0;0
10;7;2;0;0
11;7;0;0;0
12;7;0;0;0
13;7;0;0;0
14;7;0;0;0
15;7;0;0;0
16;7;0;0;0
17;7;0;0;0
18;7;0;0;0
19;7;0;0;0
20;7;0;0;0
21;7;0;0;0
22;7;0;0;0
23;7;0;0;0
24;7;0;0;0
25;7;0;0;0
26;7;0;0;0
27;7;0;0;0
28;7;0;0;0
29;7;0;0;0
30;7;0;0;0
31;7;0;0;0
32;7;0;0;0
33;7;0;0;0
34;7;0;0;0
35;7;0;0;0
36;7;0;0;0
37;7;0;0;0
38;7;0;0;0
39;7;0;0;0
40;7;0;0;0
41;7;0;0;0
0;8;0;0;0
1;8;0;0;0
2;8;0;0;0
3;8;0;0;0
4;8;2;0;0
5;8;2;0;0
6;8;2;0;0
7;8;2;0;0
8;8;2;0;0
9;8;2;0;0
10;8;2;0;0
11;8;0;0;0
12;8;0;0;0
13;8;0;0;0
14;8;0;0;0
15;8;0;0;0
16;8;0;0;0
17;8;0;0;0
18;8;0;0;0
19;8;0;0;0
20;8;0;0;0
21;8;0;0;0
22;8;0;0;0
23;8;0;0;0
24;8;0;0;0
25;8;0;0;0
26;8;0;0;0
27;8;0;0;0
28;8;0;0;0
29;8;0;0;0
30;8;0;0;0
31;8;0;0;0
32;8;0;0;0
33;8;0;0;0
34;8;0;0;0
35;8;0;0;0
36;8;0;0;0
37;8;0;0;0
38;8;0;0;0
39;8;0;0;0
40;8;0;0;0
41;8;0;0;0
0;9;2;0;0
1;9;2;0;0
2;9;2;0;0
3;9;2;0;0
4;9;2;0;0
5;9;2;0;0
6;9;2;0;0
7;9;2;0;0
8;9;2;0;0
9;9;2;0;0
10;9;2;0;0
11;9;2;0;0
12;9;2;0;0
13;9;0;0;0
14;9;0;0;0
15;9;0;0;0
16;9;0;0;0
17;9;0;0;0
18;9;0;0;0
19;9;0;0;0
20;9;0;0;0
21;9;0;0;0
22;9;0;0;0
23;9;0;0;0
24;9;0;0;0
25;9;0;0;0
26;9;0;0;0
27;9;0;0;0
28;9;0;0;0
29;9;0;0;0
30;9;0;0;0
31;9;0;0;0
32;9;0;0;0
33;9;0;0;0
34;9;0;0;0
35;9;0;0;0
36;9;0;0;0
37;9;0;0;0
38;9;0;0;0
39;9;0;0;0
40;9;0;0;0
41;9;0;0;0
0;10;2;0;0
1;10;2;0;0
2;10;2;0;0
3;10;2;0;0
4;10;2;0;0
5;10;2;0;0
6;10;2;0;0
7;10;2;0;0
8;10;2;0;0
9;10;2;0;0
10;10;2;0;0
11;10;2;0;0
12;10;2;0;0
13;10;2;0;0
14;10;2;0;0
15;10;0;0;0
16;10;0;0;0
17;10;0;0;0
18;10;0;0;0
19;10;0;0;0
20;10;0;0;0
21;10;0;0;0
22;10;0;0;0
23;10;0;0;0
24;10;0;0;0
25;10;0;0;0
26;10;0;0;0
27;10;0;0;0
28;10;0;0;0
29;10;0;0;0
30;10;0;0;0
31;10;0;0;0
32;10;0;0;0
33;10;0;0;0
34;10;0;0;0
35;10;0;0;0
36;10;0;0;0
37;10;0;0;0
38;10;0;0;0
39;10;0;0;0
40;10;0;0;0
41;10;0;0;0
0;11;2;0;0
1;11;2;0;0
2;11;2;0;0
3;11;2;0;0
4;11;2;0;0
5;11;2;0;0
6;11;2;0;0
7;11;2;0;0
8;11;2;0;0
9;11;2;0;0
10;11;2;0;0
11;11;2;0;0
12;11;2;0;0
13;11;2;0;0
14;11;2;0;0
15;11;0;0;0
16;11;0;0;0
17;11;0;0;0
18;11;0;0;0
19;11;0;0;0
20;11;0;0;0
21;11;0;0;0
22;11;0;0;0
23;11;0;0;0
24;11;0;0;0
25;11;0;0;0
26;11;0;0;0
27;11;0;0;0
28;11;0;0;0
29;11;0;0;0
30;11;0;0;0
31;11;0;0;0
32;11;0;0;0
33;11;0;0;0
34;11;0;0;0
35;11;0;0;0
36;11;0;0;0
37;11;0;0;0
38;11;0;0;0
39;11;0;0;0
40;11;0;0;0
41;11;0;0;0
0;12;2;0;0
1;12;2;0;0
2;12;2;0;0
3;12;2;0;0
4;12;2;0;0
5;12;2;0;0
6;12;2;0;0
7;12;2;0;0
8;12;2;0;0
9;12;2;0;0
10;12;2;0;0
11;12;2;0;0
12;12;2;0;0
13;12;2;0;0
14;12;2;0;0
15;12;2;0;0
16;12;2;0;0
17;12;2;0;0
18;12;2;0;0
19;12;2;0;0
20;12;2;0;0
21;12;2;0;0
22;12;2;0;0
23;12;2;0;0
24;12;2;0;0
25;12;0;0;0
26;12;0;0;0
27;12;0;0;0
28;12;0;0;0
29;12;0;0;0
30;12;0;0;0
31;12;0;0;0
32;12;0;0;0
33;12;0;0;0
34;12;0;0;0
35;12;0;0;0
36;12;0;0;0
37;12;0;0;0
38;12;0;0;0
39;12;2;0;0
40;12;2;0;0
41;12;2;0;0
0;13;2;0;0
1;13;2;0;0
2;13;2;0;0
3;13;2;0;0
4;13;2;0;0
5;13;2;0;0
6;13;2;0;0
7;13;2;0;0
8;13;2;0;0
9;13;2;0;0
10;13;2;0;0
11;13;2;0;0
12;13;2;0;0
13;13;2;0;0
14;13;2;0;0
15;13;2;0;0
16;13;2;0;0
17;13;2;0;0
18;13;2;0;0
19;13;2;0;0
20;13;2;0;0
21;13;2;0;0
22;13;2;0;0
23;13;2;0;0
24;13;2;0;0
25;13;0;0;0
26;13;0;0;0
27;13;0;0;0
28;13;0;0;0
29;13;0;0;0
30;13;0;0;0
31;13;0;0;0
32;13;0;0;0
33;13;0;0;0
34;13;0;0;0
35;13;0;0;0
36;13;0;0;0
37;13;0;0;0
38;13;0;0;0
39;13;2;0;0
40;13;2;0;0
41;13;2;0;0
0;14;2;0;0
1;14;2;0;0
2;14;2;0;0
3;14;2;0;0
4;14;2;0;0
5;14;2;0;0
6;14;2;0;0
7;14;2;0;0
8;14;2;0;0
9;14;2;0;0
10;14;2;0;0
11;14;2;0;0
12;14;2;0;0
13;14;2;0;0
14;14;6498;0;0
15;14;5474;0;0
16;14;2;0;0
17;14;2;0;0
18;14;2;0;0
19;14;2;0;0
20;14;2;0;0
21;14;2;0;0
22;14;2;0;0
23;14;2;0;0
24;14;2;0;0
25;14;2;0;0
26;14;2;0;0
27;14;2;0;0
28;14;2;0;0
29;14;2;0;0
30;14;0;0;0
31;14;0;0;0
32;14;0;0;0
33;14;0;0;0
34;14;0;0;0
35;14;0;0;0
36;14;2;0;0
37;14;2;0;0
38;14;2;0;0
39;14;2;0;0
40;14;2;0;0
41;14;2;0;0
0;15;2;0;0
1;15;2;0;0
2;15;2;0;0
3;15;2;0;0
4;15;2;0;0
5;15;2;0;0
6;15;2;0;0
7;15;2;0;0
8;15;2;0;0
9;15;2;0;0
10;15;2;0;0
11;15;6434;0;0
12;15;11554;0;0
13;15;5410;0;0
14;15;11;0;0
15;15;11;0;0
16;15;15714;0;0
17;15;2;0;0
18;15;2;0;0
19;15;2;0;0
20;15;2;0;0
21;15;2;0;0
22;15;2;0;0
23;15;2;0;0
24;15;2;0;0
25;15;2;0;0
26;15;2;0;0
27;15;2;0;0
28;15;2;0;0
29;15;2;0;0
30;15;2;0;0
31;15;2;0;0
32;15;2;0;0
33;15;2;0;0
34;15;2;0;0
35;15;2;0;0
36;15;2;0;0
37;15;2;0;0
38;15;2;0;0
39;15;2;0;0
40;15;2;0;0
41;15;2;0;0
0;16;2;0;0
1;16;2;0;0
2;16;2;0;0
3;16;2;0;0
4;16;2;0;0
5;16;2;0;0
6;16;2;0;0
7;16;2;0;0
8;16;6434;0;0
9;16;11554;0;0
10;16;21794;0;0
11;16;9;0;0
12;16;9;0;0
13;16;7529;0;0
14;16;11;0;0
15;16;11;0;0
16;16;11;0;0
17;16;11554;0;0
18;16;11554;0;0
19;16;5410;0;0
20;16;2;0;0
21;16;2;0;0
22;16;2;0;0
23;16;2;0;0
24;16;2;0;0
25;16;2;0;0
26;16;2;0;0
27;16;2;0;0
28;16;2;0;0
29;16;2;0;0
30;16;2;0;0
31;16;2;0;0
32;16;2;0;0
33;16;2;0;0
34;16;2;0;0
35;16;2;0;0
36;16;2;0;0
37;16;2;0;0
38;16;2;0;0
39;16;2;0;0
40;16;2;0;0
41;16;2;0;0
0;17;2;0;0
1;17;2;0;0
2;17;2;0;0
3;17;2;0;0
4;17;2;0;0
5;17;2;0;0
6;17;2;0;0
7;17;8482;0;0
8;17;9;0;0
9;17;9;0;0
10;17;9;0;0
11;17;9;0;0
12;17;9;0;0
13;17;9;0;0
14;17;2409;0;0
15;17;9577;0;0
16;17;1385;0;0
17;17;9;0;0
18;17;9;0;0
19;17;9;0;0
20;17;22818;0;0
21;17;11554;0;0
22;17;5410;0;0
23;17;2;0;0
24;17;2;0;0
25;17;2;0;0
26;17;2;0;0
27;17;2;0;0
28;17;2;0;0
29;17;2;0;0
30;17;2;0;0
31;17;2;0;0
32;17;2;0;0
33;17;2;0;0
34;17;2;0;0
35;17;2;0;0
36;17;2;0;0
37;17;2;0;0
38;17;2;0;0
39;17;2;0;0
40;17;2;0;0
41;17;2;0;0
0;18;2;0;0
1;18;2;0;0
2;18;2;0;0
3;18;2;0;0
4;18;2;0;0
5;18;2;0;0
6;18;2;0;0
7;18;12578;0;0
8;18;9;0;0
9;18;9;0;0
10;18;9;0;0
11;18;9;0;0
12;18;9;0;0
13;18;9;0;0
14;18;9;0;0
15;18;9;0;0
16;18;9;0;0
17;18;9;0;0
18;18;9;0;0
19;18;9;0;0
20;18;9;0;0
21;18;9;0;0
22;18;9;0;0
23;18;4386;0;0
24;18;2;0;0
25;18;2;0;0
26;18;2;0;0
27;18;2;0;0
28;18;2;0;0
29;18;2;0;0
30;18;16738;0;0
31;18;11;0;0
32;18;15714;0;0
33;18;2;0;0
34;18;2;0;0
35;18;2;0;0
36;18;2;0;0
37;18;6498;0;0
38;18;21858;0;0
39;18;11;0;0
40;18;4450;0;0
41;18;2;0;0
0;19;2;0;0
1;19;2;0;0
2;19;2;0;0
3;19;2;0;0
4;19;2;0;0
5;19;6434;0;0
6;19;11554;0;0
7;19;28962;0;0
8;19;9;0;0
9;19;9;0;0
10;19;9;0;0
11;19;9;0;0
12;19;9;0;0
13;19;9;0;0
14;19;9;0;0
15;19;9;0;0
16;19;9;0;0
17;19;9;0;0
18;19;9;0;0
19;19;9;0;0
20;19;9;0;0
21;19;9;0;0
22;19;9;0;0
23;19;27938;0;0
24;19;11554;0;0
25;19;5410;0;0
26;19;2;0;0
27;19;2;0;0
28;19;2;0;0
29;19;16738;0;0
30;19;11;0;0
31;19;11;0;0
32;19;11;0;0
33;19;22882;0;0
34;19;11618;0;0
35;19;11618;0;0
36;19;21858;0;0
37;19;11;0;0
38;19;11;0;0
39;19;11;0;0
40;19;3426;0;0
41;19;2;0;0
0;20;2;0;0
1;20;2;0;0
2;20;2;0;0
3;20;2;0;0
4;20;8482;0;0
5;20;9;0;0
6;20;9;0;0
7;20;9;0;0
8;20;9;0;0
9;20;9;0;0
10;20;9;0;0
11;20;9;0;0
12;20;9;0;0
13;20;9;0;0
14;20;9;0;0
15;20;9;0;0
16;20;9;0;0
17;20;9;0;0
18;20;9;0;0
19;20;9;0;0
20;20;9;0;0
21;20;9;0;0
22;20;9;0;0
23;20;9;0;0
24;20;9;0;0
25;20;9;0;0
26;20;22818;0;0
27;20;11554;0;0
28;20;5410;0;0
29;20;11;0;0
30;20;11;0;0
31;20;11;0;0
32;20;11;0;0
33;20;11;0;0
34;20;11;0;0
35;20;11;0;0
36;20;11;0;0
37;20;11;0;0
38;20;11;0;0
39;20;13666;0;0
40;20;2;0;0
41;20;2;0;0
0;21;2;0;0
1;21;2;0;0
2;21;2;0;0
3;21;2;0;0
4;21;12578;0;0
5;21;9;0;0
6;21;9;0;0
7;21;9;0;0
8;21;9;0;0
9;21;9;0;0
10;21;9;0;0
11;21;9;0;0
12;21;9;0;0
13;21;9;0;0
14;21;9;0;0
15;21;9;0;0
16;21;9;0;0
17;21;17698;0;0
18;21;9506;0;0
19;21;26914;0;0
20;21;9;0;0
21;21;9;0;0
22;21;9;0;0
23;21;9;0;0
24;21;9;0;0
25;21;9;0;0
26;21;9;0;0
27;21;9;0;0
28;21;12649;0;0
29;21;11;0;0
30;21;11;0;0
31;21;11;0;0
32;21;11;0;0
33;21;11;0;0
34;21;11;0;0
35;21;11;0;0
36;21;17762;0;0
37;21;9570;0;0
38;21;1378;0;0
39;21;2;0;0
40;21;2;0;0
41;21;2;0;0
0;22;2;0;0
1;22;2;0;0
2;22;2;0;0
3;22;2;0;0
4;22;12578;0;0
5;22;9;0;0
6;22;9;0;0
7;22;9;0;0
8;22;9;0;0
9;22;9;0;0
10;22;25890;0;0
11;22;26914;0;0
12;22;9;0;0
13;22;9;0;0
14;22;9;0;0
15;22;9;0;0
16;22;19746;0;0
17;22;2;0;0
18;22;2;0;0
19;22;24866;0;0
20;22;9;0;0
21;22;9;0;0
22;22;9;0;0
23;22;9;0;0
24;22;9;0;0
25;22;9;0;0
26;22;9;0;0
27;22;9;0;0
28;22;12649;0;0
29;22;11;0;0
30;22;11;0;0
31;22;11;0;0
32;22;25954;0;0
33;22;9570;0;0
34;22;9570;0;0
35;22;1378;0;0
36;22;2;0;0
37;22;2;0;0
38;22;2;0;0
39;22;2;0;0
40;22;2;0;0
41;22;2;0;0
0;23;2;0;0
1;23;2;0;0
2;23;2;0;0
3;23;2;0;0
4;23;7458;0;0
5;23;9;0;0
6;23;9;0;0
7;23;9;0;0
8;23;9;0;0
9;23;9;0;0
10;23;2;0;0
11;23;28962;0;0
12;23;9;0;0
13;23;9;0;0
14;23;9;0;0
15;23;9;0;0
16;23;3362;0;0
17;23;2;0;0
18;23;16674;0;0
19;23;9;0;0
20;23;9;0;0
21;23;9;0;0
22;23;9;0;0
23;23;9;0;0
24;23;9;0;0
25;23;9;0;0
26;23;9;0;0
27;23;9;0;0
28;23;24937;0;0
29;23;11;0;0
30;23;11;0;0
31;23;11;0;0
32;23;3426;0;0
33;23;2;0;0
34;23;2;0;0
35;23;2;0;0
36;23;2;0;0
37;23;2;0;0
38;23;2;0;0
39;23;2;0;0
40;23;2;0;0
41;23;2;0;0
0;24;2;0;0
1;24;2;0;0
2;24;2;0;0
3;24;2;0;0
4;24;2;0;0
5;24;23842;0;0
6;24;9;0;0
7;24;9;0;0
8;24;9;0;0
9;24;2;0;0
10;24;9;0;0
11;24;9;0;0
12;24;9;0;0
13;24;9;0;0
14;24;9;0;0
15;24;19746;0;0
16;24;2;0;0
17;24;8482;0;0
18;24;9;0;0
19;24;9;0;0
20;24;9;0;0
21;24;9;0;0
22;24;9;0;0
23;24;9;0;0
24;24;9;0;0
25;24;9;0;0
26;24;9;0;0
27;24;8553;0;0
28;24;11;0;0
29;24;11;0;0
30;24;11;0;0
31;24;19810;0;0
32;24;2;0;0
33;24;2;0;0
34;24;2;0;0
35;24;2;0;0
36;24;2;0;0
37;24;2;0;0
38;24;2;0;0
39;24;2;0;0
40;24;2;0;0
41;24;2;0;0
0;25;2;0;0
1;25;2;0;0
2;25;2;0;0
3;25;2;0;0
4;25;2;0;0
5;25;12578;0;0
6;25;9;0;0
7;25;9;0;0
8;25;9;0;0
9;25;9;0;0
10;25;9;0;0
11;25;9;0;0
12;25;9;0;0
13;25;9;0;0
14;25;9;0;0
15;25;10530;0;0
16;25;2;0;0
17;25;24866;0;0
18;25;9;0;0
19;25;9;0;0
20;25;25890;0;0
21;25;26914;0;0
22;25;9;0;0
23;25;9;0;0
24;25;9;0;0
25;25;9;0;0
26;25;9;0;0
27;25;7529;0;0
28;25;11;0;0
29;25;11;0;0
30;25;11;0;0
31;25;3426;0;0
32;25;2;0;0
33;25;2;0;0
34;25;2;0;0
35;25;2;0;0
36;25;2;0;0
37;25;2;0;0
38;25;2;0;0
39;25;0;0;0
40;25;0;0;0
41;25;2;0;0
0;26;2;0;0
1;26;2;0;0
2;26;2;0;0
3;26;2;0;0
4;26;2;0;0
5;26;7458;0;0
6;26;11625;0;0
7;26;5481;0;0
8;26;9;0;0
9;26;9;0;0
10;26;9;0;0
11;26;9;0;0
12;26;9;0;0
13;26;9;0;0
14;26;9;0;0
15;26;27938;0;0
16;26;21794;0;0
17;26;9;0;0
18;26;9;0;0
19;26;9;0;0
20;26;27938;0;0
21;26;28962;0;0
22;26;9;0;0
23;26;9;0;0
24;26;9;0;0
25;26;9;0;0
26;26;17698;0;0
27;26;1314;0;0
28;26;2402;0;0
29;26;9570;0;0
30;26;1378;0;0
31;26;2;0;0
32;26;2;0;0
33;26;2;0;0
34;26;2;0;0
35;26;2;0;0
36;26;2;0;0
37;26;0;0;0
38;26;0;0;0
39;26;0;0;0
40;26;0;0;0
41;26;0;0;0
0;27;2;0;0
1;27;2;0;0
2;27;2;0;0
3;27;2;0;0
4;27;8546;0;0
5;27;11;0;0
6;27;11;0;0
7;27;11;0;0
8;27;4457;0;0
9;27;9;0;0
10;27;9;0;0
11;27;9;0;0
12;27;9;0;0
13;27;9;0;0
14;27;9;0;0
15;27;9;0;0
16;27;9;0;0
17;27;9;0;0
18;27;9;0;0
19;27;9;0;0
20;27;9;0;0
21;27;9;0;0
22;27;9;0;0
23;27;9;0;0
24;27;25890;0;0
25;27;1314;0;0
26;27;2;0;0
27;27;2;0;0
28;27;2;0;0
29;27;2;0;0
30;27;2;0;0
31;27;2;0;0
32;27;2;0;0
33;27;2;0;0
34;27;2;0;0
35;27;0;0;0
36;27;0;0;0
37;27;0;0;0
38;27;0;0;0
39;27;0;0;0
40;27;0;0;0
41;27;0;0;0
0;28;2;0;0
1;28;2;0;0
2;28;2;0;0
3;28;2;0;0
4;28;24930;0;0
5;28;11;0;0
6;28;11;0;0
7;28;11;0;0
8;28;28009;0;0
9;28;5481;0;0
10;28;9;0;0
11;28;9;0;0
12;28;9;0;0
13;28;9;0;0
14;28;9;0;0
15;28;9;0;0
16;28;9;0;0
17;28;9;0;0
18;28;9;0;0
19;28;9;0;0
20;28;9;0;0
21;28;9;0;0
22;28;9;0;0
23;28;9;0;0
24;28;3362;0;0
25;28;2;0;0
26;28;2;0;0
27;28;2;0;0
28;28;2;0;0
29;28;2;0;0
30;28;2;0;0
31;28;2;0;0
32;28;2;0;0
33;28;2;0;0
34;28;2;0;0
35;28;0;0;0
36;28;0;0;0
37;28;0;0;0
38;28;0;0;0
39;28;0;0;0
40;28;0;0;0
41;28;0;0;0
0;29;2;0;0
1;29;2;0;0
2;29;2;0;0
3;29;8546;0;0
4;29;11;0;0
5;29;11;0;0
6;29;2;0;0
7;29;11;0;0
8;29;11;0;0
9;29;11;0;0
10;29;22889;0;0
11;29;11625;0;0
12;29;5481;0;0
13;29;9;0;0
14;29;9;0;0
15;29;9;0;0
16;29;9;0;0
17;29;9;0;0
18;29;25890;0;0
19;29;9506;0;0
20;29;9506;0;0
21;29;9506;0;0
22;29;9506;0;0
23;29;1314;0;0
24;29;2;0;0
25;29;2;0;0
26;29;2;0;0
27;29;2;0;0
28;29;2;0;0
29;29;2;0;0
30;29;2;0;0
31;29;2;0;0
32;29;2;0;0
33;29;0;0;0
34;29;0;0;0
35;29;0;0;0
36;29;0;0;0
37;29;0;0;0
38;29;0;0;0
39;29;0;0;0
40;29;0;0;0
41;29;0;0;0
0;30;2;0;0
1;30;2;0;0
2;30;2;0;0
3;30;7522;0;0
4;30;11;0;0
5;30;11;0;0
6;30;2;0;0
7;30;11;0;0
8;30;11;0;0
9;30;11;0;0
10;30;11;0;0
11;30;11;0;0
12;30;11;0;0
13;30;22889;0;0
14;30;11625;0;0
15;30;11625;0;0
16;30;11625;0;0
17;30;5481;0;0
18;30;3362;0;0
19;30;2;0;0
20;30;2;0;0
21;30;2;0;0
22;30;2;0;0
23;30;2;0;0
24;30;2;0;0
25;30;2;0;0
26;30;2;0;0
27;30;2;0;0
28;30;2;0;0
29;30;2;0;0
30;30;0;0;0
31;30;0;0;0
32;30;0;0;0
33;30;0;0;0
34;30;0;0;0
35;30;0;0;0
36;30;0;0;0
37;30;0;0;0
38;30;0;0;0
39;30;0;0;0
40;30;0;0;0
41;30;0;0;0
0;31;2;0;0
1;31;2;0;0
2;31;2;0;0
3;31;2;0;0
4;31;2402;0;0
5;31;1378;0;0
6;31;2;0;0
7;31;2402;0;0
8;31;9570;0;0
9;31;9570;0;0
10;31;18786;0;0
11;31;11;0;0
12;31;11;0;0
13;31;11;0;0
14;31;11;0;0
15;31;11;0;0
16;31;11;0;0
17;31;11;0;0
18;31;2;0;0
19;31;2;0;0
20;31;2;0;0
21;31;2;0;0
22;31;2;0;0
23;31;2;0;0
24;31;2;0;0
25;31;2;0;0
26;31;2;0;0
27;31;2;0;0
28;31;2;0;0
29;31;2;0;0
30;31;0;0;0
31;31;0;0;0
32;31;0;0;0
33;31;0;0;0
34;31;0;0;0
35;31;0;0;0
36;31;0;0;0
37;31;0;0;0
38;31;0;0;0
39;31;0;0;0
40;31;0;0;0
41;31;0;0;0
0;32;2;0;0
1;32;2;0;0
2;32;2;0;0
3;32;2;0;0
4;32;2;0;0
5;32;2;0;0
6;32;2;0;0
7;32;2;0;0
8;32;2;0;0
9;32;2;0;0
10;32;2;0;0
11;32;2402;0;0
12;32;9570;0;0
13;32;18786;0;0
14;32;11;0;0
15;32;11;0;0
16;32;17762;0;0
17;32;1378;0;0
18;32;2;0;0
19;32;2;0;0
20;32;2;0;0
21;32;2;0;0
22;32;2;0;0
23;32;2;0;0
24;32;2;0;0
25;32;2;0;0
26;32;0;0;0
27;32;0;0;0
28;32;0;0;0
29;32;0;0;0
30;32;0;0;0
31;32;0;0;0
32;32;0;0;0
33;32;0;0;0
34;32;0;0;0
35;32;0;0;0
36;32;0;0;0
37;32;0;0;0
38;32;0;0;0
39;32;0;0;0
40;32;0;0;0
41;32;0;0;0
0;33;2;0;0
1;33;2;0;0
2;33;2;0;0
3;33;2;0;0
4;33;2;0;0
5;33;2;0;0
6;33;2;0;0
7;33;2;0;0
8;33;2;0;0
9;33;2;0;0
10;33;2;0;0
11;33;2;0;0
12;33;2;0;0
13;33;2;0;0
14;33;2402;0;0
15;33;1378;0;0
16;33;2;0;0
17;33;2;0;0
18;33;2;0;0
19;33;2;0;0
20;33;2;0;0
21;33;0;0;0
22;33;0;0;0
23;33;0;0;0
24;33;0;0;0
25;33;0;0;0
26;33;0;0;0
27;33;0;0;0
28;33;0;0;0
29;33;0;0;0
30;33;0;0;0
31;33;0;0;0
32;33;0;0;0
33;33;0;0;0
34;33;0;0;0
35;33;0;0;0
36;33;0;0;0
37;33;0;0;0
38;33;0;0;0
39;33;0;0;0
40;33;0;0;0
41;33;0;0;0
0;34;2;0;0
1;34;2;0;0
2;34;2;0;0
3;34;2;0;0
4;34;2;0;0
5;34;2;0;0
6;34;2;0;0
7;34;2;0;0
8;34;2;0;0
9;34;2;0;0
10;34;2;0;0
11;34;2;0;0
12;34;2;0;0
13;34;2;0;0
14;34;2;0;0
15;34;2;0;0
16;34;2;0;0
17;34;0;0;0
18;34;0;0;0
19;34;0;0;0
20;34;0;0;0
21;34;0;0;0
22;34;0;0;0
23;34;0;0;0
24;34;0;0;0
25;34;0;0;0
26;34;0;0;0
27;34;0;0;0
28;34;0;0;0
29;34;0;0;0
30;34;0;0;0
31;34;0;0;0
32;34;0;0;0
33;34;0;0;0
34;34;0;0;0
35;34;0;0;0
36;34;0;0;0
37;34;0;0;0
38;34;0;0;0
39;34;0;0;0
40;34;0;0;0
41;34;0;0;0
0;35;2;0;0
1;35;2;0;0
2;35;2;0;0
3;35;2;0;0
4;35;2;0;0
5;35;2;0;0
6;35;2;0;0
7;35;2;0;0
8;35;2;0;0
9;35;2;0;0
10;35;0;0;0
11;35;0;0;0
12;35;0;0;0
13;35;0;0;0
14;35;0;0;0
15;35;0;0;0
16;35;0;0;0
17;35;0;0;0
18;35;0;0;0
19;35;0;0;0
20;35;0;0;0
21;35;0;0;0
22;35;0;0;0
23;35;0;0;0
24;35;0;0;0
25;35;0;0;0
26;35;0;0;0
27;35;0;0;0
28;35;0;0;0
29;35;0;0;0
30;35;0;0;0
31;35;0;0;0
32;35;0;0;0
33;35;0;0;0
34;35;0;0;0
35;35;0;0;0
36;35;0;0;0
37;35;0;0;0
38;35;0;0;0
39;35;0;0;0
40;35;0;0;0
41;35;0;0;0
0;36;2;0;0
1;36;2;0;0
2;36;2;0;0
3;36;2;0;0
4;36;2;0;0
5;36;2;0;0
6;36;2;0;0
7;36;2;0;0
8;36;0;0;0
9;36;0;0;0
10;36;0;0;0
11;36;0;0;0
12;36;0;0;0
13;36;0;0;0
14;36;0;0;0
15;36;0;0;0
16;36;0;0;0
17;36;0;0;0
18;36;0;0;0
19;36;0;0;0
20;36;0;0;0
21;36;0;0;0
22;36;0;0;0
23;36;0;0;0
24;36;0;0;0
25;36;0;0;0
26;36;0;0;0
27;36;0;0;0
28;36;0;0;0
29;36;0;0;0
30;36;0;0;0
31;36;0;0;0
32;36;0;0;0
33;36;0;0;0
34;36;0;0;0
35;36;0;0;0
36;36;0;0;0
37;36;0;0;0
38;36;0;0;0
39;36;0;0;0
40;36;0;0;0
41;36;0;0;0
0;37;2;0;0
1;37;2;0;0
2;37;2;0;0
3;37;2;0;0
4;37;2;0;0
5;37;0;0;0
6;37;0;0;0
7;37;0;0;0
8;37;0;0;0
9;37;0;0;0
10;37;0;0;0
11;37;0;0;0
12;37;0;0;0
13;37;0;0;0
14;37;0;0;0
15;37;0;0;0
16;37;0;0;0
17;37;0;0;0
18;37;0;0;0
19;37;0;0;0
20;37;0;0;0
21;37;0;0;0
22;37;0;0;0
23;37;0;0;0
24;37;0;0;0
25;37;0;0;0
26;37;0;0;0
27;37;0;0;0
28;37;0;0;0
29;37;0;0;0
30;37;0;0;0
31;37;0;0;0
32;37;0;0;0
33;37;0;0;0
34;37;0;0;0
35;37;0;0;0
36;37;0;0;0
37;37;0;0;0
38;37;0;0;0
39;37;0;0;0
40;37;0;0;0
41;37;0;0;0
0;38;2;0;0
1;38;2;0;0
2;38;0;0;0
3;38;0;0;0
4;38;0;0;0
5;38;0;0;0
6;38;0;0;0
7;38;0;0;0
8;38;0;0;0
9;38;0;0;0
10;38;0;0;0
11;38;0;0;0
12;38;0;0;0
13;38;0;0;0
14;38;0;0;0
15;38;0;0;0
16;38;0;0;0
17;38;0;0;0
18;38;0;0;0
19;38;0;0;0
20;38;0;0;0
21;38;0;0;0
22;38;0;0;0
23;38;0;0;0
24;38;0;0;0
25;38;0;0;0
26;38;0;0;0
27;38;0;0;0
28;38;0;0;0
29;38;0;0;0
30;38;0;0;0
31;38;0;0;0
32;38;0;0;0
33;38;0;0;0
34;38;0;0;0
35;38;0;0;0
36;38;0;0;0
37;38;0;0;0
38;38;0;0;0
39;38;0;0;0
40;38;0;0;0
41;38;0;0;0
0;39;2;0;0
1;39;2;0;0
2;39;0;0;0
3;39;0;0;0
4;39;0;0;0
5;39;0;0;0
6;39;0;0;0
7;39;0;0;0
8;39;0;0;0
9;39;0;0;0
10;39;0;0;0
11;39;0;0;0
12;39;0;0;0
13;39;0;0;0
14;39;0;0;0
15;39;0;0;0
16;39;0;0;0
17;39;0;0;0
18;39;0;0;0
19;39;0;0;0
20;39;0;0;0
21;39;0;0;0
22;39;0;0;0
23;39;0;0;0
24;39;0;0;0
25;39;0;0;0
26;39;0;0;0
27;39;0;0;0
28;39;0;0;0
29;39;0;0;0
30;39;0;0;0
31;39;0;0;0
32;39;0;0;0
33;39;0;0;0
34;39;0;0;0
35;39;0;0;0
36;39;0;0;0
37;39;0;0;0
38;39;0;0;0
39;39;0;0;0
40;39;2;0;0
41;39;2;0;0
0;40;2;0;0
1;40;2;0;0
2;40;0;0;0
3;40;0;0;0
4;40;0;0;0
5;40;0;0;0
6;40;0;0;0
7;40;0;0;0
8;40;0;0;0
9;40;0;0;0
10;40;0;0;0
11;40;0;0;0
12;40;0;0;0
13;40;0;0;0
14;40;0;0;0
15;40;0;0;0
16;40;0;0;0
17;40;0;0;0
18;40;0;0;0
19;40;0;0;0
20;40;0;0;0
21;40;0;0;0
22;40;0;0;0
23;40;0;0;0
24;40;0;0;0
25;40;0;0;0
26;40;0;0;0
27;40;0;0;0
28;40;0;0;0
29;40;0;0;0
30;40;0;0;0
31;40;0;0;0
32;40;0;0;0
33;40;0;0;0
34;40;0;0;0
35;40;0;0;0
36;40;0;0;0
37;40;0;0;0
38;40;2;0;0
39;40;2;0;0
40;40;2;0;0
41;40;5378;0;0
0;41;0;0;0
1;41;0;0;0
2;41;0;0;0
3;41;0;0;0
4;41;0;0;0
5;41;0;0;0
6;41;0;0;0
7;41;0;0;0
8;41;0;0;0
9;41;0;0;0
10;41;0;0;0
11;41;0;0;0
12;41;0;0;0
13;41;0;0;0
14;41;0;0;0
15;41;0;0;0
16;41;0;0;0
17;41;0;0;0
18;41;0;0;0
19;41;0;0;0
20;41;0;0;0
21;41;0;0;0
22;41;0;0;0
23;41;0;0;0
24;41;0;0;0
25;41;0;0;0
26;41;0;0;0
27;41;0;0;0
28;41;0;0;0
29;41;0;0;0
30;41;0;0;0
31;41;0;0;0
32;41;0;0;0
33;41;0;0;0
34;41;0;0;0
35;41;0;0;0
36;41;0;0;0
37;41;0;0;0
38;41;2;0;0
39;41;2;0;0
40;41;8;0;0
41;41;8;0;0
0;42;0;0;0
1;42;0;0;0
2;42;0;0;0
3;42;0;0;0
4;42;0;0;0
5;42;0;0;0
6;42;0;0;0
7;42;0;0;0
8;42;0;0;0
9;42;0;0;0
10;42;0;0;0
11;42;0;0;0
12;42;0;0;0
13;42;0;0;0
14;42;0;0;0
15;42;0;0;0
16;42;0;0;0
17;42;0;0;0
18;42;0;0;0
19;42;0;0;0
20;42;0;0;0
21;42;0;0;0
22;42;0;0;0
23;42;0;0;0
24;42;0;0;0
25;42;0;0;0
26;42;0;0;0
27;42;0;0;0
28;42;0;0;0
29;42;0;0;0
30;42;0;0;0
31;42;0;0;0
32;42;0;0;0
33;42;0;0;0
34;42;0;0;0
35;42;0;0;0
36;42;0;0;0
37;42;0;0;0
38;42;2;0;0
39;42;2;0;0
40;42;2306;0;0
41;42;1282;0;0
0;43;0;0;0
1;43;0;0;0
2;43;0;0;0
3;43;0;0;0
4;43;0;0;0
5;43;0;0;0
6;43;0;0;0
7;43;0;0;0
8;43;0;0;0
9;43;0;0;0
10;43;0;0;0
11;43;0;0;0
12;43;0;0;0
13;43;0;0;0
14;43;0;0;0
15;43;0;0;0
16;43;0;0;0
17;43;0;0;0
18;43;0;0;0
19;43;0;0;0
20;43;0;0;0
21;43;0;0;0
22;43;0;0;0
23;43;0;0;0
24;43;0;0;0
25;43;0;0;0
26;43;0;0;0
27;43;0;0;0
28;43;0;0;0
29;43;0;0;0
30;43;0;0;0
31;43;0;0;0
32;43;0;0;0
33;43;0;0;0
34;43;0;0;0
35;43;0;0;0
36;43;2;0;0
37;43;2;0;0
38;43;2;0;0
39;43;5378;0;0
40;43;2;0;0
41;43;2;0;0
0;44;0;0;0
1;44;0;0;0
2;44;0;0;0
3;44;0;0;0
4;44;0;0;0
5;44;0;0;0
6;44;0;0;0
7;44;0;0;0
8;44;0;0;0
9;44;0;0;0
10;44;0;0;0
11;44;0;0;0
12;44;0;0;0
13;44;0;0;0
14;44;0;0;0
15;44;0;0;0
16;44;0;0;0
17;44;0;0;0
18;44;0;0;0
19;44;0;0;0
20;44;0;0;0
21;44;0;0;0
22;44;0;0;0
23;44;0;0;0
24;44;0;0;0
25;44;0;0;0
26;44;0;0;0
27;44;0;0;0
28;44;0;0;0
29;44;0;0;0
30;44;0;0;0
31;44;0;0;0
32;44;0;0;0
33;44;0;0;0
34;44;0;0;0
35;44;0;0;0
36;44;5378;0;0
37;44;2;0;0
38;44;8;0;0
39;44;8;0;0
40;44;4354;0;0
41;44;2;0;0
0;45;0;0;0
1;45;0;0;0
2;45;0;0;0
3;45;0;0;0
4;45;0;0;0
5;45;0;0;0
6;45;0;0;0
7;45;0;0;0
8;45;0;0;0
9;45;0;0;0
10;45;0;0;0
11;45;0;0;0
12;45;0;0;0
13;45;0;0;0
14;45;0;0;0
15;45;0;0;0
16;45;0;0;0
17;45;0;0;0
18;45;0;0;0
19;45;0;0;0
20;45;2;0;0
21;45;2;0;0
22;45;2;0;0
23;45;2;0;0
24;45;2;0;0
25;45;2;0;0
26;45;2;0;0
27;45;0;0;0
28;45;0;0;0
29;45;0;0;0
30;45;0;0;0
31;45;0;0;0
32;45;0;0;0
33;45;2;0;0
34;45;2;0;0
35;45;8;0;0
36;45;8;0;0
37;45;2;0;0
38;45;23810;0;0
39;45;8;0;0
40;45;10498;0;0
41;45;2;0;0
0;46;0;0;0
1;46;0;0;0
2;46;0;0;0
3;46;0;0;0
4;46;0;0;0
5;46;0;0;0
6;46;0;0;0
7;46;0;0;0
8;46;0;0;0
9;46;0;0;0
10;46;0;0;0
11;46;0;0;0
12;46;0;0;0
13;46;0;0;0
14;46;0;0;0
15;46;0;0;0
16;46;0;0;0
17;46;0;0;0
18;46;0;0;0
19;46;2;0;0
20;46;2;0;0
21;46;2;0;0
22;46;2;0;0
23;46;2;0;0
24;46;2;0;0
25;46;2;0;0
26;46;2;0;0
27;46;0;0;0
28;46;0;0;0
29;46;0;0;0
30;46;0;0;0
31;46;0;0;0
32;46;0;0;0
33;46;2;0;0
34;46;2;0;0
35;46;2306;0;0
36;46;2;0;0
37;46;2;0;0
38;46;12546;0;0
39;46;8;0;0
40;46;10498;0;0
41;46;2;0;0
0;47;0;0;0
1;47;0;0;0
2;47;0;0;0
3;47;0;0;0
4;47;0;0;0
5;47;0;0;0
6;47;0;0;0
7;47;0;0;0
8;47;0;0;0
9;47;0;0;0
10;47;0;0;0
11;47;0;0;0
12;47;0;0;0
13;47;0;0;0
14;47;0;0;0
15;47;0;0;0
16;47;0;0;0
17;47;0;0;0
18;47;0;0;0
19;47;2;0;0
20;47;2;0;0
21;47;2;0;0
22;47;2;0;0
23;47;2;0;0
24;47;2;0;0
25;47;2;0;0
26;47;2;0;0
27;47;0;0;0
28;47;0;0;0
29;47;0;0;0
30;47;0;0;0
31;47;0;0;0
32;47;0;0;0
33;47;2;0;0
34;47;2;0;0
35;47;2;0;0
36;47;2;0;0
37;47;2;0;0
38;47;12546;0;0
39;47;8;0;0
40;47;10498;0;0
41;47;2;0;0
0;48;0;0;0
1;48;0;0;0
2;48;0;0;0
3;48;0;0;0
4;48;0;0;0
5;48;0;0;0
6;48;0;0;0
7;48;0;0;0
8;48;0;0;0
9;48;0;0;0
10;48;0;0;0
11;48;0;0;0
12;48;0;0;0
13;48;0;0;0
14;48;0;0;0
15;48;0;0;0
16;48;0;0;0
17;48;2;0;0
18;48;2;0;0
19;48;2;0;0
20;48;2;0;0
21;48;2;0;0
22;48;2;0;0
23;48;2;0;0
24;48;2;0;0
25;48;2;0;0
26;48;2;0;0
27;48;0;0;0
28;48;0;0;0
29;48;0;0;0
30;48;0;0;0
31;48;0;0;0
32;48;0;0;0
33;48;2;0;0
34;48;2;0;0
35;48;8;0;0
36;48;2;0;0
37;48;2;0;0
38;48;2;0;0
39;48;8;0;0
40;48;3330;0;0
41;48;2;0;0
0;49;0;0;0
1;49;0;0;0
2;49;0;0;0
3;49;0;0;0
4;49;0;0;0
5;49;0;0;0
6;49;0;0;0
7;49;0;0;0
8;49;0;0;0
9;49;0;0;0
10;49;0;0;0
11;49;0;0;0
12;49;0;0;0
13;49;0;0;0
14;49;0;0;0
15;49;0;0;0
16;49;0;0;0
17;49;2;0;0
18;49;2;0;0
19;49;2;0;0
20;49;2;0;0
21;49;2;0;0
22;49;2;0;0
23;49;2;0;0
24;49;2;0;0
25;49;2;0;0
26;49;2;0;0
27;49;0;0;0
28;49;0;0;0
29;49;0;0;0
30;49;0;0;0
31;49;0;0;0
32;49;0;0;0
33;49;2;0;0
34;49;2;0;0
35;49;2;0;0
36;49;2;0;0
37;49;2;0;0
38;49;2;0;0
39;49;2;0;0
40;49;2;0;0
41;49;2;0;0
0;50;0;0;0
1;50;0;0;0
2;50;0;0;0
3;50;0;0;0
4;50;0;0;0
5;50;0;0;0
6;50;0;0;0
7;50;0;0;0
8;50;0;0;0
9;50;0;0;0
10;50;0;0;0
11;50;0;0;0
12;50;0;0;0
13;50;0;0;0
14;50;0;0;0
15;50;0;0;0
16;50;0;0;0
17;50;2;0;0
18;50;2;0;0
19;50;2;0;0
20;50;2;0;0
21;50;2;0;0
22;50;2;0;0
23;50;2;0;0
24;50;2;0;0
25;50;2;0;0
26;50;2;0;0
27;50;0;0;0
28;50;0;0;0
29;50;0;0;0
30;50;0;0;0
31;50;0;0;0
32;50;2;0;0
33;50;2;0;0
34;50;2;0;0
35;50;2;0;0
36;50;2;0;0
37;50;2;0;0
38;50;8;0;0
39;50;2;0;0
40;50;2;0;0
41;50;8;0;0
0;51;0;0;0
1;51;0;0;0
2;51;0;0;0
3;51;0;0;0
4;51;0;0;0
5;51;0;0;0
6;51;0;0;0
7;51;0;0;0
8;51;0;0;0
9;51;0;0;0
10;51;0;0;0
11;51;0;0;0
12;51;0;0;0
13;51;0;0;0
14;51;0;0;0
15;51;0;0;0
16;51;2;0;0
17;51;2;0;0
18;51;2;0;0
19;51;2;0;0
20;51;2;0;0
21;51;2;0;0
22;51;2;0;0
23;51;2;0;0
24;51;2;0;0
25;51;2;0;0
26;51;2;0;0
27;51;0;0;0
28;51;0;0;0
29;51;0;0;0
30;51;0;0;0
31;51;0;0;0
32;51;2;0;0
33;51;2;0;0
34;51;2;0;0
35;51;2;0;0
36;51;2;0;0
37;51;2;0;0
38;51;2;0;0
39;51;2;0;0
40;51;2;0;0
41;51;2;0;0
0;52;0;0;0
1;52;0;0;0
2;52;0;0;0
3;52;0;0;0
4;52;0;0;0
5;52;0;0;0
6;52;0;0;0
7;52;0;0;0
8;52;0;0;0
9;52;0;0;0
10;52;0;0;0
11;52;0;0;0
12;52;0;0;0
13;52;0;0;0
14;52;0;0;0
15;52;0;0;0
16;52;2;0;0
17;52;2;0;0
18;52;2;0;0
19;52;2;0;0
20;52;2;0;0
21;52;2;0;0
22;52;2;0;0
23;52;2;0;0
24;52;2;0;0
25;52;2;0;0
26;52;2;0;0
27;52;0;0;0
28;52;0;0;0
29;52;0;0;0
30;52;0;0;0
31;52;0;0;0
32;52;2;0;0
33;52;2;0;0
34;52;2;0;0
35;52;2;0;0
36;52;2;0;0
37;52;2;0;0
38;52;2;0;0
39;52;2;0;0
40;52;2;0;0
41;52;2;0;0
