4;7;627;333
5;7;626;333
6;7;627;333
7;7;626;333
8;7;627;333
9;7;627;333
10;7;626;333
4;8;629;333
5;8;628;333
6;8;629;333
7;8;628;333
8;8;629;333
9;8;629;333
10;8;628;333
0;9;627;333
1;9;626;333
2;9;626;333
3;9;627;333
4;9;626;333
8;9;627;333
9;9;626;333
10;9;627;333
11;9;627;333
12;9;626;333
0;10;629;333
1;10;628;333
2;10;626;333
3;10;629;333
4;10;628;333
5;10;1245;333
6;10;1817;333
8;10;629;333
9;10;628;333
10;10;629;333
11;10;627;333
12;10;626;333
13;10;627;333
14;10;626;333
1;11;629;333
2;11;628;333
6;11;274;333
11;11;629;333
12;11;628;333
13;11;629;333
14;11;628;333
3;12;274;333
9;12;1817;333
12;12;1246;333
14;12;627;333
15;12;626;333
16;12;627;333
17;12;626;333
18;12;627;333
19;12;626;333
21;12;627;333
22;12;626;333
23;12;627;333
24;12;626;333
39;12;627;333
40;12;626;333
41;12;626;333
5;13;914;333
14;13;629;333
15;13;628;333
16;13;629;333
17;13;627;333
18;13;629;333
19;13;628;333
20;13;627;333
21;13;629;333
22;13;628;333
23;13;629;333
39;13;629;333
40;13;628;333
41;13;628;333
9;14;273;333
11;14;915;333
14;14;273;333
15;14;1807;333
17;14;629;333
18;14;628;333
20;14;629;333
21;14;628;333
23;14;627;333
25;14;627;333
26;14;626;333
27;14;627;333
28;14;626;333
36;14;627;333
37;14;626;333
38;14;626;333
40;14;627;333
41;14;626;333
6;15;308;333
9;15;586;333
17;15;1245;333
23;15;627;333
25;15;626;333
26;15;628;333
27;15;626;333
28;15;628;333
29;15;627;333
30;15;626;333
31;15;626;333
32;15;627;333
33;15;626;333
34;15;627;333
35;15;626;333
36;15;629;333
37;15;628;333
38;15;627;333
39;15;626;333
40;15;629;333
41;15;628;333
3;16;274;333
22;16;273;333
23;16;629;333
25;16;627;333
26;16;626;333
29;16;629;333
30;16;628;333
31;16;628;333
32;16;629;333
33;16;628;333
34;16;629;333
35;16;628;333
38;16;629;333
39;16;628;333
40;16;626;333
8;17;1783;333
10;17;308;333
12;17;1790;333
13;17;308;333
14;17;308;333
17;17;586;333
19;17;308;333
25;17;626;333
26;17;628;333
39;17;629;333
40;17;628;333
41;17;3094;333
4;18;273;333
9;18;1246;333
13;18;308;333
14;18;308;333
17;18;1783;333
25;18;1246;333
30;18;1783;333
35;18;1783;333
37;18;1783;333
8;19;2170;333
9;19;627;333
10;19;626;333
13;19;915;333
21;19;308;333
9;20;629;333
10;20;627;333
11;20;626;333
14;20;586;333
17;20;308;333
18;20;274;333
22;20;308;333
26;20;273;333
30;20;914;333
38;20;2038;333
41;20;628;333
5;21;1783;333
8;21;273;333
10;21;629;333
11;21;628;333
16;21;914;333
24;21;1817;333
39;21;629;333
40;21;628;333
5;22;1246;333
6;22;308;333
7;22;586;333
13;22;308;333
18;22;627;333
19;22;626;333
24;22;1790;333
26;22;308;333
32;22;586;333
35;22;1783;333
39;22;627;333
40;22;626;333
7;23;1790;333
11;23;1272;333
14;23;2169;333
15;23;593;333
16;23;274;333
17;23;586;333
18;23;629;333
19;23;628;333
20;23;627;333
21;23;626;333
27;23;914;333
30;23;274;333
38;23;627;333
39;23;626;333
40;23;628;333
41;23;627;333
9;24;627;333
10;24;626;333
17;24;627;333
18;24;626;333
20;24;629;333
21;24;628;333
26;24;1272;333
27;24;308;333
28;24;308;333
32;24;308;333
36;24;627;333
37;24;626;333
38;24;629;333
39;24;628;333
41;24;629;333
6;25;1817;333
7;25;1807;333
8;25;627;333
9;25;626;333
10;25;628;333
14;25;2488;333
16;25;2170;333
17;25;629;333
18;25;628;333
19;25;273;333
20;25;915;333
23;25;308;333
25;25;2170;333
26;25;273;333
30;25;1272;333
35;25;627;333
36;25;626;333
37;25;628;333
8;26;629;333
9;26;628;333
17;26;1245;333
26;26;1783;333
33;26;627;333
34;26;626;333
35;26;629;333
36;26;628;333
7;27;308;333
9;27;586;333
10;27;308;333
13;27;2169;333
14;27;2169;333
20;27;308;333
21;27;586;333
33;27;629;333
34;27;628;333
3;28;1783;333
14;28;1790;333
21;28;586;333
22;28;308;333
26;28;1817;333
31;28;627;333
32;28;626;333
34;28;274;333
5;29;1246;333
6;29;308;333
9;29;308;333
12;29;1272;333
14;29;125;333
15;29;274;333
16;29;308;333
18;29;1272;333
26;29;914;333
27;29;627;333
28;29;626;333
31;29;629;333
32;29;628;333
7;30;1245;333
11;30;308;333
13;30;915;333
16;30;274;333
21;30;1783;333
23;30;1272;333
26;30;627;333
27;30;626;333
28;30;628;333
29;30;626;333
2;31;274;333
12;31;1783;333
23;31;1807;333
24;31;627;333
25;31;626;333
26;31;629;333
27;31;628;333
28;31;629;333
29;31;628;333
17;32;627;333
18;32;626;333
21;32;1254;333
22;32;914;333
23;32;1245;333
24;32;629;333
25;32;628;333
0;33;274;333
9;33;627;333
10;33;626;333
13;33;1246;333
14;33;1817;333
16;33;232;333
17;33;629;333
18;33;628;333
19;33;914;333
20;33;1245;333
6;34;1783;333
8;34;274;333
9;34;629;333
10;34;628;333
12;34;1807;333
16;34;274;333
0;35;1817;333
5;35;274;333
6;35;914;333
9;35;1245;333
1;36;627;333
2;36;626;333
3;36;626;333
0;37;627;333
1;37;629;333
2;37;628;333
3;37;628;333
0;38;629;333
1;38;628;333
0;39;627;333
1;39;626;333
40;39;627;333
41;39;626;333
0;40;629;333
1;40;628;333
38;40;627;333
39;40;626;333
40;40;629;333
41;40;628;333
38;41;629;333
39;41;628;333
38;42;627;333
39;42;626;333
40;42;627;333
41;42;626;333
36;43;627;333
37;43;626;333
38;43;629;333
39;43;628;333
40;43;627;333
41;43;626;333
36;44;629;333
37;44;628;333
40;44;629;333
41;44;628;333
20;45;627;333
21;45;626;333
22;45;627;333
23;45;626;333
25;45;627;333
26;45;626;333
33;45;627;333
34;45;626;333
37;45;627;333
38;45;626;333
40;45;627;333
41;45;626;333
19;46;627;333
20;46;626;333
21;46;628;333
22;46;629;333
23;46;628;333
24;46;626;333
25;46;629;333
26;46;628;333
33;46;629;333
34;46;628;333
35;46;626;333
36;46;627;333
37;46;626;333
38;46;628;333
40;46;629;333
41;46;628;333
19;47;629;333
20;47;628;333
21;47;626;333
23;47;629;333
24;47;628;333
33;47;627;333
34;47;626;333
35;47;628;333
36;47;629;333
37;47;628;333
38;47;626;333
40;47;627;333
41;47;626;333
17;48;627;333
18;48;626;333
20;48;629;333
21;48;628;333
25;48;627;333
26;48;626;333
33;48;629;333
34;48;628;333
36;48;629;333
37;48;627;333
38;48;626;333
40;48;629;333
41;48;628;333
17;49;629;333
18;49;628;333
24;49;627;333
25;49;626;333
26;49;628;333
33;49;627;333
34;49;626;333
35;49;627;333
36;49;626;333
37;49;629;333
38;49;628;333
39;49;627;333
40;49;629;333
41;49;628;333
17;50;627;333
18;50;626;333
24;50;629;333
25;50;628;333
26;50;626;333
32;50;627;333
33;50;626;333
34;50;626;333
35;50;629;333
36;50;628;333
37;50;628;333
39;50;627;333
40;50;626;333
16;51;627;333
17;51;629;333
18;51;628;333
25;51;629;333
26;51;628;333
32;51;629;333
33;51;628;333
34;51;626;333
35;51;627;333
36;51;626;333
37;51;627;333
38;51;627;333
39;51;629;333
40;51;627;333
41;51;626;333
16;52;629;333
17;52;628;333
24;52;627;333
25;52;626;333
32;52;627;333
33;52;629;333
34;52;628;333
35;52;629;333
36;52;628;333
37;52;629;333
38;52;629;333
39;52;629;333
40;52;629;333
41;52;628;333
