V: 2
L: -3
X: 319
Y: -367
W: 30
H: 30
0;0;42;0
1;0;42;0
2;0;42;0
3;0;42;0
4;0;42;0
5;0;42;0
6;0;42;0
7;0;42;0
8;0;42;0
9;0;42;0
10;0;42;0
11;0;42;0
12;0;42;0
13;0;42;0
14;0;42;0
15;0;42;0
16;0;42;0
17;0;42;0
18;0;42;0
19;0;42;0
20;0;42;0
21;0;42;0
22;0;42;0
23;0;42;0
24;0;42;0
25;0;42;0
26;0;42;0
27;0;42;0
28;0;42;0
29;0;42;0
0;1;42;0
1;1;2;0
2;1;2;0
3;1;2;0
4;1;2;0
5;1;2;0
6;1;2;0
7;1;2;0
8;1;2;0
9;1;2;0
10;1;2;0
11;1;2;0
12;1;2;0
13;1;2;0
14;1;2;0
15;1;2;0
16;1;2;0
17;1;2;0
18;1;2;0
19;1;2;0
20;1;2;0
21;1;2;0
22;1;2;0
23;1;2;0
24;1;2;0
25;1;2;0
26;1;2;0
27;1;2;0
28;1;2;0
29;1;42;0
0;2;42;0
1;2;2;0
2;2;2;0
3;2;2;0
4;2;2;0
5;2;6626;0
6;2;11746;0
7;2;11746;0
8;2;5602;0
9;2;2;0
10;2;2;0
11;2;2;0
12;2;2;0
13;2;2;0
14;2;2;0
15;2;2;0
16;2;2;0
17;2;2;0
18;2;2;0
19;2;2;0
20;2;2;0
21;2;2;0
22;2;2;0
23;2;2;0
24;2;2;0
25;2;2;0
26;2;2;0
27;2;2;0
28;2;2;0
29;2;42;0
0;3;42;0
1;3;2;0
2;3;2;0
3;3;2;0
4;3;8674;0
5;3;15;0
6;3;15;0
7;3;15;0
8;3;15;0
9;3;23010;0
10;3;11746;0
11;3;11746;0
12;3;5602;0
13;3;2;0
14;3;2;0
15;3;2;0
16;3;2;0
17;3;2;0
18;3;2;0
19;3;2;0
20;3;2;0
21;3;2;0
22;3;2;0
23;3;6626;0
24;3;11746;0
25;3;5602;0
26;3;2;0
27;3;2;0
28;3;2;0
29;3;42;0
0;4;42;0
1;4;2;0
2;4;2;0
3;4;2;0
4;4;25058;0
5;4;15;0
6;4;15;0
7;4;15;0
8;4;15;0
9;4;15;0
10;4;15;0
11;4;15;0
12;4;15;0
13;4;23010;0
14;4;11746;0
15;4;11746;0
16;4;11746;0
17;4;11746;0
18;4;5602;0
19;4;2;0
20;4;2;0
21;4;2;0
22;4;8674;0
23;4;15;0
24;4;15;0
25;4;15;0
26;4;4578;0
27;4;2;0
28;4;2;0
29;4;42;0
0;5;42;0
1;5;2;0
2;5;6626;0
3;5;21986;0
4;5;15;0
5;5;15;0
6;5;15;0
7;5;15;0
8;5;15;0
9;5;15;0
10;5;15;0
11;5;15;0
12;5;15;0
13;5;15;0
14;5;15;0
15;5;15;0
16;5;15;0
17;5;15;0
18;5;15;0
19;5;4578;0
20;5;2;0
21;5;2;0
22;5;12770;0
23;5;15;0
24;5;15;0
25;5;15;0
26;5;10722;0
27;5;2;0
28;5;2;0
29;5;42;0
0;6;42;0
1;6;8674;0
2;6;15;0
3;6;15;0
4;6;15;0
5;6;15;0
6;6;15;0
7;6;15;0
8;6;15;0
9;6;17890;0
10;6;18914;0
11;6;15;0
12;6;15;0
13;6;15;0
14;6;15;0
15;6;15;0
16;6;15;0
17;6;15;0
18;6;15;0
19;6;2;0
20;6;11746;0
21;6;11746;0
22;6;29154;0
23;6;15;0
24;6;15;0
25;6;15;0
26;6;10722;0
27;6;2;0
28;6;2;0
29;6;42;0
0;7;42;0
1;7;12770;0
2;7;15;0
3;7;15;0
4;7;15;0
5;7;15;0
6;7;15;0
7;7;26082;0
8;7;1506;0
9;7;2;0
10;7;2;0
11;7;2530;0
12;7;9698;0
13;7;9698;0
14;7;9698;0
15;7;9698;0
16;7;9698;0
17;7;9698;0
18;7;2;0
19;7;15;0
20;7;15;0
21;7;15;0
22;7;15;0
23;7;15;0
24;7;15;0
25;7;15;0
26;7;3554;0
27;7;2;0
28;7;2;0
29;7;42;0
0;8;42;0
1;8;12770;0
2;8;15;0
3;8;15;0
4;8;15;0
5;8;15;0
6;8;15;0
7;8;20962;0
8;8;2;0
9;8;2;0
10;8;2;0
11;8;2;0
12;8;2;0
13;8;2;0
14;8;2;0
15;8;2;0
16;8;2;0
17;8;2;0
18;8;2;0
19;8;14818;0
20;8;15;0
21;8;15;0
22;8;15;0
23;8;15;0
24;8;15;0
25;8;13794;0
26;8;2;0
27;8;2;0
28;8;2;0
29;8;42;0
0;9;42;0
1;9;7650;0
2;9;15;0
3;9;15;0
4;9;15;0
5;9;15;0
6;9;15;0
7;9;15;0
8;9;4578;0
9;9;2;0
10;9;2;0
11;9;2;0
12;9;2;0
13;9;2;0
14;9;2;0
15;9;2;0
16;9;2;0
17;9;2;0
18;9;2;0
19;9;2;0
20;9;24034;0
21;9;15;0
22;9;15;0
23;9;15;0
24;9;19938;0
25;9;2;0
26;9;2;0
27;9;2;0
28;9;2;0
29;9;42;0
0;10;42;0
1;10;2;0
2;10;24034;0
3;10;15;0
4;10;15;0
5;10;15;0
6;10;15;0
7;10;15;0
8;10;20962;0
9;10;2;0
10;10;2;0
11;10;2;0
12;10;2;0
13;10;2;0
14;10;2;0
15;10;2;0
16;10;2;0
17;10;2;0
18;10;2;0
19;10;2;0
20;10;25058;0
21;10;15;0
22;10;15;0
23;10;15;0
24;10;10722;0
25;10;2;0
26;10;2;0
27;10;2;0
28;10;2;0
29;10;42;0
0;11;42;0
1;11;2;0
2;11;7650;0
3;11;15;0
4;11;15;0
5;11;15;0
6;11;15;0
7;11;15;0
8;11;15;0
9;11;23010;0
10;11;11746;0
11;11;5602;0
12;11;2;0
13;11;2;0
14;11;2;0
15;11;2;0
16;11;2;0
17;11;2;0
18;11;2;0
19;11;8674;0
20;11;15;0
21;11;15;0
22;11;15;0
23;11;15;0
24;11;10722;0
25;11;2;0
26;11;2;0
27;11;2;0
28;11;2;0
29;11;42;0
0;12;42;0
1;12;2;0
2;12;2;0
3;12;2530;0
4;12;27106;0
5;12;15;0
6;12;15;0
7;12;15;0
8;12;15;0
9;12;15;0
10;12;15;0
11;12;15;0
12;12;4578;0
13;12;2;0
14;12;2;0
15;12;2;0
16;12;2;0
17;12;2;0
18;12;2;0
19;12;7650;0
20;12;15;0
21;12;15;0
22;12;15;0
23;12;15;0
24;12;10722;0
25;12;2;0
26;12;2;0
27;12;2;0
28;12;2;0
29;12;42;0
0;13;42;0
1;13;2;0
2;13;2;0
3;13;2;0
4;13;7650;0
5;13;15;0
6;13;15;0
7;13;15;0
8;13;15;0
9;13;15;0
10;13;15;0
11;13;15;0
12;13;10722;0
13;13;2;0
14;13;2;0
15;13;2;0
16;13;2;0
17;13;2;0
18;13;2;0
19;13;2;0
20;13;24034;0
21;13;15;0
22;13;15;0
23;13;15;0
24;13;10722;0
25;13;2;0
26;13;2;0
27;13;2;0
28;13;2;0
29;13;42;0
0;14;42;0
1;14;2;0
2;14;2;0
3;14;2;0
4;14;2;0
5;14;2530;0
6;14;18914;0
7;14;15;0
8;14;15;0
9;14;15;0
10;14;15;0
11;14;15;0
12;14;10722;0
13;14;2;0
14;14;2;0
15;14;2;0
16;14;2;0
17;14;2;0
18;14;2;0
19;14;2;0
20;14;25058;0
21;14;15;0
22;14;15;0
23;14;15;0
24;14;3554;0
25;14;2;0
26;14;2;0
27;14;2;0
28;14;2;0
29;14;42;0
0;15;42;0
1;15;2;0
2;15;2;0
3;15;2;0
4;15;2;0
5;15;2;0
6;15;2;0
7;15;24034;0
8;15;15;0
9;15;15;0
10;15;15;0
11;15;15;0
12;15;10722;0
13;15;2;0
14;15;2;0
15;15;2;0
16;15;2;0
17;15;2;0
18;15;6626;0
19;15;21986;0
20;15;15;0
21;15;15;0
22;15;15;0
23;15;19938;0
24;15;2;0
25;15;2;0
26;15;2;0
27;15;2;0
28;15;2;0
29;15;42;0
0;16;42;0
1;16;2;0
2;16;2;0
3;16;2;0
4;16;2;0
5;16;2;0
6;16;2;0
7;16;12770;0
8;16;15;0
9;16;15;0
10;16;15;0
11;16;15;0
12;16;10722;0
13;16;2;0
14;16;2;0
15;16;2;0
16;16;2;0
17;16;8674;0
18;16;15;0
19;16;15;0
20;16;15;0
21;16;15;0
22;16;15;0
23;16;3554;0
24;16;2;0
25;16;2;0
26;16;2;0
27;16;2;0
28;16;2;0
29;16;42;0
0;17;42;0
1;17;2;0
2;17;2;0
3;17;2;0
4;17;2;0
5;17;2;0
6;17;2;0
7;17;7650;0
8;17;15;0
9;17;15;0
10;17;15;0
11;17;15;0
12;17;28130;0
13;17;11746;0
14;17;11746;0
15;17;11746;0
16;17;11746;0
17;17;29154;0
18;17;15;0
19;17;15;0
20;17;17890;0
21;17;9698;0
22;17;1506;0
23;17;2;0
24;17;2;0
25;17;2;0
26;17;2;0
27;17;2;0
28;17;2;0
29;17;42;0
0;18;42;0
1;18;2;0
2;18;2;0
3;18;2;0
4;18;2;0
5;18;2;0
6;18;2;0
7;18;2;0
8;18;24034;0
9;18;15;0
10;18;15;0
11;18;15;0
12;18;15;0
13;18;15;0
14;18;15;0
15;18;15;0
16;18;15;0
17;18;15;0
18;18;15;0
19;18;13794;0
20;18;2;0
21;18;2;0
22;18;2;0
23;18;2;0
24;18;2;0
25;18;2;0
26;18;2;0
27;18;2;0
28;18;2;0
29;18;42;0
0;19;42;0
1;19;2;0
2;19;2;0
3;19;2;0
4;19;2;0
5;19;2;0
6;19;2;0
7;19;2;0
8;19;12770;0
9;19;15;0
10;19;15;0
11;19;15;0
12;19;15;0
13;19;15;0
14;19;15;0
15;19;15;0
16;19;15;0
17;19;15;0
18;19;13794;0
19;19;2;0
20;19;2;0
21;19;2;0
22;19;2;0
23;19;2;0
24;19;2;0
25;19;2;0
26;19;2;0
27;19;2;0
28;19;2;0
29;19;42;0
0;20;42;0
1;20;2;0
2;20;2;0
3;20;2;0
4;20;2;0
5;20;2;0
6;20;2;0
7;20;2;0
8;20;25058;0
9;20;15;0
10;20;15;0
11;20;15;0
12;20;26082;0
13;20;9698;0
14;20;9698;0
15;20;9698;0
16;20;9698;0
17;20;1506;0
18;20;2;0
19;20;2;0
20;20;2;0
21;20;2;0
22;20;2;0
23;20;2;0
24;20;2;0
25;20;2;0
26;20;2;0
27;20;2;0
28;20;2;0
29;20;42;0
0;21;42;0
1;21;2;0
2;21;2;0
3;21;2;0
4;21;2;0
5;21;2;0
6;21;6626;0
7;21;21986;0
8;21;15;0
9;21;15;0
10;21;15;0
11;21;15;0
12;21;3554;0
13;21;2;0
14;21;2;0
15;21;2;0
16;21;2;0
17;21;2;0
18;21;2;0
19;21;2;0
20;21;2;0
21;21;2;0
22;21;2;0
23;21;2;0
24;21;2;0
25;21;2;0
26;21;2;0
27;21;2;0
28;21;2;0
29;21;42;0
0;22;42;0
1;22;2;0
2;22;2;0
3;22;2;0
4;22;2;0
5;22;2;0
6;22;15;0
7;22;15;0
8;22;15;0
9;22;15;0
10;22;26082;0
11;22;1506;0
12;22;2;0
13;22;2;0
14;22;2;0
15;22;2;0
16;22;2;0
17;22;2;0
18;22;2;0
19;22;2;0
20;22;2;0
21;22;2;0
22;22;2;0
23;22;2;0
24;22;2;0
25;22;2;0
26;22;2;0
27;22;2;0
28;22;2;0
29;22;42;0
0;23;42;0
1;23;2;0
2;23;2;0
3;23;2;0
4;23;2;0
5;23;2;0
6;23;24034;0
7;23;15;0
8;23;15;0
9;23;15;0
10;23;10722;0
11;23;2;0
12;23;2;0
13;23;2;0
14;23;2;0
15;23;2;0
16;23;2;0
17;23;2;0
18;23;2;0
19;23;6626;0
20;23;11746;0
21;23;11746;0
22;23;5602;0
23;23;2;0
24;23;2;0
25;23;2;0
26;23;2;0
27;23;2;0
28;23;2;0
29;23;42;0
0;24;42;0
1;24;2;0
2;24;2;0
3;24;2;0
4;24;2;0
5;24;6626;0
6;24;29154;0
7;24;15;0
8;24;15;0
9;24;15;0
10;24;28130;0
11;24;5602;0
12;24;2;0
13;24;2;0
14;24;2;0
15;24;2;0
16;24;2;0
17;24;2;0
18;24;8674;0
19;24;15;0
20;24;15;0
21;24;15;0
22;24;15;0
23;24;4578;0
24;24;2;0
25;24;2;0
26;24;2;0
27;24;2;0
28;24;2;0
29;24;42;0
0;25;42;0
1;25;2;0
2;25;2;0
3;25;2;0
4;25;8674;0
5;25;15;0
6;25;15;0
7;25;15;0
8;25;15;0
9;25;15;0
10;25;15;0
11;25;15;0
12;25;4578;0
13;25;2;0
14;25;2;0
15;25;2;0
16;25;2;0
17;25;2;0
18;25;12770;0
19;25;15;0
20;25;15;0
21;25;15;0
22;25;15;0
23;25;10722;0
24;25;2;0
25;25;2;0
26;25;2;0
27;25;2;0
28;25;2;0
29;25;42;0
0;26;42;0
1;26;2;0
2;26;2;0
3;26;2;0
4;26;7650;0
5;26;15;0
6;26;15;0
7;26;15;0
8;26;15;0
9;26;15;0
10;26;15;0
11;26;15;0
12;26;20962;0
13;26;2;0
14;26;2;0
15;26;2;0
16;26;2;0
17;26;6626;0
18;26;29154;0
19;26;15;0
20;26;15;0
21;26;15;0
22;26;15;0
23;26;10722;0
24;26;2;0
25;26;2;0
26;26;2;0
27;26;2;0
28;26;2;0
29;26;42;0
0;27;42;0
1;27;2;0
2;27;2;0
3;27;2;0
4;27;2;0
5;27;14818;0
6;27;15;0
7;27;15;0
8;27;15;0
9;27;15;0
10;27;15;0
11;27;15;0
12;27;15;0
13;27;4578;0
14;27;2;0
15;27;2;0
16;27;8674;0
17;27;15;0
18;27;15;0
19;27;15;0
20;27;15;0
21;27;15;0
22;27;15;0
23;27;3554;0
24;27;2;0
25;27;2;0
26;27;2;0
27;27;2;0
28;27;2;0
29;27;42;0
0;28;42;0
1;28;2;0
2;28;2;0
3;28;2;0
4;28;2;0
5;28;2;0
6;28;2530;0
7;28;9698;0
8;28;18914;0
9;28;15;0
10;28;15;0
11;28;15;0
12;28;15;0
13;28;3554;0
14;28;2;0
15;28;2;0
16;28;7650;0
17;28;15;0
18;28;15;0
19;28;17890;0
20;28;9698;0
21;28;9698;0
22;28;1506;0
23;28;2;0
24;28;2;0
25;28;2;0
26;28;2;0
27;28;2;0
28;28;2;0
29;28;42;0
0;29;42;0
1;29;42;0
2;29;42;0
3;29;42;0
4;29;42;0
5;29;42;0
6;29;42;0
7;29;42;0
8;29;42;0
9;29;42;0
10;29;42;0
11;29;42;0
12;29;42;0
13;29;42;0
14;29;42;0
15;29;42;0
16;29;42;0
17;29;42;0
18;29;42;0
19;29;42;0
20;29;42;0
21;29;42;0
22;29;42;0
23;29;42;0
24;29;42;0
25;29;42;0
26;29;42;0
27;29;42;0
28;29;42;0
29;29;42;0
