0;155;287;333
1;155;287;333
2;155;287;333
3;155;287;333
4;155;287;333
5;155;287;333
6;155;287;333
7;155;287;333
8;155;287;333
9;155;287;333
10;155;287;333
11;155;287;333
12;155;287;333
13;155;287;333
13;155;287;333
14;155;287;333
15;155;287;333
16;155;287;333
17;155;287;333
18;155;287;333
19;155;287;333
20;155;287;333
21;155;287;333
22;155;287;333
23;155;287;333
24;155;287;333
25;155;287;333
26;155;287;333
27;155;287;333
28;155;287;333
29;155;287;333
30;155;287;333
31;155;287;333
32;155;287;333
33;155;287;333
34;155;287;333
35;155;287;333
36;155;287;333
37;155;287;333
38;155;287;333
39;155;287;333
40;155;287;333
41;155;287;333
42;155;287;333
43;155;287;333
44;155;287;333
45;155;287;333
46;155;287;333
47;155;287;333
48;155;287;333
49;155;287;333
0;156;287;333
1;156;287;333
2;156;287;333
3;156;287;333
4;156;287;333
5;156;287;333
6;156;287;333
7;156;287;333
8;156;287;333
9;156;287;333
10;156;287;333
11;156;287;333
12;156;287;333
13;156;287;333
13;156;287;333
14;156;287;333
15;156;287;333
16;156;287;333
17;156;287;333
18;156;287;333
19;156;287;333
20;156;287;333
21;156;287;333
22;156;287;333
23;156;287;333
24;156;287;333
25;156;287;333
26;156;287;333
27;156;287;333
28;156;287;333
29;156;287;333
30;156;287;333
31;156;287;333
32;156;287;333
33;156;287;333
34;156;287;333
35;156;287;333
36;156;287;333
37;156;287;333
38;156;287;333
39;156;287;333
40;156;287;333
41;156;287;333
41;156;287;333
42;156;287;333
42;156;287;333
43;156;287;333
43;156;287;333
44;156;287;333
44;156;287;333
45;156;287;333
45;156;287;333
46;156;287;333
46;156;287;333
47;156;287;333
47;156;287;333
48;156;287;333
48;156;287;333
49;156;287;333
49;156;287;333
50;156;287;333
51;156;287;333
52;156;287;333
53;156;287;333
54;156;287;333
55;156;287;333
56;156;287;333
57;156;287;333
58;156;287;333
59;156;287;333
60;156;287;333
61;156;287;333
62;156;287;333
63;156;287;333
64;156;287;333
0;157;287;333
1;157;287;333
2;157;287;333
3;157;287;333
4;157;287;333
5;157;287;333
6;157;287;333
7;157;287;333
8;157;287;333
9;157;287;333
10;157;287;333
11;157;287;333
12;157;287;333
13;157;287;333
13;157;287;333
14;157;287;333
15;157;287;333
16;157;287;333
17;157;287;333
18;157;287;333
19;157;287;333
20;157;287;333
21;157;287;333
22;157;287;333
23;157;287;333
24;157;287;333
25;157;287;333
26;157;287;333
27;157;287;333
28;157;287;333
29;157;287;333
30;157;287;333
31;157;287;333
32;157;287;333
33;157;287;333
34;157;287;333
35;157;287;333
36;157;287;333
37;157;287;333
38;157;287;333
39;157;287;333
40;157;287;333
41;157;287;333
41;157;287;333
42;157;287;333
42;157;287;333
43;157;287;333
43;157;287;333
44;157;287;333
44;157;287;333
45;157;287;333
45;157;287;333
46;157;287;333
46;157;287;333
47;157;287;333
47;157;287;333
48;157;287;333
48;157;287;333
49;157;287;333
49;157;287;333
50;157;287;333
51;157;287;333
52;157;287;333
53;157;287;333
54;157;287;333
55;157;287;333
56;157;287;333
57;157;287;333
58;157;287;333
59;157;287;333
60;157;287;333
61;157;287;333
62;157;287;333
63;157;287;333
64;157;287;333
0;158;287;333
1;158;287;333
2;158;287;333
3;158;287;333
4;158;287;333
5;158;287;333
6;158;287;333
7;158;287;333
8;158;287;333
9;158;287;333
10;158;287;333
11;158;287;333
12;158;287;333
13;158;287;333
13;158;287;333
14;158;287;333
15;158;287;333
16;158;287;333
17;158;287;333
18;158;287;333
19;158;287;333
20;158;287;333
21;158;287;333
22;158;287;333
23;158;287;333
24;158;287;333
25;158;287;333
26;158;287;333
27;158;287;333
28;158;287;333
29;158;287;333
30;158;287;333
31;158;287;333
32;158;287;333
33;158;287;333
34;158;287;333
35;158;287;333
36;158;287;333
37;158;287;333
38;158;287;333
39;158;287;333
40;158;287;333
41;158;287;333
41;158;287;333
42;158;287;333
42;158;287;333
43;158;287;333
43;158;287;333
44;158;287;333
44;158;287;333
45;158;287;333
45;158;287;333
46;158;287;333
46;158;287;333
47;158;287;333
47;158;287;333
48;158;287;333
48;158;287;333
49;158;287;333
49;158;287;333
50;158;287;333
51;158;287;333
52;158;287;333
53;158;287;333
54;158;287;333
55;158;287;333
56;158;287;333
57;158;287;333
58;158;287;333
59;158;287;333
60;158;287;333
61;158;287;333
62;158;287;333
63;158;287;333
64;158;287;333
84;158;287;333
85;158;287;333
86;158;287;333
87;158;287;333
88;158;287;333
89;158;287;333
90;158;287;333
91;158;287;333
92;158;287;333
93;158;287;333
94;158;287;333
95;158;287;333
96;158;287;333
97;158;287;333
98;158;287;333
99;158;287;333
100;158;287;333
101;158;287;333
102;158;287;333
103;158;287;333
104;158;287;333
105;158;287;333
106;158;287;333
107;158;287;333
108;158;287;333
109;158;287;333
110;158;287;333
111;158;287;333
112;158;287;333
113;158;287;333
114;158;287;333
115;158;287;333
116;158;287;333
117;158;287;333
118;158;287;333
119;158;287;333
120;158;287;333
121;158;287;333
122;158;287;333
123;158;287;333
124;158;287;333
125;158;287;333
126;158;287;333
127;158;287;333
128;158;287;333
129;158;287;333
130;158;287;333
131;158;287;333
132;158;287;333
0;159;287;333
1;159;287;333
2;159;287;333
3;159;287;333
4;159;287;333
5;159;287;333
6;159;287;333
7;159;287;333
8;159;287;333
9;159;287;333
10;159;287;333
11;159;287;333
12;159;287;333
13;159;287;333
13;159;287;333
14;159;287;333
15;159;287;333
16;159;287;333
17;159;287;333
18;159;287;333
19;159;287;333
20;159;287;333
21;159;287;333
22;159;287;333
23;159;287;333
24;159;287;333
25;159;287;333
26;159;287;333
27;159;287;333
28;159;287;333
29;159;287;333
30;159;287;333
31;159;287;333
32;159;287;333
33;159;287;333
34;159;287;333
35;159;287;333
36;159;287;333
37;159;287;333
38;159;287;333
39;159;287;333
40;159;287;333
41;159;287;333
41;159;287;333
42;159;287;333
42;159;287;333
43;159;287;333
43;159;287;333
44;159;287;333
44;159;287;333
45;159;287;333
45;159;287;333
46;159;287;333
46;159;287;333
47;159;287;333
47;159;287;333
48;159;287;333
48;159;287;333
49;159;287;333
49;159;287;333
50;159;287;333
51;159;287;333
52;159;287;333
53;159;287;333
54;159;287;333
55;159;287;333
56;159;287;333
57;159;287;333
58;159;287;333
59;159;287;333
60;159;287;333
61;159;287;333
62;159;287;333
63;159;287;333
64;159;287;333
84;159;287;333
85;159;287;333
86;159;287;333
87;159;287;333
88;159;287;333
89;159;287;333
90;159;287;333
91;159;287;333
92;159;287;333
93;159;287;333
94;159;287;333
95;159;287;333
96;159;287;333
97;159;287;333
98;159;287;333
99;159;287;333
100;159;287;333
101;159;287;333
102;159;287;333
103;159;287;333
104;159;287;333
105;159;287;333
106;159;287;333
107;159;287;333
108;159;287;333
109;159;287;333
110;159;287;333
111;159;287;333
112;159;287;333
113;159;287;333
114;159;287;333
115;159;287;333
116;159;287;333
117;159;287;333
118;159;287;333
119;159;287;333
120;159;287;333
121;159;287;333
122;159;287;333
123;159;287;333
124;159;287;333
125;159;287;333
126;159;287;333
127;159;287;333
128;159;287;333
129;159;287;333
130;159;287;333
131;159;287;333
132;159;287;333
0;160;287;333
1;160;287;333
2;160;287;333
3;160;287;333
4;160;287;333
5;160;287;333
6;160;287;333
7;160;287;333
8;160;287;333
9;160;287;333
10;160;287;333
11;160;287;333
12;160;287;333
13;160;287;333
13;160;287;333
14;160;287;333
15;160;287;333
16;160;287;333
17;160;287;333
18;160;287;333
19;160;287;333
20;160;287;333
21;160;287;333
22;160;287;333
23;160;287;333
24;160;287;333
25;160;287;333
26;160;287;333
27;160;287;333
28;160;287;333
29;160;287;333
30;160;287;333
31;160;287;333
32;160;287;333
33;160;287;333
34;160;287;333
35;160;287;333
36;160;287;333
37;160;287;333
38;160;287;333
39;160;287;333
40;160;287;333
41;160;287;333
41;160;287;333
42;160;287;333
42;160;287;333
43;160;287;333
43;160;287;333
44;160;287;333
44;160;287;333
45;160;287;333
45;160;287;333
46;160;287;333
46;160;287;333
47;160;287;333
47;160;287;333
48;160;287;333
48;160;287;333
49;160;287;333
49;160;287;333
50;160;287;333
51;160;287;333
52;160;287;333
53;160;287;333
54;160;287;333
55;160;287;333
56;160;287;333
57;160;287;333
58;160;287;333
59;160;287;333
60;160;287;333
61;160;287;333
62;160;287;333
63;160;287;333
64;160;287;333
65;160;287;333
66;160;287;333
67;160;287;333
68;160;287;333
69;160;287;333
70;160;287;333
71;160;287;333
72;160;287;333
73;160;287;333
74;160;287;333
75;160;287;333
76;160;287;333
77;160;287;333
78;160;287;333
79;160;287;333
80;160;287;333
81;160;287;333
82;160;287;333
83;160;287;333
84;160;287;333
84;160;287;333
85;160;287;333
85;160;287;333
86;160;287;333
87;160;287;333
88;160;287;333
89;160;287;333
90;160;287;333
91;160;287;333
92;160;287;333
93;160;287;333
94;160;287;333
95;160;287;333
96;160;287;333
97;160;287;333
98;160;287;333
99;160;287;333
100;160;287;333
101;160;287;333
102;160;287;333
103;160;287;333
104;160;287;333
105;160;287;333
106;160;287;333
107;160;287;333
108;160;287;333
109;160;287;333
110;160;287;333
111;160;287;333
112;160;287;333
113;160;287;333
114;160;287;333
115;160;287;333
116;160;287;333
117;160;287;333
118;160;287;333
119;160;287;333
120;160;287;333
121;160;287;333
122;160;287;333
123;160;287;333
124;160;287;333
125;160;287;333
126;160;287;333
127;160;287;333
128;160;287;333
129;160;287;333
130;160;287;333
131;160;287;333
132;160;287;333
0;161;287;333
1;161;287;333
2;161;287;333
3;161;287;333
4;161;287;333
5;161;287;333
6;161;287;333
7;161;287;333
8;161;287;333
9;161;287;333
10;161;287;333
11;161;287;333
12;161;287;333
13;161;287;333
13;161;287;333
14;161;287;333
15;161;287;333
16;161;287;333
17;161;287;333
18;161;287;333
19;161;287;333
20;161;287;333
21;161;287;333
22;161;287;333
23;161;287;333
24;161;287;333
25;161;287;333
26;161;287;333
27;161;287;333
28;161;287;333
29;161;287;333
30;161;287;333
31;161;287;333
32;161;287;333
33;161;287;333
34;161;287;333
35;161;287;333
36;161;287;333
37;161;287;333
38;161;287;333
39;161;287;333
40;161;287;333
41;161;287;333
41;161;287;333
42;161;287;333
42;161;287;333
43;161;287;333
43;161;287;333
44;161;287;333
44;161;287;333
45;161;287;333
45;161;287;333
46;161;287;333
46;161;287;333
47;161;287;333
47;161;287;333
48;161;287;333
48;161;287;333
49;161;287;333
49;161;287;333
50;161;287;333
51;161;287;333
52;161;287;333
53;161;287;333
54;161;287;333
55;161;287;333
56;161;287;333
57;161;287;333
58;161;287;333
59;161;287;333
60;161;287;333
61;161;287;333
62;161;287;333
63;161;287;333
64;161;287;333
65;161;287;333
66;161;287;333
67;161;287;333
68;161;287;333
69;161;287;333
70;161;287;333
71;161;287;333
72;161;287;333
73;161;287;333
74;161;287;333
75;161;287;333
76;161;287;333
77;161;287;333
78;161;287;333
79;161;287;333
80;161;287;333
81;161;287;333
82;161;287;333
83;161;287;333
84;161;287;333
84;161;287;333
85;161;287;333
85;161;287;333
86;161;287;333
87;161;287;333
88;161;287;333
89;161;287;333
90;161;287;333
91;161;287;333
92;161;287;333
93;161;287;333
94;161;287;333
95;161;287;333
96;161;287;333
97;161;287;333
98;161;287;333
99;161;287;333
100;161;287;333
101;161;287;333
102;161;287;333
103;161;287;333
104;161;287;333
105;161;287;333
106;161;287;333
107;161;287;333
108;161;287;333
109;161;287;333
110;161;287;333
111;161;287;333
112;161;287;333
113;161;287;333
114;161;287;333
115;161;287;333
116;161;287;333
117;161;287;333
118;161;287;333
119;161;287;333
120;161;287;333
121;161;287;333
122;161;287;333
123;161;287;333
124;161;287;333
125;161;287;333
126;161;287;333
127;161;287;333
128;161;287;333
129;161;287;333
130;161;287;333
131;161;287;333
132;161;287;333
0;162;287;333
1;162;287;333
2;162;287;333
3;162;287;333
4;162;287;333
5;162;287;333
6;162;287;333
7;162;287;333
8;162;287;333
9;162;287;333
10;162;287;333
11;162;287;333
12;162;287;333
13;162;287;333
13;162;287;333
14;162;287;333
15;162;287;333
16;162;287;333
17;162;287;333
18;162;287;333
19;162;287;333
20;162;287;333
21;162;287;333
22;162;287;333
23;162;287;333
24;162;287;333
25;162;287;333
26;162;287;333
27;162;287;333
28;162;287;333
29;162;287;333
30;162;287;333
31;162;287;333
32;162;287;333
33;162;287;333
34;162;287;333
35;162;287;333
36;162;287;333
37;162;287;333
38;162;287;333
39;162;287;333
40;162;287;333
41;162;287;333
41;162;287;333
42;162;287;333
42;162;287;333
43;162;287;333
43;162;287;333
44;162;287;333
44;162;287;333
45;162;287;333
45;162;287;333
46;162;287;333
46;162;287;333
47;162;287;333
47;162;287;333
48;162;287;333
48;162;287;333
49;162;287;333
49;162;287;333
50;162;287;333
51;162;287;333
52;162;287;333
53;162;287;333
54;162;287;333
55;162;287;333
56;162;287;333
57;162;287;333
58;162;287;333
59;162;287;333
60;162;287;333
61;162;287;333
62;162;287;333
63;162;287;333
64;162;287;333
65;162;287;333
66;162;287;333
67;162;287;333
68;162;287;333
69;162;287;333
70;162;287;333
71;162;287;333
72;162;287;333
73;162;287;333
74;162;287;333
75;162;287;333
75;162;287;333
76;162;287;333
76;162;287;333
77;162;287;333
77;162;287;333
78;162;287;333
78;162;287;333
79;162;287;333
79;162;287;333
80;162;287;333
80;162;287;333
81;162;287;333
81;162;287;333
82;162;287;333
82;162;287;333
83;162;287;333
83;162;287;333
84;162;287;333
84;162;287;333
84;162;287;333
85;162;287;333
85;162;287;333
85;162;287;333
86;162;287;333
86;162;287;333
87;162;287;333
88;162;287;333
89;162;287;333
90;162;287;333
91;162;287;333
92;162;287;333
93;162;287;333
94;162;287;333
95;162;287;333
96;162;287;333
97;162;287;333
98;162;287;333
99;162;287;333
100;162;287;333
101;162;287;333
102;162;287;333
103;162;287;333
104;162;287;333
105;162;287;333
106;162;287;333
107;162;287;333
108;162;287;333
109;162;287;333
110;162;287;333
111;162;287;333
112;162;287;333
113;162;287;333
114;162;287;333
115;162;287;333
116;162;287;333
117;162;287;333
118;162;287;333
119;162;287;333
120;162;287;333
121;162;287;333
122;162;287;333
123;162;287;333
124;162;287;333
125;162;287;333
126;162;287;333
127;162;287;333
128;162;287;333
129;162;287;333
130;162;287;333
131;162;287;333
132;162;622;333
132;162;287;333
133;162;622;333
134;162;622;333
135;162;622;333
136;162;622;333
137;162;622;333
138;162;622;333
139;162;622;333
140;162;622;333
141;162;622;333
142;162;622;333
143;162;622;333
144;162;622;333
145;162;622;333
146;162;622;333
147;162;622;333
148;162;622;333
149;162;622;333
150;162;622;333
151;162;622;333
152;162;622;333
153;162;622;333
154;162;622;333
155;162;622;333
156;162;630;333
0;163;287;333
1;163;287;333
2;163;287;333
3;163;287;333
4;163;287;333
5;163;287;333
6;163;287;333
7;163;287;333
8;163;287;333
9;163;287;333
10;163;287;333
11;163;287;333
12;163;287;333
13;163;287;333
13;163;287;333
14;163;287;333
15;163;287;333
16;163;287;333
17;163;287;333
18;163;287;333
19;163;287;333
20;163;287;333
21;163;287;333
22;163;287;333
23;163;287;333
24;163;287;333
25;163;287;333
26;163;287;333
27;163;287;333
28;163;287;333
29;163;287;333
30;163;287;333
31;163;287;333
32;163;287;333
33;163;287;333
34;163;287;333
35;163;287;333
36;163;287;333
37;163;287;333
38;163;287;333
39;163;287;333
40;163;287;333
41;163;287;333
41;163;287;333
42;163;287;333
42;163;287;333
43;163;287;333
43;163;287;333
44;163;287;333
44;163;287;333
45;163;287;333
45;163;287;333
46;163;287;333
46;163;287;333
47;163;287;333
47;163;287;333
48;163;287;333
48;163;287;333
49;163;287;333
49;163;287;333
50;163;287;333
51;163;287;333
52;163;287;333
53;163;287;333
54;163;287;333
55;163;287;333
56;163;287;333
57;163;287;333
58;163;287;333
59;163;287;333
60;163;287;333
61;163;287;333
62;163;287;333
63;163;287;333
64;163;287;333
65;163;287;333
66;163;287;333
67;163;287;333
68;163;287;333
69;163;287;333
70;163;287;333
71;163;287;333
72;163;287;333
73;163;287;333
74;163;287;333
75;163;287;333
75;163;287;333
76;163;287;333
76;163;287;333
77;163;287;333
77;163;287;333
78;163;287;333
78;163;287;333
79;163;287;333
79;163;287;333
80;163;287;333
80;163;287;333
81;163;287;333
81;163;287;333
82;163;287;333
82;163;287;333
83;163;287;333
83;163;287;333
84;163;287;333
84;163;287;333
84;163;287;333
85;163;287;333
85;163;287;333
85;163;287;333
86;163;287;333
86;163;287;333
87;163;287;333
88;163;287;333
89;163;287;333
90;163;287;333
91;163;287;333
92;163;287;333
93;163;287;333
94;163;287;333
95;163;287;333
96;163;287;333
97;163;287;333
98;163;287;333
99;163;287;333
100;163;287;333
101;163;287;333
102;163;287;333
103;163;287;333
104;163;287;333
105;163;287;333
106;163;287;333
107;163;287;333
108;163;287;333
109;163;287;333
110;163;287;333
111;163;287;333
112;163;287;333
113;163;287;333
114;163;287;333
115;163;287;333
116;163;287;333
117;163;287;333
118;163;287;333
119;163;287;333
120;163;287;333
121;163;287;333
122;163;287;333
123;163;287;333
124;163;287;333
125;163;287;333
126;163;287;333
127;163;287;333
128;163;287;333
129;163;287;333
130;163;287;333
131;163;287;333
132;163;628;333
132;163;287;333
156;163;623;333
0;164;287;333
1;164;287;333
2;164;287;333
3;164;287;333
4;164;287;333
5;164;287;333
6;164;287;333
7;164;287;333
8;164;287;333
9;164;287;333
10;164;287;333
11;164;287;333
11;164;287;333
12;164;287;333
12;164;287;333
13;164;287;333
13;164;287;333
13;164;287;333
14;164;287;333
14;164;287;333
15;164;287;333
15;164;287;333
16;164;287;333
16;164;287;333
17;164;287;333
17;164;287;333
18;164;287;333
18;164;287;333
19;164;287;333
19;164;287;333
20;164;287;333
20;164;287;333
21;164;287;333
21;164;287;333
22;164;287;333
22;164;287;333
23;164;287;333
23;164;287;333
24;164;287;333
24;164;287;333
25;164;287;333
25;164;287;333
26;164;287;333
26;164;287;333
27;164;287;333
27;164;287;333
28;164;287;333
29;164;287;333
30;164;287;333
31;164;287;333
32;164;287;333
33;164;287;333
34;164;287;333
35;164;287;333
36;164;287;333
37;164;287;333
38;164;287;333
39;164;287;333
40;164;287;333
41;164;287;333
41;164;287;333
42;164;287;333
42;164;287;333
43;164;287;333
43;164;287;333
44;164;287;333
44;164;287;333
45;164;287;333
45;164;287;333
46;164;287;333
46;164;287;333
47;164;287;333
47;164;287;333
48;164;287;333
48;164;287;333
49;164;287;333
49;164;287;333
50;164;287;333
51;164;287;333
52;164;287;333
53;164;287;333
54;164;287;333
55;164;287;333
56;164;287;333
57;164;287;333
58;164;287;333
59;164;287;333
60;164;287;333
61;164;287;333
62;164;287;333
63;164;287;333
64;164;287;333
65;164;287;333
66;164;287;333
67;164;287;333
68;164;287;333
69;164;287;333
70;164;287;333
71;164;287;333
72;164;287;333
73;164;287;333
74;164;287;333
75;164;287;333
75;164;287;333
76;164;287;333
76;164;287;333
77;164;287;333
77;164;287;333
78;164;287;333
78;164;287;333
79;164;287;333
79;164;287;333
80;164;287;333
80;164;287;333
81;164;287;333
81;164;287;333
82;164;287;333
82;164;287;333
83;164;287;333
83;164;287;333
83;164;287;333
84;164;287;333
84;164;287;333
84;164;287;333
84;164;287;333
85;164;287;333
85;164;287;333
85;164;287;333
85;164;287;333
86;164;287;333
86;164;287;333
86;164;287;333
87;164;287;333
87;164;287;333
88;164;287;333
88;164;287;333
89;164;287;333
89;164;287;333
90;164;287;333
90;164;287;333
91;164;287;333
91;164;287;333
92;164;287;333
92;164;287;333
93;164;287;333
93;164;287;333
94;164;287;333
94;164;287;333
95;164;287;333
95;164;287;333
96;164;287;333
96;164;287;333
97;164;287;333
97;164;287;333
98;164;287;333
98;164;287;333
99;164;287;333
99;164;287;333
100;164;287;333
100;164;287;333
101;164;287;333
101;164;287;333
102;164;287;333
103;164;287;333
104;164;287;333
105;164;287;333
106;164;287;333
107;164;287;333
108;164;287;333
109;164;287;333
110;164;287;333
111;164;287;333
112;164;287;333
113;164;287;333
114;164;287;333
115;164;287;333
116;164;287;333
117;164;287;333
118;164;287;333
119;164;287;333
120;164;287;333
121;164;287;333
122;164;287;333
123;164;287;333
124;164;287;333
125;164;287;333
125;164;287;333
126;164;287;333
126;164;287;333
127;164;287;333
127;164;287;333
128;164;287;333
128;164;287;333
129;164;287;333
129;164;287;333
130;164;287;333
130;164;287;333
131;164;287;333
132;164;628;333
132;164;287;333
155;164;1367;333
156;164;623;333
0;165;287;333
1;165;287;333
2;165;287;333
3;165;287;333
4;165;287;333
5;165;287;333
6;165;287;333
7;165;287;333
8;165;287;333
9;165;287;333
10;165;287;333
11;165;287;333
12;165;287;333
13;165;287;333
14;165;287;333
15;165;287;333
16;165;287;333
17;165;287;333
18;165;287;333
19;165;287;333
20;165;287;333
21;165;287;333
22;165;287;333
23;165;287;333
24;165;287;333
25;165;287;333
26;165;287;333
27;165;287;333
28;165;287;333
29;165;287;333
30;165;287;333
31;165;287;333
32;165;287;333
33;165;287;333
34;165;287;333
35;165;287;333
36;165;287;333
37;165;287;333
38;165;287;333
39;165;287;333
40;165;287;333
41;165;287;333
42;165;287;333
43;165;287;333
44;165;287;333
45;165;287;333
46;165;287;333
47;165;287;333
48;165;287;333
49;165;287;333
50;165;287;333
51;165;287;333
52;165;622;333
53;165;622;333
54;165;622;333
55;165;622;333
56;165;622;333
57;165;622;333
58;165;622;333
59;165;622;333
60;165;622;333
61;165;622;333
62;165;622;333
63;165;622;333
64;165;630;333
65;165;287;333
66;165;287;333
67;165;287;333
68;165;287;333
69;165;287;333
70;165;287;333
71;165;287;333
72;165;287;333
73;165;287;333
74;165;287;333
75;165;287;333
75;165;287;333
76;165;287;333
76;165;287;333
77;165;287;333
77;165;287;333
78;165;287;333
78;165;287;333
79;165;287;333
79;165;287;333
80;165;287;333
80;165;287;333
81;165;287;333
81;165;287;333
82;165;287;333
82;165;287;333
83;165;287;333
83;165;287;333
83;165;287;333
84;165;287;333
84;165;287;333
84;165;287;333
84;165;287;333
85;165;287;333
85;165;287;333
85;165;287;333
85;165;287;333
86;165;287;333
86;165;287;333
86;165;287;333
87;165;287;333
87;165;287;333
88;165;287;333
88;165;287;333
89;165;287;333
89;165;287;333
90;165;287;333
90;165;287;333
91;165;287;333
91;165;287;333
92;165;287;333
92;165;287;333
93;165;287;333
93;165;287;333
94;165;287;333
94;165;287;333
95;165;287;333
95;165;287;333
96;165;287;333
96;165;287;333
97;165;287;333
97;165;287;333
98;165;287;333
98;165;287;333
99;165;287;333
99;165;287;333
100;165;287;333
100;165;287;333
101;165;287;333
101;165;287;333
102;165;287;333
103;165;287;333
104;165;287;333
105;165;287;333
106;165;287;333
107;165;287;333
108;165;287;333
109;165;287;333
110;165;287;333
111;165;287;333
112;165;287;333
113;165;287;333
114;165;287;333
115;165;287;333
116;165;287;333
117;165;287;333
118;165;287;333
119;165;287;333
120;165;287;333
121;165;287;333
122;165;287;333
123;165;287;333
124;165;287;333
125;165;287;333
125;165;287;333
126;165;287;333
126;165;287;333
127;165;287;333
127;165;287;333
128;165;287;333
128;165;287;333
129;165;287;333
129;165;287;333
130;165;287;333
130;165;287;333
131;165;287;333
132;165;628;333
132;165;287;333
136;165;282;333
153;165;82;333
156;165;623;333
0;166;287;333
1;166;287;333
2;166;287;333
3;166;287;333
4;166;287;333
5;166;287;333
6;166;287;333
7;166;287;333
8;166;287;333
9;166;287;333
10;166;287;333
11;166;622;333
12;166;622;333
13;166;622;333
14;166;622;333
15;166;622;333
16;166;622;333
17;166;622;333
18;166;622;333
19;166;622;333
20;166;622;333
21;166;622;333
22;166;622;333
23;166;622;333
24;166;622;333
25;166;622;333
26;166;622;333
27;166;630;333
28;166;287;333
29;166;287;333
30;166;287;333
31;166;287;333
32;166;287;333
33;166;287;333
34;166;287;333
35;166;287;333
36;166;287;333
37;166;287;333
38;166;287;333
39;166;287;333
40;166;287;333
41;166;287;333
42;166;287;333
43;166;287;333
44;166;287;333
45;166;287;333
46;166;287;333
47;166;287;333
48;166;287;333
49;166;287;333
50;166;287;333
57;166;46;333
57;166;255;333
64;166;623;333
65;166;287;333
66;166;287;333
67;166;287;333
68;166;287;333
69;166;287;333
70;166;287;333
71;166;287;333
72;166;287;333
73;166;287;333
74;166;287;333
75;166;287;333
75;166;287;333
76;166;287;333
76;166;287;333
77;166;287;333
77;166;287;333
78;166;287;333
78;166;287;333
79;166;287;333
79;166;287;333
80;166;287;333
80;166;287;333
81;166;287;333
81;166;287;333
82;166;287;333
82;166;287;333
83;166;287;333
83;166;287;333
83;166;287;333
84;166;287;333
84;166;287;333
84;166;287;333
85;166;287;333
85;166;287;333
85;166;287;333
86;166;287;333
86;166;287;333
87;166;287;333
88;166;287;333
89;166;287;333
90;166;287;333
91;166;287;333
92;166;287;333
93;166;287;333
94;166;287;333
95;166;287;333
96;166;287;333
97;166;287;333
98;166;287;333
99;166;287;333
100;166;287;333
101;166;287;333
102;166;287;333
103;166;287;333
104;166;287;333
105;166;287;333
106;166;287;333
107;166;287;333
108;166;287;333
109;166;287;333
110;166;287;333
111;166;287;333
112;166;287;333
113;166;287;333
114;166;287;333
115;166;287;333
116;166;287;333
117;166;287;333
118;166;287;333
119;166;287;333
120;166;287;333
121;166;287;333
122;166;287;333
123;166;287;333
124;166;287;333
125;166;287;333
125;166;287;333
126;166;287;333
126;166;287;333
127;166;287;333
127;166;287;333
128;166;287;333
128;166;287;333
129;166;287;333
129;166;287;333
130;166;287;333
130;166;287;333
131;166;287;333
132;166;628;333
132;166;628;333
132;166;287;333
141;166;279;333
155;166;1367;333
156;166;623;333
0;167;287;333
1;167;287;333
2;167;287;333
3;167;287;333
4;167;287;333
5;167;287;333
6;167;287;333
7;167;287;333
8;167;287;333
9;167;287;333
10;167;287;333
11;167;287;333
12;167;287;333
27;167;623;333
28;167;287;333
29;167;287;333
30;167;287;333
31;167;287;333
32;167;287;333
33;167;287;333
34;167;287;333
35;167;287;333
36;167;287;333
37;167;287;333
38;167;287;333
39;167;287;333
40;167;287;333
41;167;287;333
42;167;287;333
43;167;287;333
44;167;287;333
45;167;287;333
46;167;287;333
47;167;287;333
47;167;287;333
48;167;287;333
49;167;287;333
49;167;287;333
50;167;287;333
50;167;287;333
54;167;257;333
57;167;257;333
62;167;257;333
64;167;623;333
65;167;287;333
66;167;287;333
67;167;287;333
68;167;287;333
69;167;287;333
70;167;287;333
71;167;287;333
72;167;287;333
73;167;287;333
74;167;287;333
75;167;287;333
76;167;287;333
77;167;287;333
78;167;287;333
79;167;287;333
80;167;287;333
81;167;287;333
82;167;287;333
83;167;287;333
84;167;287;333
85;167;287;333
86;167;622;333
87;167;622;333
88;167;622;333
89;167;622;333
90;167;622;333
91;167;622;333
92;167;622;333
93;167;622;333
94;167;622;333
95;167;622;333
96;167;622;333
97;167;622;333
98;167;622;333
99;167;622;333
100;167;622;333
101;167;622;333
102;167;622;333
102;167;630;333
103;167;287;333
104;167;287;333
105;167;287;333
106;167;287;333
107;167;287;333
108;167;287;333
109;167;287;333
110;167;287;333
111;167;287;333
112;167;287;333
113;167;287;333
114;167;287;333
115;167;287;333
116;167;287;333
117;167;287;333
118;167;287;333
119;167;287;333
120;167;287;333
121;167;287;333
122;167;287;333
123;167;287;333
124;167;287;333
125;167;287;333
125;167;287;333
126;167;287;333
126;167;287;333
127;167;287;333
127;167;287;333
128;167;287;333
128;167;287;333
129;167;287;333
129;167;287;333
130;167;287;333
130;167;287;333
131;167;287;333
132;167;628;333
132;167;287;333
148;167;79;333
150;167;280;333
156;167;623;333
0;168;287;333
1;168;287;333
2;168;287;333
3;168;287;333
4;168;287;333
5;168;287;333
6;168;287;333
7;168;287;333
8;168;287;333
9;168;287;333
10;168;287;333
11;168;287;333
27;168;623;333
28;168;622;333
29;168;622;333
30;168;622;333
31;168;622;333
32;168;622;333
33;168;622;333
34;168;622;333
35;168;622;333
36;168;622;333
37;168;622;333
38;168;622;333
39;168;622;333
40;168;622;333
41;168;622;333
42;168;622;333
43;168;622;333
44;168;622;333
45;168;622;333
46;168;622;333
47;168;622;333
48;168;622;333
49;168;630;333
50;168;287;333
64;168;623;333
65;168;287;333
65;168;287;333
66;168;287;333
66;168;287;333
66;168;287;333
66;168;287;333
67;168;287;333
67;168;287;333
68;168;287;333
68;168;287;333
69;168;287;333
69;168;287;333
70;168;287;333
70;168;287;333
71;168;287;333
71;168;287;333
72;168;287;333
72;168;287;333
73;168;287;333
73;168;287;333
74;168;287;333
74;168;287;333
75;168;287;333
75;168;287;333
76;168;287;333
76;168;287;333
77;168;287;333
77;168;287;333
78;168;287;333
78;168;287;333
79;168;287;333
79;168;287;333
80;168;287;333
80;168;287;333
81;168;287;333
81;168;287;333
82;168;287;333
82;168;287;333
83;168;287;333
83;168;287;333
84;168;287;333
84;168;287;333
85;168;287;333
85;168;287;333
88;168;197;333
101;168;272;333
102;168;623;333
103;168;287;333
104;168;287;333
105;168;287;333
106;168;287;333
107;168;287;333
108;168;287;333
109;168;287;333
110;168;287;333
111;168;287;333
112;168;287;333
113;168;287;333
114;168;287;333
115;168;287;333
116;168;287;333
117;168;287;333
118;168;287;333
119;168;287;333
120;168;287;333
121;168;287;333
122;168;287;333
123;168;287;333
124;168;287;333
125;168;287;333
125;168;287;333
126;168;287;333
126;168;287;333
127;168;287;333
127;168;287;333
128;168;287;333
128;168;287;333
129;168;287;333
129;168;287;333
130;168;287;333
130;168;287;333
131;168;287;333
132;168;628;333
132;168;287;333
143;168;3077;333
155;168;1367;333
156;168;623;333
0;169;287;333
1;169;287;333
2;169;287;333
3;169;287;333
4;169;287;333
5;169;287;333
6;169;287;333
7;169;287;333
8;169;287;333
9;169;287;333
10;169;287;333
11;169;287;333
27;169;597;333
28;169;287;333
49;169;623;333
50;169;287;333
64;169;904;333
67;169;622;333
68;169;694;333
69;169;622;333
70;169;694;333
71;169;622;333
72;169;694;333
73;169;622;333
74;169;694;333
75;169;622;333
76;169;694;333
77;169;622;333
78;169;694;333
79;169;622;333
80;169;694;333
81;169;622;333
82;169;694;333
83;169;622;333
84;169;694;333
85;169;622;333
85;169;635;333
85;169;635;333
85;169;622;333
102;169;623;333
103;169;287;333
104;169;287;333
105;169;287;333
106;169;287;333
107;169;287;333
108;169;287;333
109;169;287;333
110;169;287;333
111;169;287;333
112;169;287;333
113;169;287;333
114;169;287;333
115;169;287;333
116;169;287;333
117;169;287;333
118;169;287;333
119;169;287;333
120;169;287;333
121;169;287;333
122;169;287;333
123;169;287;333
124;169;287;333
125;169;287;333
126;169;287;333
127;169;287;333
128;169;287;333
129;169;287;333
130;169;287;333
131;169;287;333
132;169;628;333
132;169;287;333
136;169;82;333
153;169;67;333
156;169;623;333
0;170;287;333
0;170;287;333
1;170;287;333
2;170;287;333
3;170;287;333
4;170;287;333
5;170;287;333
6;170;287;333
7;170;287;333
8;170;287;333
9;170;287;333
10;170;287;333
11;170;287;333
27;170;598;333
28;170;287;333
28;170;287;333
49;170;623;333
50;170;287;333
64;170;906;333
85;170;635;333
92;170;71;333
97;170;284;333
99;170;235;333
102;170;635;333
103;170;633;333
103;170;633;333
104;170;633;333
105;170;633;333
106;170;633;333
107;170;633;333
108;170;633;333
109;170;633;333
110;170;633;333
111;170;633;333
111;170;633;333
112;170;633;333
113;170;633;333
114;170;633;333
115;170;633;333
116;170;633;333
117;170;633;333
118;170;633;333
119;170;633;333
120;170;633;333
121;170;633;333
122;170;633;333
123;170;633;333
124;170;633;333
125;170;633;333
126;170;633;333
127;170;633;333
128;170;633;333
129;170;633;333
130;170;633;333
131;170;681;333
140;170;280;333
155;170;1367;333
156;170;623;333
0;171;622;333
1;171;622;333
2;171;622;333
3;171;622;333
4;171;622;333
5;171;622;333
6;171;622;333
7;171;622;333
8;171;622;333
9;171;622;333
10;171;630;333
11;171;287;333
27;171;623;333
28;171;287;333
49;171;623;333
50;171;287;333
64;171;904;333
85;171;635;333
93;171;197;333
102;171;635;333
131;171;635;333
156;171;623;333
10;172;623;333
11;172;287;333
27;172;597;333
28;172;287;333
49;172;623;333
50;172;257;333
50;172;287;333
60;172;46;333
60;172;255;333
64;172;906;333
85;172;635;333
102;172;655;333
131;172;635;333
146;172;3077;333
151;172;280;333
155;172;1367;333
156;172;623;333
10;173;623;333
11;173;287;333
27;173;598;333
28;173;287;333
48;173;2069;333
49;173;623;333
50;173;287;333
64;173;904;333
85;173;635;333
90;173;62;333
102;173;659;333
131;173;635;333
156;173;623;333
10;174;623;333
11;174;396;333
12;174;396;333
13;174;396;333
14;174;396;333
15;174;396;333
16;174;396;333
17;174;396;333
18;174;396;333
19;174;396;333
20;174;396;333
21;174;396;333
22;174;396;333
23;174;396;333
24;174;396;333
25;174;396;333
26;174;396;333
27;174;597;333
28;174;287;333
49;174;597;333
49;174;921;333
49;174;597;333
50;174;287;333
51;174;252;333
59;174;257;333
64;174;906;333
85;174;635;333
93;174;197;333
99;174;284;333
102;174;635;333
113;174;442;333
115;174;442;333
117;174;442;333
119;174;442;333
121;174;442;333
123;174;442;333
125;174;442;333
127;174;442;333
129;174;442;333
131;174;635;333
138;174;61;333
146;174;693;333
155;174;1367;333
156;174;623;333
10;175;597;333
10;175;481;333
27;175;904;333
49;175;904;333
57;175;256;333
61;175;257;333
63;175;46;333
64;175;904;333
85;175;635;333
85;175;221;333
96;175;631;333
100;175;631;333
102;175;635;333
102;175;2906;333
107;175;2079;333
110;175;2079;333
131;175;655;333
147;175;2874;333
156;175;623;333
10;176;483;333
27;176;906;333
49;176;906;333
61;176;252;333
64;176;906;333
85;176;655;333
96;176;284;333
99;176;277;333
102;176;635;333
102;176;211;333
131;176;659;333
139;176;3077;333
146;176;693;333
152;176;3077;333
155;176;1367;333
156;176;623;333
10;177;623;333
10;177;598;333
10;177;600;333
11;177;396;333
12;177;396;333
13;177;396;333
14;177;396;333
15;177;396;333
16;177;396;333
17;177;396;333
18;177;396;333
19;177;396;333
20;177;396;333
21;177;396;333
22;177;396;333
23;177;396;333
24;177;396;333
25;177;396;333
26;177;396;333
27;177;598;333
28;177;287;333
49;177;598;333
49;177;921;333
49;177;598;333
57;177;256;333
60;177;251;333
62;177;46;333
64;177;904;333
85;177;659;333
88;177;197;333
102;177;635;333
102;177;2906;333
113;177;441;333
115;177;441;333
117;177;441;333
119;177;441;333
121;177;441;333
123;177;441;333
125;177;441;333
127;177;441;333
129;177;441;333
131;177;635;333
156;177;623;333
10;178;623;333
27;178;597;333
28;178;287;333
48;178;2069;333
49;178;623;333
50;178;287;333
54;178;257;333
56;178;257;333
64;178;906;333
85;178;635;333
85;178;221;333
96;178;631;333
100;178;631;333
102;178;635;333
131;178;635;333
140;178;3077;333
155;178;1367;333
156;178;623;333
10;179;623;333
27;179;598;333
28;179;287;333
49;179;623;333
50;179;287;333
64;179;904;333
85;179;635;333
91;179;284;333
102;179;655;333
131;179;635;333
141;179;3077;333
153;179;278;333
156;179;623;333
10;180;623;333
11;180;287;333
27;180;623;333
28;180;287;333
49;180;623;333
50;180;287;333
56;180;46;333
56;180;255;333
64;180;906;333
85;180;635;333
97;180;197;333
102;180;659;333
131;180;635;333
155;180;1367;333
156;180;623;333
0;181;287;333
1;181;287;333
2;181;287;333
3;181;287;333
4;181;287;333
5;181;287;333
6;181;287;333
7;181;287;333
8;181;287;333
9;181;287;333
10;181;623;333
11;181;287;333
27;181;597;333
28;181;287;333
49;181;623;333
50;181;287;333
55;181;256;333
64;181;904;333
85;181;635;333
91;181;278;333
102;181;635;333
131;181;635;333
143;181;3077;333
156;181;623;333
0;182;628;333
1;182;628;333
2;182;628;333
3;182;628;333
4;182;628;333
5;182;628;333
6;182;628;333
7;182;628;333
8;182;628;333
9;182;628;333
10;182;627;333
11;182;287;333
27;182;598;333
28;182;287;333
49;182;623;333
50;182;287;333
63;182;251;333
64;182;906;333
85;182;635;333
101;182;272;333
102;182;635;333
103;182;632;333
104;182;632;333
105;182;632;333
106;182;632;333
107;182;632;333
108;182;632;333
109;182;632;333
110;182;632;333
111;182;632;333
112;182;632;333
113;182;632;333
114;182;632;333
115;182;632;333
116;182;632;333
117;182;632;333
118;182;632;333
119;182;632;333
120;182;632;333
121;182;632;333
122;182;632;333
123;182;632;333
124;182;632;333
125;182;632;333
126;182;632;333
127;182;632;333
128;182;632;333
129;182;632;333
130;182;632;333
131;182;683;333
132;182;628;333
155;182;1367;333
156;182;623;333
10;183;627;333
11;183;287;333
27;183;623;333
28;183;287;333
29;183;287;333
49;183;623;333
50;183;287;333
56;183;46;333
56;183;255;333
64;183;487;333
68;183;629;333
69;183;272;333
70;183;629;333
71;183;272;333
72;183;629;333
73;183;272;333
74;183;629;333
75;183;272;333
76;183;629;333
77;183;272;333
78;183;629;333
79;183;272;333
80;183;629;333
81;183;272;333
82;183;629;333
83;183;272;333
84;183;629;333
85;183;635;333
102;183;623;333
132;183;628;333
146;183;3077;333
150;183;79;333
152;183;334;333
156;183;623;333
10;184;627;333
11;184;287;333
27;184;623;333
28;184;287;333
29;184;287;333
29;184;287;333
30;184;287;333
31;184;287;333
32;184;287;333
33;184;287;333
34;184;287;333
35;184;287;333
36;184;287;333
37;184;287;333
38;184;287;333
39;184;287;333
40;184;287;333
41;184;287;333
42;184;287;333
43;184;287;333
44;184;287;333
45;184;287;333
46;184;287;333
47;184;287;333
48;184;287;333
49;184;623;333
50;184;287;333
50;184;287;333
64;184;623;333
67;184;287;333
68;184;287;333
69;184;287;333
70;184;287;333
71;184;287;333
72;184;287;333
73;184;287;333
74;184;287;333
75;184;287;333
76;184;287;333
77;184;287;333
78;184;287;333
79;184;287;333
80;184;287;333
81;184;287;333
82;184;287;333
83;184;287;333
84;184;287;333
85;184;287;333
85;184;635;333
85;184;287;333
102;184;623;333
132;184;628;333
139;184;67;333
143;184;222;333
155;184;1367;333
156;184;623;333
10;185;627;333
11;185;287;333
27;185;623;333
28;185;628;333
29;185;628;333
30;185;628;333
31;185;628;333
32;185;628;333
33;185;628;333
34;185;628;333
35;185;628;333
36;185;628;333
37;185;628;333
38;185;628;333
39;185;628;333
40;185;628;333
41;185;628;333
42;185;628;333
43;185;628;333
44;185;628;333
45;185;628;333
46;185;628;333
47;185;628;333
48;185;628;333
49;185;627;333
50;185;287;333
64;185;623;333
65;185;287;333
66;185;287;333
67;185;287;333
68;185;287;333
69;185;287;333
70;185;287;333
71;185;287;333
72;185;287;333
73;185;287;333
74;185;287;333
75;185;287;333
76;185;287;333
77;185;287;333
78;185;287;333
79;185;287;333
80;185;287;333
81;185;287;333
82;185;287;333
83;185;287;333
84;185;287;333
85;185;287;333
86;185;287;333
87;185;287;333
88;185;287;333
89;185;287;333
90;185;287;333
91;185;287;333
92;185;287;333
93;185;287;333
94;185;287;333
95;185;287;333
96;185;287;333
97;185;287;333
98;185;287;333
99;185;287;333
100;185;287;333
101;185;287;333
102;185;287;333
132;185;628;333
147;185;83;333
156;185;623;333
10;186;627;333
12;186;287;333
12;186;287;333
13;186;287;333
14;186;287;333
15;186;287;333
16;186;287;333
17;186;287;333
18;186;287;333
19;186;287;333
20;186;287;333
21;186;287;333
22;186;287;333
23;186;287;333
24;186;287;333
25;186;287;333
26;186;287;333
27;186;623;333
49;186;627;333
50;186;287;333
52;186;256;333
64;186;623;333
65;186;287;333
66;186;287;333
67;186;287;333
68;186;287;333
69;186;287;333
70;186;287;333
71;186;287;333
72;186;287;333
73;186;287;333
74;186;287;333
75;186;287;333
76;186;287;333
77;186;287;333
78;186;287;333
79;186;287;333
80;186;287;333
81;186;287;333
82;186;287;333
83;186;287;333
84;186;287;333
85;186;287;333
86;186;287;333
87;186;287;333
88;186;287;333
89;186;287;333
90;186;287;333
91;186;287;333
92;186;287;333
93;186;287;333
94;186;287;333
95;186;287;333
96;186;287;333
97;186;287;333
98;186;287;333
99;186;287;333
100;186;287;333
101;186;287;333
102;186;287;333
132;186;628;333
155;186;1367;333
156;186;623;333
10;187;629;333
11;187;628;333
12;187;628;333
13;187;628;333
14;187;628;333
15;187;628;333
16;187;628;333
17;187;628;333
18;187;628;333
19;187;628;333
20;187;628;333
21;187;628;333
22;187;628;333
23;187;628;333
24;187;628;333
25;187;628;333
26;187;628;333
27;187;628;333
49;187;627;333
50;187;287;333
51;187;287;333
52;187;287;333
53;187;287;333
54;187;46;333
54;187;255;333
54;187;287;333
55;187;287;333
56;187;287;333
57;187;287;333
58;187;46;333
58;187;255;333
58;187;287;333
59;187;287;333
60;187;287;333
61;187;287;333
62;187;287;333
63;187;287;333
64;187;623;333
65;187;287;333
66;187;287;333
67;187;287;333
68;187;287;333
69;187;287;333
70;187;287;333
71;187;287;333
72;187;287;333
73;187;287;333
74;187;287;333
75;187;287;333
76;187;287;333
77;187;287;333
78;187;287;333
79;187;287;333
80;187;287;333
81;187;287;333
82;187;287;333
83;187;287;333
84;187;287;333
85;187;287;333
86;187;287;333
87;187;287;333
88;187;287;333
89;187;287;333
90;187;287;333
91;187;287;333
92;187;287;333
93;187;287;333
94;187;287;333
95;187;287;333
96;187;287;333
97;187;287;333
98;187;287;333
99;187;287;333
100;187;287;333
101;187;287;333
102;187;287;333
132;187;628;333
156;187;623;333
49;188;628;333
50;188;628;333
51;188;628;333
52;188;628;333
53;188;628;333
54;188;628;333
55;188;628;333
56;188;628;333
57;188;628;333
58;188;628;333
59;188;628;333
60;188;628;333
61;188;628;333
62;188;627;333
62;188;628;333
63;188;627;333
63;188;628;333
64;188;628;333
65;188;287;333
66;188;287;333
67;188;287;333
68;188;287;333
69;188;287;333
70;188;287;333
71;188;287;333
72;188;287;333
73;188;287;333
74;188;287;333
75;188;287;333
76;188;287;333
77;188;287;333
78;188;287;333
79;188;287;333
80;188;287;333
81;188;287;333
82;188;287;333
83;188;287;333
84;188;287;333
85;188;287;333
86;188;287;333
87;188;287;333
88;188;287;333
89;188;287;333
90;188;287;333
91;188;287;333
92;188;287;333
93;188;287;333
94;188;287;333
95;188;287;333
96;188;287;333
97;188;287;333
98;188;287;333
99;188;287;333
100;188;287;333
101;188;287;333
102;188;287;333
132;188;628;333
155;188;1367;333
156;188;623;333
65;189;287;333
66;189;287;333
67;189;287;333
68;189;287;333
69;189;287;333
70;189;287;333
71;189;287;333
72;189;287;333
73;189;287;333
74;189;287;333
75;189;287;333
76;189;287;333
77;189;287;333
78;189;287;333
79;189;287;333
80;189;287;333
81;189;287;333
82;189;287;333
83;189;287;333
84;189;287;333
85;189;287;333
86;189;287;333
87;189;287;333
88;189;287;333
89;189;287;333
90;189;287;333
91;189;287;333
92;189;287;333
93;189;287;333
94;189;287;333
95;189;287;333
96;189;287;333
97;189;287;333
98;189;287;333
99;189;287;333
100;189;287;333
101;189;287;333
102;189;287;333
132;189;628;333
156;189;623;333
65;190;287;333
66;190;287;333
67;190;287;333
68;190;287;333
69;190;287;333
70;190;287;333
71;190;287;333
72;190;287;333
73;190;287;333
74;190;287;333
75;190;287;333
76;190;287;333
77;190;287;333
78;190;287;333
79;190;287;333
80;190;287;333
81;190;287;333
82;190;287;333
83;190;287;333
84;190;287;333
85;190;287;333
86;190;287;333
87;190;287;333
88;190;287;333
89;190;287;333
90;190;287;333
91;190;287;333
92;190;287;333
93;190;287;333
94;190;287;333
95;190;287;333
96;190;287;333
97;190;287;333
98;190;287;333
99;190;287;333
100;190;287;333
101;190;287;333
102;190;287;333
132;190;626;333
133;190;627;333
134;190;627;333
135;190;627;333
136;190;627;333
137;190;627;333
138;190;627;333
139;190;627;333
140;190;627;333
141;190;627;333
142;190;627;333
143;190;627;333
144;190;627;333
145;190;627;333
146;190;627;333
147;190;627;333
148;190;627;333
149;190;627;333
150;190;627;333
151;190;627;333
152;190;627;333
153;190;627;333
154;190;627;333
155;190;627;333
156;190;629;333
65;191;287;333
66;191;287;333
67;191;287;333
68;191;287;333
69;191;287;333
70;191;287;333
71;191;287;333
72;191;287;333
73;191;287;333
74;191;287;333
75;191;287;333
76;191;287;333
77;191;287;333
78;191;287;333
79;191;287;333
80;191;287;333
81;191;287;333
82;191;287;333
83;191;287;333
84;191;287;333
85;191;287;333
86;191;287;333
87;191;287;333
88;191;287;333
89;191;287;333
90;191;287;333
91;191;287;333
92;191;287;333
93;191;287;333
94;191;287;333
95;191;287;333
96;191;287;333
97;191;287;333
98;191;287;333
99;191;287;333
100;191;287;333
101;191;287;333
102;191;287;333
65;192;287;333
66;192;287;333
67;192;287;333
68;192;287;333
69;192;287;333
70;192;287;333
71;192;287;333
72;192;287;333
73;192;287;333
74;192;287;333
75;192;287;333
76;192;287;333
77;192;287;333
78;192;287;333
79;192;287;333
80;192;287;333
81;192;287;333
82;192;287;333
83;192;287;333
84;192;287;333
85;192;287;333
86;192;287;333
87;192;287;333
88;192;287;333
89;192;287;333
90;192;287;333
91;192;287;333
92;192;287;333
93;192;287;333
94;192;287;333
95;192;287;333
96;192;287;333
97;192;287;333
98;192;287;333
99;192;287;333
100;192;287;333
101;192;287;333
102;192;287;333
65;193;287;333
66;193;287;333
67;193;287;333
68;193;287;333
68;193;287;333
69;193;287;333
70;193;287;333
71;193;287;333
72;193;287;333
73;193;287;333
74;193;287;333
75;193;287;333
76;193;287;333
77;193;287;333
78;193;287;333
79;193;287;333
80;193;287;333
81;193;287;333
82;193;287;333
83;193;287;333
84;193;287;333
85;193;287;333
86;193;287;333
87;193;287;333
88;193;287;333
89;193;287;333
90;193;287;333
91;193;287;333
92;193;287;333
93;193;287;333
94;193;287;333
95;193;287;333
96;193;287;333
97;193;287;333
98;193;287;333
99;193;287;333
100;193;287;333
101;193;287;333
102;193;287;333
